0.000000000000000000e+00 3.908942700888116573e+00
1.000000000000000056e-01 1.877737291557693533e+00
2.000000000000000111e-01 3.130778634627629842e+00
3.000000000000000444e-01 3.439681082350222852e+00
4.000000000000000222e-01 2.823713014643074892e+00
5.000000000000000000e-01 2.420262758007126980e+00
6.000000000000000888e-01 2.226896377957672701e+00
7.000000000000000666e-01 3.390792315114046218e+00
8.000000000000000444e-01 3.087776382111966367e+00
9.000000000000000222e-01 3.102367260586674558e+00
1.000000000000000000e+00 3.740094660674411209e+00
1.100000000000000089e+00 2.356520989543374522e+00
1.200000000000000178e+00 5.160183154018566754e+00
1.300000000000000044e+00 3.234608304022436265e+00
1.400000000000000133e+00 3.120277626824440098e+00
1.500000000000000000e+00 4.916434744102439858e+00
1.600000000000000089e+00 7.404462813345091377e+00
1.700000000000000178e+00 7.396057823256511732e+00
1.800000000000000044e+00 7.047444669045522581e+00
1.900000000000000133e+00 6.808526336531635081e+00
2.000000000000000000e+00 6.530955705763211050e+00
2.100000000000000089e+00 2.214140725568215284e+00
2.200000000000000178e+00 5.186964649204489852e+00
2.300000000000000266e+00 4.872424741982910312e+00
2.400000000000000355e+00 6.424516729914880209e+00
2.500000000000000000e+00 5.727304807540492426e+00
2.600000000000000089e+00 6.566397987822807814e+00
2.700000000000000178e+00 5.223962313838932836e+00
2.800000000000000266e+00 2.208159962270364929e+00
2.900000000000000355e+00 3.776226081467003226e+00
3.000000000000000000e+00 2.934090457729890744e+00
3.100000000000000089e+00 3.100711410445691207e+00
3.200000000000000178e+00 2.078155614878509194e+00
3.300000000000000266e+00 1.100004337874172622e+00
3.400000000000000355e+00 1.982130247873824080e+00
3.500000000000000000e+00 1.942289775994734402e+00
3.600000000000000089e+00 2.642762834931139615e+00
3.700000000000000178e+00 2.613094106272709993e+00
3.800000000000000266e+00 3.793694833574916103e+00
3.900000000000000355e+00 4.211994160173370361e+00
4.000000000000000000e+00 5.318277076176141982e+00
4.100000000000000533e+00 4.911646226239206214e+00
4.200000000000000178e+00 2.911577508592785080e+00
4.299999999999999822e+00 3.967911197637740361e+00
4.400000000000000355e+00 3.810824953743600307e+00
4.500000000000000000e+00 2.665798515883995634e+00
4.600000000000000533e+00 3.549900991756079982e+00
4.700000000000000178e+00 3.677540159796571118e+00
4.800000000000000711e+00 2.593543255467031017e+00
4.900000000000000355e+00 1.527621548253620620e+00
5.000000000000000000e+00 2.211788534988812227e+00
5.100000000000000533e+00 2.458340384259445788e+00
5.200000000000000178e+00 3.045341761043509621e+00
5.300000000000000711e+00 2.639506570697470078e+00
5.400000000000000355e+00 3.315789758280029087e+00
5.500000000000000000e+00 2.067699885860660114e+00
5.600000000000000533e+00 1.779713982731249811e+00
5.700000000000000178e+00 2.568851591152153002e+00
5.800000000000000711e+00 2.158710985753293787e+00
5.900000000000000355e+00 2.258874121746612840e+00
6.000000000000000000e+00 2.052709616565910888e+00
6.100000000000000533e+00 2.997775104333276985e+00
6.200000000000000178e+00 3.238266385636191291e+00
6.300000000000000711e+00 2.135796418200122115e+00
6.400000000000000355e+00 1.233710884192420698e+00
6.500000000000000000e+00 1.504177162291859604e+00
6.600000000000000533e+00 1.824844488768813555e+00
6.700000000000000178e+00 2.475440163693787721e+00
6.800000000000000711e+00 1.632892009391852639e+00
6.900000000000000355e+00 1.380454469535931317e+00
7.000000000000000000e+00 1.360660013487767106e+00
7.100000000000000533e+00 1.831653996302904153e+00
7.200000000000000178e+00 1.320805524029791789e+00
7.300000000000000711e+00 1.380094779043236075e+00
7.400000000000000355e+00 1.877371031761197795e+00
7.500000000000000000e+00 1.454472958541842775e+00
7.600000000000000533e+00 1.946883298830634379e+00
7.700000000000000178e+00 2.258766789524407681e+00
7.800000000000000711e+00 2.851742786640443228e+00
7.900000000000000355e+00 1.722167457824521186e+00
8.000000000000000000e+00 1.237062844777369053e+00
8.099999999999999645e+00 1.547111804566426274e+00
8.200000000000001066e+00 1.593465083473987409e+00
8.300000000000000711e+00 2.170471787941758102e+00
8.400000000000000355e+00 1.587047686451881212e+00
8.500000000000000000e+00 3.612773584486081990e+00
8.599999999999999645e+00 2.685385966107786793e+00
8.700000000000001066e+00 3.327563860371520299e+00
8.800000000000000711e+00 3.781685544285048106e+00
8.900000000000000355e+00 4.324052152353514700e+00
9.000000000000000000e+00 3.214375252765200308e+00
9.099999999999999645e+00 2.506615029725899113e+00
9.200000000000001066e+00 2.309216701028856900e+00
9.300000000000000711e+00 1.547227335399319781e+00
9.400000000000000355e+00 3.397457650017708275e+00
9.500000000000000000e+00 1.812429708464043054e+00
9.600000000000001421e+00 1.670273994971429810e+00
9.700000000000001066e+00 1.712525094400911829e+00
9.800000000000000711e+00 2.232082935684091662e+00
9.900000000000000355e+00 3.561526370364202165e+00
1.000000000000000000e+01 3.362258193062410694e+00
1.010000000000000142e+01 2.227580183849052098e+00
1.020000000000000107e+01 3.527181088858436731e+00
1.030000000000000071e+01 3.402815790723628275e+00
1.040000000000000036e+01 4.119470588254583454e+00
1.050000000000000000e+01 3.497101939312309504e+00
1.060000000000000142e+01 1.627203199035375469e+00
1.070000000000000107e+01 1.643416381190529796e+00
1.080000000000000071e+01 2.290871867912043225e+00
1.090000000000000036e+01 2.905145477306358970e+00
1.100000000000000000e+01 1.469948339814422633e+00
1.110000000000000142e+01 1.603530303805521751e+00
1.120000000000000107e+01 1.080713094450179934e+00
1.130000000000000071e+01 1.378971903720642711e+00
1.140000000000000036e+01 1.354296017104936523e+00
1.150000000000000000e+01 1.704781447548460394e+00
1.160000000000000142e+01 3.346560491415275784e+00
1.170000000000000107e+01 2.612449688832038319e+00
1.180000000000000071e+01 2.049840497410983176e+00
1.190000000000000036e+01 3.080842255497497906e+00
1.200000000000000000e+01 3.042947764300037772e+00
1.210000000000000142e+01 1.938375633366959283e+00
1.220000000000000107e+01 1.583083445691594537e+00
1.230000000000000071e+01 2.124271574907234061e+00
1.240000000000000036e+01 2.181330482490276168e+00
1.250000000000000000e+01 1.623406577473281320e+00
1.260000000000000142e+01 1.521917102134476840e+00
1.270000000000000107e+01 2.292902706743702002e+00
1.280000000000000071e+01 1.465805532870072980e+00
1.290000000000000036e+01 1.311609566954422990e+00
1.300000000000000000e+01 1.774642114265617243e+00
1.310000000000000142e+01 1.480049680705300741e+00
1.320000000000000107e+01 1.626852858660020829e+00
1.330000000000000071e+01 1.772091187934160761e+00
1.340000000000000036e+01 1.260442728424798542e+00
1.350000000000000000e+01 1.856660514040045840e+00
1.360000000000000142e+01 2.105052827008406791e+00
1.370000000000000107e+01 3.591842137791420253e+00
1.380000000000000071e+01 3.708590352682908708e+00
1.390000000000000036e+01 2.737613788110154545e+00
1.400000000000000000e+01 2.068488948716467490e+00
1.410000000000000142e+01 1.826021240816819047e+00
1.420000000000000107e+01 2.625867324729759034e+00
1.430000000000000071e+01 2.346285150327470426e+00
1.440000000000000036e+01 4.633462112608529360e+00
1.450000000000000000e+01 4.590059271391783824e+00
1.460000000000000142e+01 4.142547288117574666e+00
1.470000000000000107e+01 5.334792103926094597e+00
1.480000000000000071e+01 4.266503763970586505e+00
1.490000000000000036e+01 2.005662779959809683e+00
1.500000000000000000e+01 1.621977647478804352e+00
1.510000000000000142e+01 2.709854494965228344e+00
1.520000000000000107e+01 2.980517422758352630e+00
1.530000000000000071e+01 3.660872979544756323e+00
1.540000000000000036e+01 2.751093999599368622e+00
1.550000000000000000e+01 2.994594200197014278e+00
1.560000000000000142e+01 2.495625058455288148e+00
1.570000000000000107e+01 4.853587581020555319e+00
1.580000000000000071e+01 3.904745828852146605e+00
1.590000000000000036e+01 2.567838115779474073e+00
1.600000000000000000e+01 2.270229621236364626e+00
1.610000000000000142e+01 1.875004906117280434e+00
1.619999999999999929e+01 1.498647528243258531e+00
1.630000000000000071e+01 1.273232111141916478e+00
1.640000000000000213e+01 1.247785275459809773e+00
1.650000000000000000e+01 1.384744206629284768e+00
1.660000000000000142e+01 1.669499481993539813e+00
1.669999999999999929e+01 1.849299579130116777e+00
1.680000000000000071e+01 1.893014664553857695e+00
1.690000000000000213e+01 1.406895666371899001e+00
1.700000000000000000e+01 1.529669270573823292e+00
1.710000000000000142e+01 1.533473545309513852e+00
1.719999999999999929e+01 2.236927739883806332e+00
1.730000000000000071e+01 1.695916698492512475e+00
1.740000000000000213e+01 1.719490923976660479e+00
1.750000000000000000e+01 2.535190237372418220e+00
1.760000000000000142e+01 2.364477825127650146e+00
1.769999999999999929e+01 2.011643318496972643e+00
1.780000000000000071e+01 1.332738065593753296e+00
1.790000000000000213e+01 1.524636067324276478e+00
1.800000000000000000e+01 1.197656695080604017e+00
1.810000000000000142e+01 1.253322676170697259e+00
1.819999999999999929e+01 1.266369299168151219e+00
1.830000000000000071e+01 1.090772020569094058e+00
1.840000000000000213e+01 1.241124834936164323e+00
1.850000000000000000e+01 1.345790259960576662e+00
1.860000000000000142e+01 1.089328780965230337e+00
1.869999999999999929e+01 1.404555888325757174e+00
1.880000000000000071e+01 1.276075660485599839e+00
1.890000000000000213e+01 1.098782331203037588e+00
1.900000000000000000e+01 1.113710873625973541e+00
1.910000000000000142e+01 1.318750288553826699e+00
1.920000000000000284e+01 1.219533762061641990e+00
1.930000000000000071e+01 1.276524373590960826e+00
1.940000000000000213e+01 1.524706637152670297e+00
1.950000000000000000e+01 1.849216705780500014e+00
1.960000000000000142e+01 1.698660849024883790e+00
1.970000000000000284e+01 1.264529062964300676e+00
1.980000000000000071e+01 1.733737501543726411e+00
1.990000000000000213e+01 1.570086058044598554e+00
2.000000000000000000e+01 1.600401492584768492e+00
2.010000000000000142e+01 1.746063475494177730e+00
2.020000000000000284e+01 1.182746597567802871e+00
2.030000000000000071e+01 1.585144110504761894e+00
2.040000000000000213e+01 1.470016157582732630e+00
2.050000000000000000e+01 1.388388409102273346e+00
2.060000000000000142e+01 1.548107463932372641e+00
2.070000000000000284e+01 2.093707212057312805e+00
2.080000000000000071e+01 1.575313674420422361e+00
2.090000000000000213e+01 1.575530932677877471e+00
2.100000000000000000e+01 1.805734079585453511e+00
2.110000000000000142e+01 1.366488330833353082e+00
2.120000000000000284e+01 1.322208774773331097e+00
2.130000000000000071e+01 1.471909406434372292e+00
2.140000000000000213e+01 1.230702563120350534e+00
2.150000000000000000e+01 1.443909386384205407e+00
2.160000000000000142e+01 1.839061444401335788e+00
2.170000000000000284e+01 1.980268624668117594e+00
2.180000000000000071e+01 3.191369335353916536e+00
2.190000000000000213e+01 2.559405203035607368e+00
2.200000000000000000e+01 1.408669140087225546e+00
2.210000000000000142e+01 1.406441514938320925e+00
2.220000000000000284e+01 1.278819653312824212e+00
2.230000000000000071e+01 1.602282468339092825e+00
2.240000000000000213e+01 1.479470797442275609e+00
2.250000000000000000e+01 1.279387989123399683e+00
2.260000000000000142e+01 1.117468501229375910e+00
2.270000000000000284e+01 1.407916388145109332e+00
2.280000000000000071e+01 1.295937926243686755e+00
2.290000000000000213e+01 1.539231330899577976e+00
2.300000000000000000e+01 2.262176535192968352e+00
2.310000000000000142e+01 2.333121362123848019e+00
2.320000000000000284e+01 1.391608573421298622e+00
2.330000000000000071e+01 1.658297607464521928e+00
2.340000000000000213e+01 2.956147594524096256e+00
2.350000000000000000e+01 2.316909739682682545e+00
2.360000000000000142e+01 2.329708432555481323e+00
2.370000000000000284e+01 1.424488104748384609e+00
2.380000000000000071e+01 1.855792041984548391e+00
2.390000000000000213e+01 1.392243216106939574e+00
2.400000000000000000e+01 1.555852370429785747e+00
2.410000000000000142e+01 1.781457747555261539e+00
2.420000000000000284e+01 1.659955594978022253e+00
2.430000000000000071e+01 1.420905713159308803e+00
2.440000000000000213e+01 1.040136614973810714e+00
2.450000000000000000e+01 1.431473574538628668e+00
2.460000000000000142e+01 1.846771671451455710e+00
2.470000000000000284e+01 3.274520797615267487e+00
2.480000000000000071e+01 1.593819703682905597e+00
2.490000000000000213e+01 1.529661211083362726e+00
2.500000000000000000e+01 1.632858541823788867e+00
2.510000000000000142e+01 2.177693471113558932e+00
2.520000000000000284e+01 1.486933705682582874e+00
2.530000000000000071e+01 2.189991867293362482e+00
2.540000000000000213e+01 2.489501224272999025e+00
2.550000000000000000e+01 2.674737802182668212e+00
2.560000000000000142e+01 1.924680118587535516e+00
2.570000000000000284e+01 2.667511767367302333e+00
2.580000000000000071e+01 4.071632103221560328e+00
2.590000000000000213e+01 3.335651411519266141e+00
2.600000000000000000e+01 1.997251469670437984e+00
2.610000000000000142e+01 3.280495410112649779e+00
2.620000000000000284e+01 4.128693168322716822e+00
2.630000000000000071e+01 2.980029845814778700e+00
2.640000000000000213e+01 5.052540325248583208e+00
2.650000000000000000e+01 3.824567162594494363e+00
2.660000000000000142e+01 2.308284467574704291e+00
2.670000000000000284e+01 2.245531005008905900e+00
2.680000000000000071e+01 2.233514973315610774e+00
2.690000000000000213e+01 2.075681680060022405e+00
2.700000000000000000e+01 1.573128761582169632e+00
2.710000000000000142e+01 2.056012623076290957e+00
2.720000000000000284e+01 2.177423211003622683e+00
2.730000000000000071e+01 1.750304263639546054e+00
2.740000000000000213e+01 1.832386860861651146e+00
2.750000000000000000e+01 1.699693673837364027e+00
2.760000000000000142e+01 2.870244877523705274e+00
2.770000000000000284e+01 2.297493918783931832e+00
2.780000000000000071e+01 2.116693136369542483e+00
2.790000000000000213e+01 1.603495302501959152e+00
2.800000000000000000e+01 3.710361832780598057e+00
2.810000000000000142e+01 1.833226216013102539e+00
2.820000000000000284e+01 1.469738895607523910e+00
2.830000000000000071e+01 1.415684714124422872e+00
2.840000000000000213e+01 1.850542609763460522e+00
2.850000000000000000e+01 1.813198743031018578e+00
2.860000000000000142e+01 3.242669714742389075e+00
2.870000000000000284e+01 3.884746756386730837e+00
2.880000000000000071e+01 1.818078981174459319e+00
2.890000000000000213e+01 2.625590184440016461e+00
2.900000000000000000e+01 3.048950948582201725e+00
2.910000000000000142e+01 2.934522324692880435e+00
2.920000000000000284e+01 3.895168655357056142e+00
2.930000000000000071e+01 1.823395670379995614e+00
2.940000000000000213e+01 1.896906519661149648e+00
2.950000000000000000e+01 4.666307851047263533e+00
2.960000000000000142e+01 3.157952913508659698e+00
2.970000000000000284e+01 2.409126837926057529e+00
2.980000000000000071e+01 2.231708263032039508e+00
2.990000000000000213e+01 1.937595606794144665e+00
3.000000000000000000e+01 2.061020499938932993e+00
3.010000000000000142e+01 1.806032016038447985e+00
3.020000000000000284e+01 1.708185217643445331e+00
3.030000000000000071e+01 1.634495295131259240e+00
3.040000000000000213e+01 1.642239312156234199e+00
3.050000000000000000e+01 4.255502478929999555e+00
3.060000000000000142e+01 3.339000049096091161e+00
3.070000000000000284e+01 2.040883483105077723e+00
3.080000000000000071e+01 4.519067603060745952e+00
3.090000000000000213e+01 5.230320192951167790e+00
3.100000000000000000e+01 2.201967373538328054e+00
3.110000000000000142e+01 4.574898130309178690e+00
3.120000000000000284e+01 2.999880527274803921e+00
3.130000000000000071e+01 1.766658428047677587e+00
3.140000000000000213e+01 2.071330753043067130e+00
3.150000000000000000e+01 1.995177655164424468e+00
3.160000000000000142e+01 2.208249621019735986e+00
3.170000000000000284e+01 2.361413436379191211e+00
3.180000000000000071e+01 1.229230383970652429e+00
3.190000000000000213e+01 1.686089337633507990e+00
3.200000000000000000e+01 1.787169167041699369e+00
3.210000000000000142e+01 1.354705035789219858e+00
3.220000000000000284e+01 2.064735574775774296e+00
3.230000000000000426e+01 1.865781470169769030e+00
3.239999999999999858e+01 3.595883747324202240e+00
3.250000000000000000e+01 1.645200310202300509e+00
3.260000000000000142e+01 2.672341051986261817e+00
3.270000000000000284e+01 6.524154647038406196e+00
3.280000000000000426e+01 6.657440627368969466e+00
3.289999999999999858e+01 5.668430419810417398e+00
3.300000000000000000e+01 1.220010561423591788e+01
3.310000000000000142e+01 2.789123596573210406e+00
3.320000000000000284e+01 2.081684229960279797e+00
3.330000000000000426e+01 1.796430374554952358e+00
3.339999999999999858e+01 1.982497862953435774e+00
3.350000000000000000e+01 1.983549857390537463e+00
3.360000000000000142e+01 3.441894900860974271e+00
3.370000000000000284e+01 1.760075625172710323e+00
3.380000000000000426e+01 3.705299034964347538e+00
3.389999999999999858e+01 2.503629918557586542e+00
3.400000000000000000e+01 3.447683020978215218e+00
3.410000000000000142e+01 2.076771521558354205e+00
3.420000000000000284e+01 1.480870394538616575e+00
3.430000000000000426e+01 2.643935622420724219e+00
3.439999999999999858e+01 2.241423432663473658e+00
3.450000000000000000e+01 3.845967247419171287e+00
3.460000000000000142e+01 4.190197384358885557e+00
3.470000000000000284e+01 4.569523295244287020e+00
3.480000000000000426e+01 5.199972637602023440e+00
3.489999999999999858e+01 4.235272272538606941e+00
3.500000000000000000e+01 4.346644592327869816e+00
3.510000000000000142e+01 4.142436912690330431e+00
3.520000000000000284e+01 2.307870876062142695e+00
3.530000000000000426e+01 1.772800830342707412e+00
3.539999999999999858e+01 2.829280329849683806e+00
3.550000000000000000e+01 2.912203095711201950e+00
3.560000000000000142e+01 1.940070034988187642e+00
3.570000000000000284e+01 2.255582559626406525e+00
3.580000000000000426e+01 1.499459058067343697e+00
3.589999999999999858e+01 3.466788598151099077e+00
3.600000000000000000e+01 1.754550898500799594e+00
3.610000000000000142e+01 2.601415770995125332e+00
3.620000000000000284e+01 1.951507823314687196e+00
3.630000000000000426e+01 3.159019490801915353e+00
3.639999999999999858e+01 1.827338155674988585e+00
3.650000000000000000e+01 1.458594721948506034e+00
3.660000000000000142e+01 1.979953918069029317e+00
3.670000000000000284e+01 4.203182969289215087e+00
3.680000000000000426e+01 5.995193841728050366e+00
3.689999999999999858e+01 1.013845450609259480e+01
3.700000000000000000e+01 5.455376528412576143e+00
3.710000000000000142e+01 4.318182236902726956e+00
3.720000000000000284e+01 3.030874233267866202e+00
3.730000000000000426e+01 1.857725254783697544e+00
3.739999999999999858e+01 1.525195746512347128e+00
3.750000000000000000e+01 1.495391532563766335e+00
3.760000000000000142e+01 1.346833892175142156e+00
3.770000000000000284e+01 2.161347078148012635e+00
3.780000000000000426e+01 2.331320599027685514e+00
3.789999999999999858e+01 2.406596812674687502e+00
3.800000000000000000e+01 1.384541065332316245e+00
3.810000000000000142e+01 1.289337516615417734e+00
3.820000000000000284e+01 2.164986607293212906e+00
3.830000000000000426e+01 2.153989691360502334e+00
3.840000000000000568e+01 2.343216281978817150e+00
3.850000000000000000e+01 2.670322087346577167e+00
3.860000000000000142e+01 2.750104094890698736e+00
3.870000000000000284e+01 1.706766393737535692e+00
3.880000000000000426e+01 2.963682980984807092e+00
3.890000000000000568e+01 2.505541601621551262e+00
3.900000000000000000e+01 4.299700516062941347e+00
3.910000000000000142e+01 3.316490408955996116e+00
3.920000000000000284e+01 2.104831252630371186e+00
3.930000000000000426e+01 1.935212896283680317e+00
3.940000000000000568e+01 1.422240856045643875e+00
3.950000000000000000e+01 1.549781548427352496e+00
3.960000000000000142e+01 1.418717118981641878e+00
3.970000000000000284e+01 2.262545536082810393e+00
3.980000000000000426e+01 1.803412642736750726e+00
3.990000000000000568e+01 1.232199985287758759e+00
4.000000000000000000e+01 2.691005128156358950e+00
4.010000000000000142e+01 6.268826112537864148e+00
4.020000000000000284e+01 2.220891572664369651e+00
4.030000000000000426e+01 1.484435048712096972e+00
4.040000000000000568e+01 1.481311657283036931e+00
4.050000000000000000e+01 1.299179869294653011e+00
4.060000000000000142e+01 1.380777639129035839e+00
4.070000000000000284e+01 2.179733694864483429e+00
4.080000000000000426e+01 2.372000777244247960e+00
4.090000000000000568e+01 2.650538075456859932e+00
4.100000000000000000e+01 2.505702960762220322e+00
4.110000000000000142e+01 2.371801315468649030e+00
4.120000000000000284e+01 3.578249891841199126e+00
4.130000000000000426e+01 1.937910145800353812e+00
4.140000000000000568e+01 1.844906120125114457e+00
4.150000000000000000e+01 4.013850251243702871e+00
4.160000000000000142e+01 1.412459671155740670e+00
4.170000000000000284e+01 1.609460551785769855e+00
4.180000000000000426e+01 1.465907787371415472e+00
4.190000000000000568e+01 2.295727531100687280e+00
4.200000000000000000e+01 2.057416897659803734e+00
4.210000000000000142e+01 1.597089923180397886e+00
4.220000000000000284e+01 2.607681589413338052e+00
4.230000000000000426e+01 1.868647937381424873e+00
4.240000000000000568e+01 1.454964569375066796e+00
4.250000000000000000e+01 1.270599991091628356e+00
4.260000000000000142e+01 1.490963431408133921e+00
4.270000000000000284e+01 1.340391765933745871e+00
4.280000000000000426e+01 1.151416025052296677e+00
4.290000000000000568e+01 1.301271607321976553e+00
4.300000000000000000e+01 1.844069639988913156e+00
4.310000000000000142e+01 1.543138523570115384e+00
4.320000000000000284e+01 1.654361569135196053e+00
4.330000000000000426e+01 1.530586491504111857e+00
4.340000000000000568e+01 2.438745434445875215e+00
4.350000000000000000e+01 2.632695188200318448e+00
4.360000000000000142e+01 1.613622878109365777e+00
4.370000000000000284e+01 1.359491027734726520e+00
4.380000000000000426e+01 1.688186296522225183e+00
4.390000000000000568e+01 1.926327077532770105e+00
4.400000000000000000e+01 3.914162384648571802e+00
4.410000000000000142e+01 2.926297752300532018e+00
4.420000000000000284e+01 2.382755526927028633e+00
4.430000000000000426e+01 3.415667369468080583e+00
4.440000000000000568e+01 2.702594182055473304e+00
4.450000000000000000e+01 3.699136420053525942e+00
4.460000000000000142e+01 2.707703195578648803e+00
4.470000000000000284e+01 2.329015163107156727e+00
4.480000000000000426e+01 2.557475795959232912e+00
4.490000000000000568e+01 1.641382809742421900e+00
4.500000000000000000e+01 1.413575866507051471e+00
4.510000000000000142e+01 1.500578088260969389e+00
4.520000000000000284e+01 2.228406697598259711e+00
4.530000000000000426e+01 2.020421997623644828e+00
4.540000000000000568e+01 1.529100816670369900e+00
4.550000000000000000e+01 1.925876288356798138e+00
4.560000000000000142e+01 1.935717358070576433e+00
4.570000000000000284e+01 1.511097307113022259e+00
4.580000000000000426e+01 1.409360441015522269e+00
4.590000000000000568e+01 2.749105195893557063e+00
4.600000000000000000e+01 2.426363055431498328e+00
4.610000000000000142e+01 2.305007929601821548e+00
4.620000000000000284e+01 2.285268505741635092e+00
4.630000000000000426e+01 1.715399715060769603e+00
4.640000000000000568e+01 1.787388458173476913e+00
4.650000000000000000e+01 2.443197066974043263e+00
4.660000000000000142e+01 1.707514362592062351e+00
4.670000000000000284e+01 1.793218779151316777e+00
4.680000000000000426e+01 2.231012285298723086e+00
4.690000000000000568e+01 1.531869204936071815e+00
4.700000000000000000e+01 1.383530538829039980e+00
4.710000000000000142e+01 1.804282219794665743e+00
4.720000000000000284e+01 1.809372789469199994e+00
4.730000000000000426e+01 1.890827873333608133e+00
4.740000000000000568e+01 1.740673538688250144e+00
4.750000000000000000e+01 3.800803132993280986e+00
4.760000000000000142e+01 4.929725919045067073e+00
4.770000000000000284e+01 4.447921543008767742e+00
4.780000000000000426e+01 3.715028652152390976e+00
4.790000000000000568e+01 2.840509382131660931e+00
4.800000000000000000e+01 1.893765832101415025e+00
4.810000000000000142e+01 2.681557395447879077e+00
4.820000000000000284e+01 5.578960355587539333e+00
4.830000000000000426e+01 5.130573603304836361e+00
4.840000000000000568e+01 2.984423140535847452e+00
4.850000000000000000e+01 1.644596240213535676e+00
4.860000000000000142e+01 2.557131036467760854e+00
4.870000000000000284e+01 3.213569451125925625e+00
4.880000000000000426e+01 2.022959406109624325e+00
4.890000000000000568e+01 2.977255582152665614e+00
4.900000000000000000e+01 2.684247681885624903e+00
4.910000000000000142e+01 1.543543203903249728e+00
4.920000000000000284e+01 1.389133243896063963e+00
4.930000000000000426e+01 1.461241011115998578e+00
4.940000000000000568e+01 1.228383086512479849e+00
4.950000000000000000e+01 2.026210076263910587e+00
4.960000000000000142e+01 2.204553276607949641e+00
4.970000000000000284e+01 2.068312378835494680e+00
4.980000000000000426e+01 4.782507464629442318e+00
4.990000000000000568e+01 5.094967704883551107e+00
5.000000000000000000e+01 5.069516628983190998e+00
5.010000000000000142e+01 4.613701943649573423e+00
5.020000000000000284e+01 4.062586681755417040e+00
5.030000000000000426e+01 4.580848091091376695e+00
5.040000000000000568e+01 3.880008500617942779e+00
5.050000000000000000e+01 2.339606585571845088e+00
5.060000000000000142e+01 2.368418916227822191e+00
5.070000000000000284e+01 1.720153103506224745e+00
5.080000000000000426e+01 1.462881103365599733e+00
5.090000000000000568e+01 2.041327521407994006e+00
5.100000000000000000e+01 1.621996386817919689e+00
5.110000000000000142e+01 2.360052389866949429e+00
5.120000000000000284e+01 2.368704578583435971e+00
5.130000000000000426e+01 1.245148503262476281e+00
5.140000000000000568e+01 1.435000308975782790e+00
5.150000000000000000e+01 2.168252034867369726e+00
5.160000000000000142e+01 3.579360078152328484e+00
5.170000000000000284e+01 1.584498424071390188e+00
5.180000000000000426e+01 1.948292851887988730e+00
5.190000000000000568e+01 2.143289956495923132e+00
5.200000000000000000e+01 1.848449395505145976e+00
5.210000000000000142e+01 1.797749773517724137e+00
5.220000000000000284e+01 2.646516677741660661e+00
5.230000000000000426e+01 2.108826026311265256e+00
5.240000000000000568e+01 1.699438899715365991e+00
5.250000000000000000e+01 1.989266039208236192e+00
5.260000000000000142e+01 1.281310131505335015e+00
5.270000000000000284e+01 1.530448265193176560e+00
5.280000000000000426e+01 1.447214279312358576e+00
5.290000000000000568e+01 1.498624355721366319e+00
5.300000000000000000e+01 2.726535260296913066e+00
5.310000000000000142e+01 1.741570242097152166e+00
5.320000000000000284e+01 2.604396305963925684e+00
5.330000000000000426e+01 2.930222633920529951e+00
5.340000000000000568e+01 1.610393327992452051e+00
5.350000000000000000e+01 2.568088304442629699e+00
5.360000000000000142e+01 2.042164924995178765e+00
5.370000000000000284e+01 1.387451080739298792e+00
5.380000000000000426e+01 1.461697208183151853e+00
5.390000000000000568e+01 1.393557837531301136e+00
5.400000000000000000e+01 1.580454938037190615e+00
5.410000000000000142e+01 3.206000247695821592e+00
5.420000000000000284e+01 2.109350128458254758e+00
5.430000000000000426e+01 1.444314738600078085e+00
5.440000000000000568e+01 1.622525105884216945e+00
5.450000000000000000e+01 1.558747963998908581e+00
5.460000000000000142e+01 1.391904756110130759e+00
5.470000000000000284e+01 1.448745989571894377e+00
5.480000000000000426e+01 1.563895686471953761e+00
5.490000000000000568e+01 1.685302581728280513e+00
5.500000000000000000e+01 1.140333728878674791e+00
5.510000000000000142e+01 1.369703999883058465e+00
5.520000000000000284e+01 1.664657366283392115e+00
5.530000000000000426e+01 1.637978981627261410e+00
5.540000000000000568e+01 2.119159712126607253e+00
5.550000000000000000e+01 1.944637182724920921e+00
5.560000000000000142e+01 2.119611095291054959e+00
5.570000000000000284e+01 1.589098023147249128e+00
5.580000000000000426e+01 1.631639104365399273e+00
5.590000000000000568e+01 1.574953910104295085e+00
5.600000000000000000e+01 2.676765063891171081e+00
5.610000000000000142e+01 1.835734944263851531e+00
5.620000000000000284e+01 1.333082342219831906e+00
5.630000000000000426e+01 1.955256342262184699e+00
5.640000000000000568e+01 1.789939603513940769e+00
5.650000000000000000e+01 1.553940733221067072e+00
5.660000000000000142e+01 2.668962653195975143e+00
5.670000000000000284e+01 1.959093406323506148e+00
5.680000000000000426e+01 1.675435502595246984e+00
5.690000000000000568e+01 1.396733171882795110e+00
5.700000000000000000e+01 1.916876977817644656e+00
5.710000000000000142e+01 3.489881699880159172e+00
5.720000000000000284e+01 2.294458560154592597e+00
5.730000000000000426e+01 1.519018943440094915e+00
5.740000000000000568e+01 2.106522206195102331e+00
5.750000000000000000e+01 1.998061736447770409e+00
5.760000000000000142e+01 2.124016972946363158e+00
5.770000000000000284e+01 1.437110816309842720e+00
5.780000000000000426e+01 1.865118168929532638e+00
5.790000000000000568e+01 2.389435535891184070e+00
5.800000000000000000e+01 1.701265662874071660e+00
5.810000000000000142e+01 1.569631236518619355e+00
5.820000000000000284e+01 1.286012681550368963e+00
5.830000000000000426e+01 1.320286345398222982e+00
5.840000000000000568e+01 1.074192647917225463e+00
5.850000000000000000e+01 1.073780274651797262e+00
5.860000000000000142e+01 1.425441934584310788e+00
5.870000000000000284e+01 1.574646124322815144e+00
5.880000000000000426e+01 1.586218180982028825e+00
5.890000000000000568e+01 1.893277687506989881e+00
5.900000000000000000e+01 2.686383941089694805e+00
5.910000000000000142e+01 2.020945252736134901e+00
5.920000000000000284e+01 1.726139846771323372e+00
5.930000000000000426e+01 2.663180758255838221e+00
5.940000000000000568e+01 2.375250494503265752e+00
5.950000000000000000e+01 1.994498082053534294e+00
5.960000000000000142e+01 2.857583346238472100e+00
5.970000000000000284e+01 3.285189494888657080e+00
5.980000000000000426e+01 2.758067791496640275e+00
5.990000000000000568e+01 3.233600065253813938e+00
6.000000000000000000e+01 1.729779703748134612e+00
6.010000000000000142e+01 2.061236686650311789e+00
6.020000000000000284e+01 1.210602629907305161e+00
6.030000000000000426e+01 2.063149813002260302e+00
6.040000000000000568e+01 2.567502861525999602e+00
6.050000000000000000e+01 1.924280473728141150e+00
6.060000000000000142e+01 1.125736680260610800e+00
6.070000000000000284e+01 1.311481651072909704e+00
6.080000000000000426e+01 1.463444625285735379e+00
6.090000000000000568e+01 2.528740069655806000e+00
6.100000000000000000e+01 2.309105461332416898e+00
6.110000000000000142e+01 2.857616494474899405e+00
6.120000000000000284e+01 1.710742838639412566e+00
6.130000000000000426e+01 1.148175909816051554e+00
6.140000000000000568e+01 1.775156477898232055e+00
6.150000000000000000e+01 2.820123302034996282e+00
6.160000000000000142e+01 2.538924242498254102e+00
6.170000000000000284e+01 2.050399939562070006e+00
6.180000000000000426e+01 2.268078526631223113e+00
6.190000000000000568e+01 2.567029300406993286e+00
6.200000000000000000e+01 3.096503455121229820e+00
6.210000000000000142e+01 3.980844950252661718e+00
6.220000000000000284e+01 4.145383986478491600e+00
6.230000000000000426e+01 2.214677351108950809e+00
6.240000000000000568e+01 6.223535776666272668e+00
6.250000000000000000e+01 6.460125917646919902e+00
6.260000000000000142e+01 3.827782541067212829e+00
6.270000000000000284e+01 3.601264442960870671e+00
6.280000000000000426e+01 3.173017379612779632e+00
6.290000000000000568e+01 2.446316277720096188e+00
6.300000000000000000e+01 2.264661656636719478e+00
6.310000000000000142e+01 4.321696324958803181e+00
6.320000000000000284e+01 2.006156412302344982e+00
6.330000000000000426e+01 2.568141427401004151e+00
6.340000000000000568e+01 1.218754044119970681e+00
6.350000000000000000e+01 1.818049786291616510e+00
6.360000000000000142e+01 2.372072136593751601e+00
6.370000000000000284e+01 2.160460383268464124e+00
6.380000000000000426e+01 1.611956226126501690e+00
6.390000000000000568e+01 2.953670983067849587e+00
6.400000000000000000e+01 1.947419663396181333e+00
6.410000000000000853e+01 1.424211318931862147e+00
6.420000000000000284e+01 1.844447041346765515e+00
6.429999999999999716e+01 1.659028042943358594e+00
6.440000000000000568e+01 1.791346563991911278e+00
6.450000000000000000e+01 1.215941894386389999e+00
6.460000000000000853e+01 1.310674356214530656e+00
6.470000000000000284e+01 1.668701346875609781e+00
6.479999999999999716e+01 1.496912482361927088e+00
6.490000000000000568e+01 1.688436813674275339e+00
6.500000000000000000e+01 2.415713991263405358e+00
6.510000000000000853e+01 2.143274793392186517e+00
6.520000000000000284e+01 2.580653516414194382e+00
6.529999999999999716e+01 2.671741078089255872e+00
6.540000000000000568e+01 2.926017092856231461e+00
6.550000000000000000e+01 3.833525192519493974e+00
6.560000000000000853e+01 1.399694102814469820e+00
6.570000000000000284e+01 1.124969396223705065e+00
6.579999999999999716e+01 1.340273402051416873e+00
6.590000000000000568e+01 3.139897345402720585e+00
6.600000000000000000e+01 2.254838821608485144e+00
6.610000000000000853e+01 1.893256417503422773e+00
6.620000000000000284e+01 1.897123668509760108e+00
6.629999999999999716e+01 1.739245507444699745e+00
6.640000000000000568e+01 2.160115884846203649e+00
6.650000000000000000e+01 2.686564206239630881e+00
6.660000000000000853e+01 1.516759937980431738e+00
6.670000000000000284e+01 1.555621371721828794e+00
6.679999999999999716e+01 4.454543437849636689e+00
6.690000000000000568e+01 4.549425843388903878e+00
6.700000000000000000e+01 3.518183624913778118e+00
6.710000000000000853e+01 2.223835133302989764e+00
6.720000000000000284e+01 2.168313424439109571e+00
6.729999999999999716e+01 3.424375366706324364e+00
6.740000000000000568e+01 2.938739054532270689e+00
6.750000000000000000e+01 2.254224299323666081e+00
6.760000000000000853e+01 1.901453470247166377e+00
6.770000000000000284e+01 3.623197033796602184e+00
6.779999999999999716e+01 1.462345475656005478e+00
6.790000000000000568e+01 3.077440403608576514e+00
6.800000000000000000e+01 2.085263526133869227e+00
6.810000000000000853e+01 1.379230897647298226e+00
6.820000000000000284e+01 1.398233414638587746e+00
6.829999999999999716e+01 1.758683001191731154e+00
6.840000000000000568e+01 2.010044353499378822e+00
6.850000000000000000e+01 2.210947860390358954e+00
6.860000000000000853e+01 2.264669827139357938e+00
6.870000000000000284e+01 4.063613547160369599e+00
6.879999999999999716e+01 2.474751147014425445e+00
6.890000000000000568e+01 1.704486456317895193e+00
6.900000000000000000e+01 1.743963514345184374e+00
6.910000000000000853e+01 2.587462245081308954e+00
6.920000000000000284e+01 2.932773911530866862e+00
6.929999999999999716e+01 3.502592108377052149e+00
6.940000000000000568e+01 4.273962909050292858e+00
6.950000000000000000e+01 3.432877050936837815e+00
6.960000000000000853e+01 3.036006436115124441e+00
6.970000000000000284e+01 4.606674438522573745e+00
6.979999999999999716e+01 2.025033691904860156e+00
6.990000000000000568e+01 2.289327035970337931e+00
7.000000000000000000e+01 2.193165117050074553e+00
7.010000000000000853e+01 3.817267448527307483e+00
7.020000000000000284e+01 2.416843241469452508e+00
7.029999999999999716e+01 2.228505583580704386e+00
7.040000000000000568e+01 1.448753050858671676e+00
7.050000000000000000e+01 1.220009829148748226e+00
7.060000000000000853e+01 1.207116596817132237e+00
7.070000000000000284e+01 2.399074211649225408e+00
7.079999999999999716e+01 2.255087972409618668e+00
7.090000000000000568e+01 3.253937538852473388e+00
7.100000000000000000e+01 1.884266055546967911e+00
7.110000000000000853e+01 1.857950584917959835e+00
7.120000000000000284e+01 1.932829228853994552e+00
7.129999999999999716e+01 1.875961732858343334e+00
7.140000000000000568e+01 1.750142949893102706e+00
7.150000000000000000e+01 2.129531014883176088e+00
7.160000000000000853e+01 1.827705474102869321e+00
7.170000000000000284e+01 1.569696330005617035e+00
7.179999999999999716e+01 3.560408182304572122e+00
7.190000000000000568e+01 1.768646786678533145e+00
7.200000000000000000e+01 2.471254091135426378e+00
7.210000000000000853e+01 2.579135850690437604e+00
7.220000000000000284e+01 3.291506866834438938e+00
7.229999999999999716e+01 4.020575978544553841e+00
7.240000000000000568e+01 5.829166000173853668e+00
7.250000000000000000e+01 4.588299987562869831e+00
7.260000000000000853e+01 3.507909463447373533e+00
7.270000000000000284e+01 1.406775547889233424e+00
7.279999999999999716e+01 2.413124083856865720e+00
7.290000000000000568e+01 2.664172740207567003e+00
7.300000000000000000e+01 1.594016703860847484e+00
7.310000000000000853e+01 1.708138375203022363e+00
7.320000000000000284e+01 1.530855937458399874e+00
7.329999999999999716e+01 1.613516752669626131e+00
7.340000000000000568e+01 1.708755635496184366e+00
7.350000000000000000e+01 1.455191165445653079e+00
7.360000000000000853e+01 1.534011310664227024e+00
7.370000000000000284e+01 1.660302710297263618e+00
7.379999999999999716e+01 1.280202990891906589e+00
7.390000000000000568e+01 1.493058836721127269e+00
7.400000000000000000e+01 1.591224798620071379e+00
7.410000000000000853e+01 2.025417239427864668e+00
7.420000000000000284e+01 1.708820808360163035e+00
7.429999999999999716e+01 1.707380255455199114e+00
7.440000000000000568e+01 1.449505651593806954e+00
7.450000000000000000e+01 2.121070053399482624e+00
7.460000000000000853e+01 1.865469743093841615e+00
7.470000000000000284e+01 2.162695046332924864e+00
7.479999999999999716e+01 2.224221682083622031e+00
7.490000000000000568e+01 1.116870253881296016e+00
7.500000000000000000e+01 1.348998005261323963e+00
7.510000000000000853e+01 1.965886375112356754e+00
7.520000000000000284e+01 1.984867120576586652e+00
7.529999999999999716e+01 2.143674278420845791e+00
7.540000000000000568e+01 1.727572851812791299e+00
7.550000000000000000e+01 1.189332584856014563e+00
7.560000000000000853e+01 1.590080548654680070e+00
7.570000000000000284e+01 2.251274250985940029e+00
7.579999999999999716e+01 2.549742991970942452e+00
7.590000000000000568e+01 1.791328711648491057e+00
7.600000000000000000e+01 1.544221708201402921e+00
7.610000000000000853e+01 1.181892930860187985e+00
7.620000000000000284e+01 1.178620173034668817e+00
7.629999999999999716e+01 1.381717226790168729e+00
7.640000000000000568e+01 1.502660087120689658e+00
7.650000000000000000e+01 1.113269783545788982e+00
7.660000000000000853e+01 1.185499103581524327e+00
7.670000000000000284e+01 1.752587858450040281e+00
7.680000000000001137e+01 1.516359904827927041e+00
7.690000000000000568e+01 2.012696726545505133e+00
7.700000000000000000e+01 1.777752700385148543e+00
7.710000000000000853e+01 1.227041549499936046e+00
7.720000000000000284e+01 1.265002936882537732e+00
7.730000000000001137e+01 1.421943445690551533e+00
7.740000000000000568e+01 1.207475527373859103e+00
7.750000000000000000e+01 1.909607785743332453e+00
7.760000000000000853e+01 1.646849741693656277e+00
7.770000000000000284e+01 1.424583225109000484e+00
7.780000000000001137e+01 1.463785869422850050e+00
7.790000000000000568e+01 1.408452771718662788e+00
7.800000000000000000e+01 1.257138074066806555e+00
7.810000000000000853e+01 1.049849061586910715e+00
7.820000000000000284e+01 1.374727361071437004e+00
7.830000000000001137e+01 1.550396098610288709e+00
7.840000000000000568e+01 1.222117337293950223e+00
7.850000000000000000e+01 1.105149829483565549e+00
7.860000000000000853e+01 1.168296584838495855e+00
7.870000000000000284e+01 1.273056808395928163e+00
7.880000000000001137e+01 1.552354133997563945e+00
7.890000000000000568e+01 1.647069718081341838e+00
7.900000000000000000e+01 1.161896589294468374e+00
7.910000000000000853e+01 1.515497823747872896e+00
7.920000000000000284e+01 1.711505241521403375e+00
7.930000000000001137e+01 1.261400778045099758e+00
7.940000000000000568e+01 1.408134152440560616e+00
7.950000000000000000e+01 1.222756058804276291e+00
7.960000000000000853e+01 1.337919218847869685e+00
7.970000000000000284e+01 1.614376726974121157e+00
7.980000000000001137e+01 1.422916140918033090e+00
7.990000000000000568e+01 1.426854372929973636e+00
8.000000000000000000e+01 1.667881302228802820e+00
8.010000000000000853e+01 1.169559085851453517e+00
8.020000000000000284e+01 1.313455915360199899e+00
8.030000000000001137e+01 1.630168069050192070e+00
8.040000000000000568e+01 1.288397394713926891e+00
8.050000000000000000e+01 1.612429900514517955e+00
8.060000000000000853e+01 2.132072517891071772e+00
8.070000000000000284e+01 2.345717550908829718e+00
8.080000000000001137e+01 2.406432190284651718e+00
8.090000000000000568e+01 1.673270189303775801e+00
8.100000000000000000e+01 1.600237947018586349e+00
8.110000000000000853e+01 1.373640282897840237e+00
8.120000000000000284e+01 1.440885592291742068e+00
8.130000000000001137e+01 2.084791672693506737e+00
8.140000000000000568e+01 2.776744756739893738e+00
8.150000000000000000e+01 3.906906836761988799e+00
8.160000000000000853e+01 3.750235860213293027e+00
8.170000000000000284e+01 3.113902375884571416e+00
8.180000000000001137e+01 2.020198644339096017e+00
8.190000000000000568e+01 1.983538338410167245e+00
8.200000000000000000e+01 1.599559713909384451e+00
8.210000000000000853e+01 1.984942775669997106e+00
8.220000000000000284e+01 2.970588277597670857e+00
8.230000000000001137e+01 2.094792946629892683e+00
8.240000000000000568e+01 1.476915813660273580e+00
8.250000000000000000e+01 2.662812843203135049e+00
8.260000000000000853e+01 1.430991376205541510e+00
8.270000000000000284e+01 2.128126790624692344e+00
8.280000000000001137e+01 3.721359661230809301e+00
8.290000000000000568e+01 2.780101215789984703e+00
8.300000000000000000e+01 2.690670038234113992e+00
8.310000000000000853e+01 3.269369938625810601e+00
8.320000000000000284e+01 2.429603447519178783e+00
8.330000000000001137e+01 3.150899657318479985e+00
8.340000000000000568e+01 2.782851679200684103e+00
8.350000000000000000e+01 4.113337205862540813e+00
8.360000000000000853e+01 3.645071534332090746e+00
8.370000000000000284e+01 2.616289580900075684e+00
8.380000000000001137e+01 2.717770374462739724e+00
8.390000000000000568e+01 2.131710042727662735e+00
8.400000000000000000e+01 2.130965928443968593e+00
8.410000000000000853e+01 2.748081200372643806e+00
8.420000000000000284e+01 1.467906632608223960e+00
8.430000000000001137e+01 1.544579425523555649e+00
8.440000000000000568e+01 1.984419914562146170e+00
8.450000000000000000e+01 1.718979846807045631e+00
8.460000000000000853e+01 1.707141392226145582e+00
8.470000000000000284e+01 2.354483978475490957e+00
8.480000000000001137e+01 1.581897696689298138e+00
8.490000000000000568e+01 1.552474842962766832e+00
8.500000000000000000e+01 1.537288104550657009e+00
8.510000000000000853e+01 2.006549310775850969e+00
8.520000000000000284e+01 2.012526500625901882e+00
8.530000000000001137e+01 1.921058519918902530e+00
8.540000000000000568e+01 1.303449329809350576e+00
8.550000000000000000e+01 1.800513828564202612e+00
8.560000000000000853e+01 2.162523511509282681e+00
8.570000000000000284e+01 1.615230891607148278e+00
8.580000000000001137e+01 1.474790587939832420e+00
8.590000000000000568e+01 1.906018989963512045e+00
8.600000000000000000e+01 3.804422511654562467e+00
8.610000000000000853e+01 2.789758087021085409e+00
8.620000000000000284e+01 3.111526997075697132e+00
8.630000000000001137e+01 3.417925571449208277e+00
8.640000000000000568e+01 2.992933218419512986e+00
8.650000000000000000e+01 3.423609981451054995e+00
8.660000000000000853e+01 3.638071813999399495e+00
8.670000000000000284e+01 4.474800095988986648e+00
8.680000000000001137e+01 5.073796163969670481e+00
8.690000000000000568e+01 3.546618070940104950e+00
8.700000000000000000e+01 1.490322216374633024e+00
8.710000000000000853e+01 2.523945291875862029e+00
8.720000000000000284e+01 3.741118293411748841e+00
8.730000000000001137e+01 1.503919528745611300e+00
8.740000000000000568e+01 2.192679600426999276e+00
8.750000000000000000e+01 1.571509637438811335e+00
8.760000000000000853e+01 2.938339429094093180e+00
8.770000000000000284e+01 3.018836973411824776e+00
8.780000000000001137e+01 2.653221413023313602e+00
8.790000000000000568e+01 2.219658279091644371e+00
8.800000000000000000e+01 1.585926337563122290e+00
8.810000000000000853e+01 2.544355899111723218e+00
8.820000000000000284e+01 2.306084104439785065e+00
8.830000000000001137e+01 2.631486459263916444e+00
8.840000000000000568e+01 2.966532664204853731e+00
8.850000000000000000e+01 2.154827669817537039e+00
8.860000000000000853e+01 1.851197816899840642e+00
8.870000000000000284e+01 1.742171433003741887e+00
8.880000000000001137e+01 2.458010237531315312e+00
8.890000000000000568e+01 3.198063098114593661e+00
8.900000000000000000e+01 2.553576175235352075e+00
8.910000000000000853e+01 2.037915676203608140e+00
8.920000000000000284e+01 1.517631641497935169e+00
8.930000000000001137e+01 1.936158617145071315e+00
8.940000000000000568e+01 1.201940294727948721e+00
8.950000000000000000e+01 1.089024992579345597e+00
8.960000000000000853e+01 1.175347794442626492e+00
8.970000000000000284e+01 2.317410001650813900e+00
8.980000000000001137e+01 2.261619083451854362e+00
8.990000000000000568e+01 1.793377811849238945e+00
9.000000000000000000e+01 1.700597187612494121e+00
9.010000000000000853e+01 1.706150695181803290e+00
9.020000000000000284e+01 2.396694826842113990e+00
9.030000000000001137e+01 1.598090435704820900e+00
9.040000000000000568e+01 2.522477331704951364e+00
9.050000000000000000e+01 1.339715087354514722e+00
9.060000000000000853e+01 1.389762662801496074e+00
9.070000000000000284e+01 1.460478971444960861e+00
9.080000000000001137e+01 1.667118220110987314e+00
9.090000000000000568e+01 1.754989083742926725e+00
9.100000000000000000e+01 2.345770574030371591e+00
9.110000000000000853e+01 2.568530743770214730e+00
9.120000000000000284e+01 2.248187220562129163e+00
9.130000000000001137e+01 1.533655602943021279e+00
9.140000000000000568e+01 1.721315480195179104e+00
9.150000000000000000e+01 2.794838881169461775e+00
9.160000000000000853e+01 1.996140929800707564e+00
9.170000000000000284e+01 2.264977651084012500e+00
9.180000000000001137e+01 1.672087772069787759e+00
9.190000000000000568e+01 2.129590458915969098e+00
9.200000000000000000e+01 3.236791993617903707e+00
9.210000000000000853e+01 4.913435959631694772e+00
9.220000000000000284e+01 3.014483752776215386e+00
9.230000000000001137e+01 3.345174883258539289e+00
9.240000000000000568e+01 2.398112039451218980e+00
9.250000000000000000e+01 1.211066445263882407e+00
9.260000000000000853e+01 2.908647776532619300e+00
9.270000000000000284e+01 2.345050242308524435e+00
9.280000000000001137e+01 1.770214343106681687e+00
9.290000000000000568e+01 2.069079475549323810e+00
9.300000000000000000e+01 1.789144616771725982e+00
9.310000000000000853e+01 3.103203758075518071e+00
9.320000000000000284e+01 3.445242190038032781e+00
9.330000000000001137e+01 3.336500344479900626e+00
9.340000000000000568e+01 2.954949748660971043e+00
9.350000000000000000e+01 2.663064493531320576e+00
9.360000000000000853e+01 1.687605566693241466e+00
9.370000000000000284e+01 1.581189181614531813e+00
9.380000000000001137e+01 1.844411114378242900e+00
9.390000000000000568e+01 2.271184704623997686e+00
9.400000000000000000e+01 3.488020685411568955e+00
9.410000000000000853e+01 2.331736071830354362e+00
9.420000000000000284e+01 3.644756270794013986e+00
9.430000000000001137e+01 1.278051755184331340e+00
9.440000000000000568e+01 1.726670048795842183e+00
9.450000000000000000e+01 4.748112127216930212e+00
9.460000000000000853e+01 4.811874430819285564e+00
9.470000000000000284e+01 3.150666654125127586e+00
9.480000000000001137e+01 6.589189003380650611e+00
9.490000000000000568e+01 5.088142279472054774e+00
9.500000000000000000e+01 2.552320303254394851e+00
9.510000000000000853e+01 4.366670738298098264e+00
9.520000000000000284e+01 3.036160310573300158e+00
9.530000000000001137e+01 3.195814660218053049e+00
9.540000000000000568e+01 1.924206550892921364e+00
9.550000000000000000e+01 2.285729964389873636e+00
9.560000000000000853e+01 2.805784661542407132e+00
9.570000000000000284e+01 1.990718239185108818e+00
9.580000000000001137e+01 1.429663485678203561e+00
9.590000000000000568e+01 1.767336009311501588e+00
9.600000000000000000e+01 2.654124999156770137e+00
9.610000000000000853e+01 5.483950518354637538e+00
9.620000000000000284e+01 6.886035076144756850e+00
9.630000000000001137e+01 3.997165347666281843e+00
9.640000000000000568e+01 4.756465407936310008e+00
9.650000000000000000e+01 5.354968135998063872e+00
9.660000000000000853e+01 5.856321875416475642e+00
9.670000000000000284e+01 5.245852520074573810e+00
9.680000000000001137e+01 6.289606108963988085e+00
9.690000000000000568e+01 5.843577145204711165e+00
9.700000000000000000e+01 5.600739695524049822e+00
9.710000000000000853e+01 6.022411966529262806e+00
9.720000000000000284e+01 3.142917747543787943e+00
9.730000000000001137e+01 4.809544026310046405e+00
9.740000000000000568e+01 6.647470662824185972e+00
9.750000000000000000e+01 6.673694819286659197e+00
9.760000000000000853e+01 6.037428687345861356e+00
9.770000000000000284e+01 5.571019386436931065e+00
9.780000000000001137e+01 6.833043529822712792e+00
9.790000000000000568e+01 4.952817191389989659e+00
9.800000000000000000e+01 6.394446093149355193e+00
9.810000000000000853e+01 7.969692837590739209e+00
9.820000000000000284e+01 1.245526685640214737e+01
9.830000000000001137e+01 8.655128235838800421e+00
9.840000000000000568e+01 8.718499691186632816e+00
9.850000000000000000e+01 8.259307871866981898e+00
9.860000000000000853e+01 7.904088483164647627e+00
9.870000000000000284e+01 7.230184499216638194e+00
9.880000000000001137e+01 8.569690749905561233e+00
9.890000000000000568e+01 1.074857150647756043e+01
9.900000000000000000e+01 7.718456386301387084e+00
9.910000000000000853e+01 7.326572808771864231e+00
9.920000000000000284e+01 8.263313859843579579e+00
9.930000000000001137e+01 1.128683547065828741e+01
9.940000000000000568e+01 1.283175393482956927e+01
9.950000000000000000e+01 8.732060745620165321e+00
9.960000000000000853e+01 7.888999933442645940e+00
9.970000000000000284e+01 7.622941072581875588e+00
9.980000000000001137e+01 6.951713133858115512e+00
9.990000000000000568e+01 6.476380126091407341e+00
