0.000000000000000000e+00 3.628160889514223109e-01
1.000000000000000056e-01 1.757038180143512207e+00
2.000000000000000111e-01 1.824014688674295837e+00
3.000000000000000444e-01 3.726817999843087259e-01
4.000000000000000222e-01 2.805261307360361056e-01
5.000000000000000000e-01 3.396200811405199471e-01
6.000000000000000888e-01 8.425578445447194642e-02
7.000000000000000666e-01 2.685703358082421333e-01
8.000000000000000444e-01 1.924136028195181924e-01
9.000000000000000222e-01 7.978521058179864622e-02
1.000000000000000000e+00 5.124898713585438609e-02
1.100000000000000089e+00 3.507092926395413701e-01
1.200000000000000178e+00 4.039533840179196922e-01
1.300000000000000044e+00 4.298034624186274355e-01
1.400000000000000133e+00 6.512888037035939881e-01
1.500000000000000000e+00 3.034821306986832390e-01
1.600000000000000089e+00 4.120856205915563453e-01
1.700000000000000178e+00 3.475362653337694119e-01
1.800000000000000044e+00 1.465230785411922310e-01
1.900000000000000133e+00 7.674721711128013046e-02
2.000000000000000000e+00 1.608697193243760204e-01
2.100000000000000089e+00 9.580090588075911295e-01
2.200000000000000178e+00 7.221257447398820029e-01
2.300000000000000266e+00 1.263039372903495883e+00
2.400000000000000355e+00 4.028814506365188675e-01
2.500000000000000000e+00 9.663423295563762505e-02
2.600000000000000089e+00 1.371887375894556282e-01
2.700000000000000178e+00 1.170403993013960781e-01
2.800000000000000266e+00 2.997476174247577507e-01
2.900000000000000355e+00 8.905871828853663408e-02
3.000000000000000000e+00 5.061183808359425162e-01
3.100000000000000089e+00 4.950413254818837872e-01
3.200000000000000178e+00 2.230237207521724052e+00
3.300000000000000266e+00 8.691157365518255018e-01
3.400000000000000355e+00 9.220315731327879405e+00
3.500000000000000000e+00 3.370271591087487195e+00
3.600000000000000089e+00 6.112918740590651545e-01
3.700000000000000178e+00 7.558073857449371102e-01
3.800000000000000266e+00 2.296631913186733820e-01
3.900000000000000355e+00 4.105180194731228860e-01
4.000000000000000000e+00 3.111338254147663296e+00
4.100000000000000533e+00 8.966213741974221607e-01
4.200000000000000178e+00 8.636945222755720408e+00
4.299999999999999822e+00 1.119518591658506601e+01
4.400000000000000355e+00 1.183840109182629829e+00
4.500000000000000000e+00 1.429276312414588412e+00
4.600000000000000533e+00 1.368201880968084039e+00
4.700000000000000178e+00 1.475045821350091213e+00
4.800000000000000711e+00 6.443479112931205233e-01
4.900000000000000355e+00 2.912676309878877157e-01
5.000000000000000000e+00 1.859101551531290086e+00
5.100000000000000533e+00 1.070391531655110195e-01
5.200000000000000178e+00 1.178642708723337262e-01
5.300000000000000711e+00 2.705797602397485013e-01
5.400000000000000355e+00 6.626047227756454161e-01
5.500000000000000000e+00 3.464015264808909533e-01
5.600000000000000533e+00 8.572272652406409676e-01
5.700000000000000178e+00 3.053904396838479918e-01
5.800000000000000711e+00 6.584637027234097051e-01
5.900000000000000355e+00 5.086930419578298279e-01
6.000000000000000000e+00 1.890520801570460430e+00
6.100000000000000533e+00 3.050200731890714057e+00
6.200000000000000178e+00 1.797440042252537618e+00
6.300000000000000711e+00 1.814026300814254089e+00
6.400000000000000355e+00 2.470081215139892095e+00
6.500000000000000000e+00 1.001447506176302937e+01
6.600000000000000533e+00 6.024474915572731959e+00
6.700000000000000178e+00 1.366367771757496907e+00
6.800000000000000711e+00 2.191881897869741636e+00
6.900000000000000355e+00 2.556436979739653115e+00
7.000000000000000000e+00 3.991513505229312919e+00
7.100000000000000533e+00 5.917755790781603409e+00
7.200000000000000178e+00 3.430223761459786580e+00
7.300000000000000711e+00 8.692382715505674318e-01
7.400000000000000355e+00 1.054935543726928771e+00
7.500000000000000000e+00 1.800587598324444372e+00
7.600000000000000533e+00 5.902731069028627209e-01
7.700000000000000178e+00 4.447495760017671634e-02
7.800000000000000711e+00 5.727175818096554016e-02
7.900000000000000355e+00 3.201811693577711448e+00
8.000000000000000000e+00 2.951020533373593491e+00
8.099999999999999645e+00 4.792481588482021548e-01
8.200000000000001066e+00 1.435552427465101477e+00
8.300000000000000711e+00 1.703573778552739837e+00
8.400000000000000355e+00 2.428212955665299155e+00
8.500000000000000000e+00 8.375128997480114634e-01
8.599999999999999645e+00 1.770216180329002298e-01
8.700000000000001066e+00 1.247263315585825649e-01
8.800000000000000711e+00 3.884564054436790426e-01
8.900000000000000355e+00 8.728340196310765409e-01
9.000000000000000000e+00 6.423833593515939633e+00
9.099999999999999645e+00 1.512359761563201621e+00
9.200000000000001066e+00 8.336640999600561486e+00
9.300000000000000711e+00 1.448722595233299160e+00
9.400000000000000355e+00 3.120016814507495240e-01
9.500000000000000000e+00 1.000408205560663566e+00
9.600000000000001421e+00 5.669175081629708179e-01
9.700000000000001066e+00 1.500165800206557654e-01
9.800000000000000711e+00 6.965726122490663308e-02
9.900000000000000355e+00 1.397164572275244598e-01
1.000000000000000000e+01 2.924998450380988935e-01
1.010000000000000142e+01 1.783950367690549266e+00
1.020000000000000107e+01 1.050569773117858041e+00
1.030000000000000071e+01 2.979250590301424140e+00
1.040000000000000036e+01 1.499286407130001164e+00
1.050000000000000000e+01 6.337555652558750641e-01
1.060000000000000142e+01 4.599421918030468959e+00
1.070000000000000107e+01 1.470948472711023358e+00
1.080000000000000071e+01 9.028657741246303159e-01
1.090000000000000036e+01 4.302689831911529206e-01
1.100000000000000000e+01 2.804370500148593570e-01
1.110000000000000142e+01 8.364100346539556780e-03
1.120000000000000107e+01 1.628334159870007151e-03
1.130000000000000071e+01 2.455025426097243169e-02
1.140000000000000036e+01 3.344554855826183393e-01
1.150000000000000000e+01 2.793401894584947587e-01
1.160000000000000142e+01 2.713286226256311218e-01
1.170000000000000107e+01 3.935577800987388186e-01
1.180000000000000071e+01 5.874373960105515602e-01
1.190000000000000036e+01 8.723046077484378213e-02
1.200000000000000000e+01 4.337798057667961033e-02
1.210000000000000142e+01 2.817204046888056035e-01
1.220000000000000107e+01 2.230709521544665119e-01
1.230000000000000071e+01 7.659136103826111319e-02
1.240000000000000036e+01 1.841634400048901554e-01
1.250000000000000000e+01 1.399095423695506379e-01
1.260000000000000142e+01 2.445978103098448916e-02
1.270000000000000107e+01 5.057541701413063862e-02
1.280000000000000071e+01 9.016895448596518037e-03
1.290000000000000036e+01 8.890025075289874346e-02
1.300000000000000000e+01 3.386196184628356698e-02
1.310000000000000142e+01 2.036972097308828444e-02
1.320000000000000107e+01 2.431612619996550984e-02
1.330000000000000071e+01 8.240397227208852426e-03
1.340000000000000036e+01 5.630622821871783534e-02
1.350000000000000000e+01 7.890171102826540328e-03
1.360000000000000142e+01 1.340435906815860313e-02
1.370000000000000107e+01 3.990577319663832223e-03
1.380000000000000071e+01 6.916766924188216814e-02
1.390000000000000036e+01 3.875110306249976433e-01
1.400000000000000000e+01 6.209599995582965049e-02
1.410000000000000142e+01 1.287173172934033723e-02
1.420000000000000107e+01 3.998465581080720699e-02
1.430000000000000071e+01 2.877213820647431253e-01
1.440000000000000036e+01 3.359214394254990410e-02
1.450000000000000000e+01 2.623737837980068960e-02
1.460000000000000142e+01 2.830584111997981947e-02
1.470000000000000107e+01 8.915904423357752517e-02
1.480000000000000071e+01 1.451394714243716896e-02
1.490000000000000036e+01 4.943195730716865716e-02
1.500000000000000000e+01 1.029811929852535224e+00
1.510000000000000142e+01 1.147057682003011364e-01
1.520000000000000107e+01 1.828471075479539548e-02
1.530000000000000071e+01 1.662551710263319160e-01
1.540000000000000036e+01 7.701948908610233013e-02
1.550000000000000000e+01 3.361003155664404329e-01
1.560000000000000142e+01 1.706585586738791904e-01
1.570000000000000107e+01 2.883007256478935521e-01
1.580000000000000071e+01 9.288329639525839954e-02
1.590000000000000036e+01 1.780255022549447064e-01
1.600000000000000000e+01 1.596174975370196619e-02
1.610000000000000142e+01 9.755125122313614006e-03
1.619999999999999929e+01 4.830631630815720307e-02
1.630000000000000071e+01 2.944559660311130145e-01
1.640000000000000213e+01 1.928578042063923415e-01
1.650000000000000000e+01 3.140608559984139347e-01
1.660000000000000142e+01 1.184574813129761345e-01
1.669999999999999929e+01 1.312459365589873847e-02
1.680000000000000071e+01 3.173326850998696436e-02
1.690000000000000213e+01 2.396527575438854932e-02
1.700000000000000000e+01 2.027079837138990800e-02
1.710000000000000142e+01 4.422996867124550507e-02
1.719999999999999929e+01 1.022870123961180933e-01
1.730000000000000071e+01 1.738345915399990838e-01
1.740000000000000213e+01 1.279500323120748850e-01
1.750000000000000000e+01 1.337149141221257165e-01
1.760000000000000142e+01 2.003482040880282811e-01
1.769999999999999929e+01 4.951317052607964175e-01
1.780000000000000071e+01 8.671796574272652158e-01
1.790000000000000213e+01 2.538194943560816874e+00
1.800000000000000000e+01 6.849680208844536322e-01
1.810000000000000142e+01 1.257130323927835081e+00
1.819999999999999929e+01 1.586547530773231296e+00
1.830000000000000071e+01 3.282736864173618763e-01
1.840000000000000213e+01 5.526502156812570732e+00
1.850000000000000000e+01 6.507827769262098938e-01
1.860000000000000142e+01 2.681882980074918321e-01
1.869999999999999929e+01 3.215518789665000599e-01
1.880000000000000071e+01 2.087352713045430644e-02
1.890000000000000213e+01 2.937020020511860868e-02
1.900000000000000000e+01 5.327343801504188375e-02
1.910000000000000142e+01 6.178090233638969808e-01
1.920000000000000284e+01 2.727848330579629166e-01
1.930000000000000071e+01 1.611634490288676724e-01
1.940000000000000213e+01 2.212934604967248031e+00
1.950000000000000000e+01 6.130710706160440449e-01
1.960000000000000142e+01 3.544102267741250589e+00
1.970000000000000284e+01 2.048490009076261664e+00
1.980000000000000071e+01 2.261808113247921082e+00
1.990000000000000213e+01 2.528679879389600149e+00
2.000000000000000000e+01 1.141171032355238069e+01
2.010000000000000142e+01 6.546509731029301449e+00
2.020000000000000284e+01 9.430530247446887060e+00
2.030000000000000071e+01 2.263926421185889770e-01
2.040000000000000213e+01 2.019408978627015155e-02
2.050000000000000000e+01 7.832400593174591863e-02
2.060000000000000142e+01 1.613083296455508409e+00
2.070000000000000284e+01 4.571982458170970043e-01
2.080000000000000071e+01 5.077566892343028382e-01
2.090000000000000213e+01 1.434949016692625978e-01
2.100000000000000000e+01 3.802066925960108368e-02
2.110000000000000142e+01 1.146798293573693915e-02
2.120000000000000284e+01 1.986112907963780844e-02
2.130000000000000071e+01 5.391010748688128407e-02
2.140000000000000213e+01 1.535919593101478173e-02
2.150000000000000000e+01 1.596256286665599308e-02
2.160000000000000142e+01 1.600963816887275293e-01
2.170000000000000284e+01 2.377563092371076381e-01
2.180000000000000071e+01 8.325305229562644793e-02
2.190000000000000213e+01 1.928917888009228365e-01
2.200000000000000000e+01 5.725113452408111536e-01
2.210000000000000142e+01 7.322432347625479343e-02
2.220000000000000284e+01 4.899486127377651601e-02
2.230000000000000071e+01 8.959494382335699697e-03
2.240000000000000213e+01 4.441880409756332644e-03
2.250000000000000000e+01 3.987343556405086899e-03
2.260000000000000142e+01 7.327504234216294932e-02
2.270000000000000284e+01 9.287254617623167882e-03
2.280000000000000071e+01 1.804407572916116170e-02
2.290000000000000213e+01 2.684659407277878440e-02
2.300000000000000000e+01 1.123074248477498593e-02
2.310000000000000142e+01 6.122907741861153413e-02
2.320000000000000284e+01 7.526802077987007622e-02
2.330000000000000071e+01 3.291302269953007564e-01
2.340000000000000213e+01 6.104887985442698506e-01
2.350000000000000000e+01 3.509379758982967279e-01
2.360000000000000142e+01 2.847423381004597909e-01
2.370000000000000284e+01 1.630340012581700526e-02
2.380000000000000071e+01 6.383934504030147616e-02
2.390000000000000213e+01 1.104338795543459567e-01
2.400000000000000000e+01 6.329506225706310607e-02
2.410000000000000142e+01 2.630662679536699411e+00
2.420000000000000284e+01 7.566315771871396922e-01
2.430000000000000071e+01 1.080393410710861479e+00
2.440000000000000213e+01 2.108220142124313412e+00
2.450000000000000000e+01 2.877256812292016797e+00
2.460000000000000142e+01 1.235672060726981991e+00
2.470000000000000284e+01 1.069169846296045723e+00
2.480000000000000071e+01 1.785084679915339145e-01
2.490000000000000213e+01 6.076856473229254263e+00
2.500000000000000000e+01 8.186819450921051455e+00
2.510000000000000142e+01 3.403624856178244062e+00
2.520000000000000284e+01 2.146441787754216790e+00
2.530000000000000071e+01 5.589697570840863605e-01
2.540000000000000213e+01 1.494167185916621010e+00
2.550000000000000000e+01 8.173720502539002508e-01
2.560000000000000142e+01 1.424970362730565432e-01
2.570000000000000284e+01 2.128983554432662129e-01
2.580000000000000071e+01 1.865918077554469257e-01
2.590000000000000213e+01 1.145595764951315765e+00
2.600000000000000000e+01 8.232538494051500066e+00
2.610000000000000142e+01 1.198496924651588103e+01
2.620000000000000284e+01 6.386397221311624683e+00
2.630000000000000071e+01 7.011118202418288980e+00
2.640000000000000213e+01 1.450230958097927747e+01
2.650000000000000000e+01 8.084608652982650412e+00
2.660000000000000142e+01 3.796068183798038564e+00
2.670000000000000284e+01 4.028449660016795164e+00
2.680000000000000071e+01 4.840444672122393044e+00
2.690000000000000213e+01 3.063565242782432474e+00
2.700000000000000000e+01 2.853584722967809739e+01
2.710000000000000142e+01 2.528839813089349775e+01
2.720000000000000284e+01 1.900648681600643641e+01
2.730000000000000071e+01 8.203126215873744798e+00
2.740000000000000213e+01 1.430300894917397336e+01
2.750000000000000000e+01 1.295299291292197275e+01
2.760000000000000142e+01 6.533415783741599370e+00
2.770000000000000284e+01 6.884531015447280744e+00
2.780000000000000071e+01 1.459711850662856136e+01
2.790000000000000213e+01 7.608606070177716951e+00
2.800000000000000000e+01 2.586158968107084455e+00
2.810000000000000142e+01 5.035185052299902431e+00
2.820000000000000284e+01 6.195694460646895330e+00
2.830000000000000071e+01 3.105076971569997291e+00
2.840000000000000213e+01 2.721754057823629225e+00
2.850000000000000000e+01 2.508770237210352505e+01
2.860000000000000142e+01 4.155373851268024055e+00
2.870000000000000284e+01 7.876134196662764708e+00
2.880000000000000071e+01 1.702672409965518696e+01
2.890000000000000213e+01 4.818906160782560733e+00
2.900000000000000000e+01 1.625461991027634889e+00
2.910000000000000142e+01 3.514717046470120287e+00
2.920000000000000284e+01 6.583188132633295275e+00
2.930000000000000071e+01 1.414378760425047066e+00
2.940000000000000213e+01 9.958787408608948954e-01
2.950000000000000000e+01 8.372135008822425561e+00
2.960000000000000142e+01 4.263357937031392098e+00
2.970000000000000284e+01 7.784866311121953153e+00
2.980000000000000071e+01 7.368379165693459854e+00
2.990000000000000213e+01 4.955831714343014727e-01
3.000000000000000000e+01 1.141491755880501335e+00
3.010000000000000142e+01 2.708038800263992130e+00
3.020000000000000284e+01 3.034373235685463399e+01
3.030000000000000071e+01 1.871179078911570537e+00
3.040000000000000213e+01 1.423215771156469911e+00
3.050000000000000000e+01 4.017555815214695625e-01
3.060000000000000142e+01 8.222780631137025509e+00
3.070000000000000284e+01 6.066009168726894885e+00
3.080000000000000071e+01 5.137003922020054070e+00
3.090000000000000213e+01 5.175332761144316507e+00
3.100000000000000000e+01 1.214702954402601343e+00
3.110000000000000142e+01 9.364114321612947434e-01
3.120000000000000284e+01 7.968485077091839841e+00
3.130000000000000071e+01 2.923304924007282146e+00
3.140000000000000213e+01 2.198985304353574755e+00
3.150000000000000000e+01 2.995979000912545764e+00
3.160000000000000142e+01 1.797172274261407310e+01
3.170000000000000284e+01 6.867818912895423900e+00
3.180000000000000071e+01 3.970257408940082833e+00
3.190000000000000213e+01 1.621569849286839471e+01
3.200000000000000000e+01 2.950312893653154855e+00
3.210000000000000142e+01 2.846109043672648831e+00
3.220000000000000284e+01 6.445525923508469646e+00
3.230000000000000426e+01 3.727041998401432021e+00
3.239999999999999858e+01 1.653421845981953631e+00
3.250000000000000000e+01 9.310599158844565792e+00
3.260000000000000142e+01 1.078059555576305328e+01
3.270000000000000284e+01 6.106287603636816996e+00
3.280000000000000426e+01 4.957952238229692554e+00
3.289999999999999858e+01 1.205467461857772626e+01
3.300000000000000000e+01 1.138789335474315045e+01
3.310000000000000142e+01 8.632148280050719436e+00
3.320000000000000284e+01 2.007217310210043237e+01
3.330000000000000426e+01 2.387891640839280072e+01
3.339999999999999858e+01 2.275774599372978457e+01
3.350000000000000000e+01 3.302845279778747756e+00
3.360000000000000142e+01 3.742983658437613936e+00
3.370000000000000284e+01 4.957572850850301194e+00
3.380000000000000426e+01 7.190427649834854940e+00
3.389999999999999858e+01 8.695975593433178830e+00
3.400000000000000000e+01 3.981229307582432142e+01
3.410000000000000142e+01 1.042300201733915088e+01
3.420000000000000284e+01 1.006238375571142818e+01
3.430000000000000426e+01 1.586345442404531880e+01
3.439999999999999858e+01 9.829137860532568993e+00
3.450000000000000000e+01 1.152606728809722147e+00
3.460000000000000142e+01 2.917135596586536983e-01
3.470000000000000284e+01 2.032081907997656811e-01
3.480000000000000426e+01 2.275041186284995076e-01
3.489999999999999858e+01 9.128263419483585439e-01
3.500000000000000000e+01 2.244751238596392362e+00
3.510000000000000142e+01 4.423796932774465840e-01
3.520000000000000284e+01 1.912766885211854673e+00
3.530000000000000426e+01 2.318318304205749136e+00
3.539999999999999858e+01 6.627833693750615929e+00
3.550000000000000000e+01 3.638448182083797278e+00
3.560000000000000142e+01 2.637302566029818829e-01
3.570000000000000284e+01 6.929421834399618341e-01
3.580000000000000426e+01 2.753035616355384629e+00
3.589999999999999858e+01 2.928836121915440849e+00
3.600000000000000000e+01 2.401318635605209195e+00
3.610000000000000142e+01 1.858949243178956268e+00
3.620000000000000284e+01 8.554259966791034620e-01
3.630000000000000426e+01 3.564417824041906879e+00
3.639999999999999858e+01 7.423260694875931376e-02
3.650000000000000000e+01 2.023921663035293250e-01
3.660000000000000142e+01 7.659610941108711823e-02
3.670000000000000284e+01 4.057973119266171380e-02
3.680000000000000426e+01 5.057270226487480258e-01
3.689999999999999858e+01 7.881261887055860393e-01
3.700000000000000000e+01 6.723044537984158575e-01
3.710000000000000142e+01 6.215910995893030311e-01
3.720000000000000284e+01 7.416331010806319346e-02
3.730000000000000426e+01 9.727459462304743898e-02
3.739999999999999858e+01 1.018062985956770528e-02
3.750000000000000000e+01 4.004980517209263957e-02
3.760000000000000142e+01 2.148351402183412001e-02
3.770000000000000284e+01 1.348080646732619826e-02
3.780000000000000426e+01 4.274714095609755821e-02
3.789999999999999858e+01 4.438068549796757474e-03
3.800000000000000000e+01 2.292721432964395841e-03
3.810000000000000142e+01 1.075645881493172799e-02
3.820000000000000284e+01 5.454922883655929228e-02
3.830000000000000426e+01 5.553140834766563672e-02
3.840000000000000568e+01 5.262213898518501853e-01
3.850000000000000000e+01 1.243487759341063981e-01
3.860000000000000142e+01 7.927884650777086706e-02
3.870000000000000284e+01 2.153431061390773671e-01
3.880000000000000426e+01 1.247100456421493114e-01
3.890000000000000568e+01 1.465527449971016152e-02
3.900000000000000000e+01 1.514174823546392788e-02
3.910000000000000142e+01 5.560976916854127455e-02
3.920000000000000284e+01 1.315942567561766315e-02
3.930000000000000426e+01 1.370543045621349862e-02
3.940000000000000568e+01 3.287561384591713293e-02
3.950000000000000000e+01 8.617559080904743651e-02
3.960000000000000142e+01 2.796665313036837963e-01
3.970000000000000284e+01 3.854787042744977632e-01
3.980000000000000426e+01 4.527975688151102962e-01
3.990000000000000568e+01 2.531068112581219554e-02
4.000000000000000000e+01 1.231112573377285066e-02
4.010000000000000142e+01 1.760140883182738369e-01
4.020000000000000284e+01 6.035509567488880123e+00
4.030000000000000426e+01 6.021887273812143171e+00
4.040000000000000568e+01 7.065061341277318441e+00
4.050000000000000000e+01 2.879968074073916195e+00
4.060000000000000142e+01 2.747952492332593089e+00
4.070000000000000284e+01 1.665783667292076053e+00
4.080000000000000426e+01 6.948226753277169543e+00
4.090000000000000568e+01 1.020381196935978174e+00
4.100000000000000000e+01 4.040447652343212681e+00
4.110000000000000142e+01 1.839541527426055700e-01
4.120000000000000284e+01 6.068024295215138642e-01
4.130000000000000426e+01 7.720163001691470184e-01
4.140000000000000568e+01 6.441045024712696576e-02
4.150000000000000000e+01 1.955103009098580272e-02
4.160000000000000142e+01 3.070576742284072957e-02
4.170000000000000284e+01 2.481648247205137658e-01
4.180000000000000426e+01 1.896069934108120247e-01
4.190000000000000568e+01 4.707381890905142918e-01
4.200000000000000000e+01 5.885447886858566235e+00
4.210000000000000142e+01 2.918638341993783913e-01
4.220000000000000284e+01 1.016841774773299401e+00
4.230000000000000426e+01 9.303980833510345771e-01
4.240000000000000568e+01 8.420889657179552179e-01
4.250000000000000000e+01 1.953112597865690026e+00
4.260000000000000142e+01 1.425606916424812631e+00
4.270000000000000284e+01 6.017293084683660309e-01
4.280000000000000426e+01 4.332218628970238017e-01
4.290000000000000568e+01 2.197707044408540866e-01
4.300000000000000000e+01 2.312259675473319620e-01
4.310000000000000142e+01 3.175741711017812108e-01
4.320000000000000284e+01 1.241096823699334578e-01
4.330000000000000426e+01 7.815729205462308704e-02
4.340000000000000568e+01 3.639388289432805845e-02
4.350000000000000000e+01 2.690151287881844058e-02
4.360000000000000142e+01 3.803305856760098164e-02
4.370000000000000284e+01 1.785959325992822477e-02
4.380000000000000426e+01 1.898050766886948681e-01
4.390000000000000568e+01 1.696079559353626809e-01
4.400000000000000000e+01 2.007066380518501558e-01
4.410000000000000142e+01 2.131214523932034310e-01
4.420000000000000284e+01 4.520513300770232640e-02
4.430000000000000426e+01 2.330607627908114557e-03
4.440000000000000568e+01 2.864435788193044410e-02
4.450000000000000000e+01 1.935790414002645787e-01
4.460000000000000142e+01 9.460479933094825822e-02
4.470000000000000284e+01 1.055416069949731833e-01
4.480000000000000426e+01 1.699153576721984249e-01
4.490000000000000568e+01 3.772390702827497777e-01
4.500000000000000000e+01 6.697887220397467922e-02
4.510000000000000142e+01 1.084091667484950589e-01
4.520000000000000284e+01 2.165419771923461287e-02
4.530000000000000426e+01 1.676068082823967687e-01
4.540000000000000568e+01 1.100331786134189249e+00
4.550000000000000000e+01 4.207289285726181771e-02
4.560000000000000142e+01 1.601429107760383302e-02
4.570000000000000284e+01 1.465630056288596272e-01
4.580000000000000426e+01 2.841072497849342349e-02
4.590000000000000568e+01 3.036501471015672776e-02
4.600000000000000000e+01 6.735734715591708277e-02
4.610000000000000142e+01 3.404687191666369572e-01
4.620000000000000284e+01 2.203031567787335290e-02
4.630000000000000426e+01 3.199017207073497071e-02
4.640000000000000568e+01 5.884075317364929891e-02
4.650000000000000000e+01 5.896302624905354062e-01
4.660000000000000142e+01 4.762769836881876329e-02
4.670000000000000284e+01 9.823271676855767354e-03
4.680000000000000426e+01 1.312505117526181070e-02
4.690000000000000568e+01 8.132626515417899771e-03
4.700000000000000000e+01 5.704210682307767760e-02
4.710000000000000142e+01 5.404326698037561875e-03
4.720000000000000284e+01 2.456327103852565252e-02
4.730000000000000426e+01 1.508861576518279700e-02
4.740000000000000568e+01 3.619795086742667867e-02
4.750000000000000000e+01 6.341408377705512467e-02
4.760000000000000142e+01 8.993151172748689928e-03
4.770000000000000284e+01 1.899988651159683489e-02
4.780000000000000426e+01 1.678187010118209824e-02
4.790000000000000568e+01 9.554873029037794230e-02
4.800000000000000000e+01 1.154483054284840410e-01
4.810000000000000142e+01 7.239048050034356530e-02
4.820000000000000284e+01 1.140944760172826894e-01
4.830000000000000426e+01 3.381418273197793201e-01
4.840000000000000568e+01 4.100111944861896396e-02
4.850000000000000000e+01 9.031564080328688404e-02
4.860000000000000142e+01 6.133781172822799777e-01
4.870000000000000284e+01 4.248720807824699075e-01
4.880000000000000426e+01 2.968612050267250280e-01
4.890000000000000568e+01 3.485162117416509275e-01
4.900000000000000000e+01 1.788454083683285178e-01
4.910000000000000142e+01 1.600370083576730870e-02
4.920000000000000284e+01 1.574550572262800596e-03
4.930000000000000426e+01 9.347490519348895452e-03
4.940000000000000568e+01 1.422854579844480549e-01
4.950000000000000000e+01 3.020884207440922564e-01
4.960000000000000142e+01 7.713800811517852463e-01
4.970000000000000284e+01 1.262164229182238806e+00
4.980000000000000426e+01 3.180347435696396108e+00
4.990000000000000568e+01 3.882029622166105476e-01
5.000000000000000000e+01 2.096501675354379923e+00
5.010000000000000142e+01 2.906910487101160623e+00
5.020000000000000284e+01 6.861164932734048483e-01
5.030000000000000426e+01 1.142904972012116716e+00
5.040000000000000568e+01 5.489406212350393943e-01
5.050000000000000000e+01 1.367623483633016723e-01
5.060000000000000142e+01 3.241067921927029416e-02
5.070000000000000284e+01 1.980118508228496665e-01
5.080000000000000426e+01 6.840996666799620263e-01
5.090000000000000568e+01 1.325322781776330450e+00
5.100000000000000000e+01 1.260381684590349827e-01
5.110000000000000142e+01 1.504669961876579753e+00
5.120000000000000284e+01 9.733839940258844692e+00
5.130000000000000426e+01 2.157843949371001546e+00
5.140000000000000568e+01 3.640026341019663381e+00
5.150000000000000000e+01 6.872563372959162864e-01
5.160000000000000142e+01 4.032301735826843148e-01
5.170000000000000284e+01 1.709009919923349385e-01
5.180000000000000426e+01 2.421687485473947021e-01
5.190000000000000568e+01 1.147060047151963857e+00
5.200000000000000000e+01 3.681859310289833154e+00
5.210000000000000142e+01 1.648272796450934941e+00
5.220000000000000284e+01 2.037714390367401762e+00
5.230000000000000426e+01 5.111858984094307390e-01
5.240000000000000568e+01 2.695461487895647767e+00
5.250000000000000000e+01 2.093227089930042695e+00
5.260000000000000142e+01 5.369715220752298290e-02
5.270000000000000284e+01 5.190154448829552292e-02
5.280000000000000426e+01 4.960398868650501836e-01
5.290000000000000568e+01 1.179563977320720047e+00
5.300000000000000000e+01 1.024470900327735468e+00
5.310000000000000142e+01 8.670714130387875418e-01
5.320000000000000284e+01 1.749324460791457092e+00
5.330000000000000426e+01 3.038537444946043387e+00
5.340000000000000568e+01 3.105611020324271720e+00
5.350000000000000000e+01 1.602217889432482334e+00
5.360000000000000142e+01 1.368131947013965677e+00
5.370000000000000284e+01 1.411289657994366564e+00
5.380000000000000426e+01 7.145509603587450798e+00
5.390000000000000568e+01 1.185304699231321734e+01
5.400000000000000000e+01 2.612049572473629233e+00
5.410000000000000142e+01 2.727959432091837666e+00
5.420000000000000284e+01 2.326629982252577999e+00
5.430000000000000426e+01 5.293138268227347787e+00
5.440000000000000568e+01 2.193808681205440259e+00
5.450000000000000000e+01 9.163848622936325850e-01
5.460000000000000142e+01 6.942115451416016603e-01
5.470000000000000284e+01 7.327450652724912805e-01
5.480000000000000426e+01 1.039450124579203605e+00
5.490000000000000568e+01 6.950984643749976710e-01
5.500000000000000000e+01 8.329881192669043033e-01
5.510000000000000142e+01 1.770425328964363165e-01
5.520000000000000284e+01 1.152012468437363796e-01
5.530000000000000426e+01 9.485063684920773397e-02
5.540000000000000568e+01 1.393271041553233891e+00
5.550000000000000000e+01 1.114547025284826909e-01
5.560000000000000142e+01 5.159402936701179554e-01
5.570000000000000284e+01 1.378489316838198642e+00
5.580000000000000426e+01 1.001240692217779227e+00
5.590000000000000568e+01 8.447481939215281121e-01
5.600000000000000000e+01 1.276971745390484525e+00
5.610000000000000142e+01 8.653782465183500250e+00
5.620000000000000284e+01 7.684202203206807802e+00
5.630000000000000426e+01 5.705992492468685562e-01
5.640000000000000568e+01 2.297880512578605039e+00
5.650000000000000000e+01 4.524997139806990476e-01
5.660000000000000142e+01 1.649056612345102257e-01
5.670000000000000284e+01 1.292090904934771300e+00
5.680000000000000426e+01 1.008054540260729492e+00
5.690000000000000568e+01 5.017516571397252712e+00
5.700000000000000000e+01 9.825731739384847785e+00
5.710000000000000142e+01 1.322391364291412241e+00
5.720000000000000284e+01 2.962487089708571553e+00
5.730000000000000426e+01 6.535873838441950134e-01
5.740000000000000568e+01 4.503228906408847654e-01
5.750000000000000000e+01 1.055689817815396864e-01
5.760000000000000142e+01 5.719925805080027237e-01
5.770000000000000284e+01 1.036293189694830197e-01
5.780000000000000426e+01 2.009851023506187828e-01
5.790000000000000568e+01 1.149473851566322757e-01
5.800000000000000000e+01 8.148764914367104817e-01
5.810000000000000142e+01 7.246300404119365712e-01
5.820000000000000284e+01 9.534878440303345970e-01
5.830000000000000426e+01 6.603887715578410367e-01
5.840000000000000568e+01 9.892407133522328200e-02
5.850000000000000000e+01 5.664940899788156042e-02
5.860000000000000142e+01 2.838947524567729253e-01
5.870000000000000284e+01 3.587964242039889395e-01
5.880000000000000426e+01 4.308191700779882005e-01
5.890000000000000568e+01 2.876542717693019724e-01
5.900000000000000000e+01 1.112728366179450923e+00
5.910000000000000142e+01 4.587338768062959593e-01
5.920000000000000284e+01 3.862293518977634732e-01
5.930000000000000426e+01 1.645706772436583143e-01
5.940000000000000568e+01 6.892513953034146157e-02
5.950000000000000000e+01 7.719633206913607826e-02
5.960000000000000142e+01 1.522483709591509471e-01
5.970000000000000284e+01 2.212422840369610011e-01
5.980000000000000426e+01 9.563763003580379174e-02
5.990000000000000568e+01 5.781959712780808669e-01
6.000000000000000000e+01 1.804732948356712052e-01
6.010000000000000142e+01 5.454399458385434940e-01
6.020000000000000284e+01 2.512374101360520751e+00
6.030000000000000426e+01 2.557611696507048560e+00
6.040000000000000568e+01 2.941076266806224027e-01
6.050000000000000000e+01 2.992777009311451894e-02
6.060000000000000142e+01 4.339258912159723036e-01
6.070000000000000284e+01 3.528198841848406014e-02
6.080000000000000426e+01 8.462287756983218057e-03
6.090000000000000568e+01 7.687625640944205710e-03
6.100000000000000000e+01 1.510335453129216243e-01
6.110000000000000142e+01 3.268318201106898413e-01
6.120000000000000284e+01 3.149220460640838049e-01
6.130000000000000426e+01 3.997962643716686942e-02
6.140000000000000568e+01 9.089191776424651592e-02
6.150000000000000000e+01 6.487710781911107394e-02
6.160000000000000142e+01 1.099988413797237802e-01
6.170000000000000284e+01 2.328352883389572248e-01
6.180000000000000426e+01 1.333669405580093503e-01
6.190000000000000568e+01 1.861224974632920415e-01
6.200000000000000000e+01 3.410027459213888640e-02
6.210000000000000142e+01 2.079534176251811861e-01
6.220000000000000284e+01 8.183044361548058587e-02
6.230000000000000426e+01 3.780516210310034819e-01
6.240000000000000568e+01 7.894201802710305860e-02
6.250000000000000000e+01 5.987911993381409559e-01
6.260000000000000142e+01 3.983392540333400844e-01
6.270000000000000284e+01 3.743128461851276123e-01
6.280000000000000426e+01 2.430013908779585403e-03
6.290000000000000568e+01 1.102276151211510485e-01
6.300000000000000000e+01 1.105899730223535826e+00
6.310000000000000142e+01 1.941146213572278612e+01
6.320000000000000284e+01 6.610439351529727503e+00
6.330000000000000426e+01 1.361284443360596841e+00
6.340000000000000568e+01 1.416591787898263233e+00
6.350000000000000000e+01 1.481742325212464628e+00
6.360000000000000142e+01 3.619767252398795154e+00
6.370000000000000284e+01 5.650395590922936417e-01
6.380000000000000426e+01 4.354708249902072836e-01
6.390000000000000568e+01 9.549051559465697447e-02
6.400000000000000000e+01 2.949668664276456909e-01
6.410000000000000853e+01 4.092606554517061457e-01
6.420000000000000284e+01 3.528656562909482930e-01
6.429999999999999716e+01 1.671959812727482064e-01
6.440000000000000568e+01 1.237844975288067806e+00
6.450000000000000000e+01 7.013782628524333207e-01
6.460000000000000853e+01 3.784976350312990068e+00
6.470000000000000284e+01 2.390526753536172055e+00
6.479999999999999716e+01 5.260533306000844789e+00
6.490000000000000568e+01 2.709169024380713164e+00
6.500000000000000000e+01 2.615352431524290644e+00
6.510000000000000853e+01 4.003127904534096615e+00
6.520000000000000284e+01 5.214989323724951831e+00
6.529999999999999716e+01 4.917374146184147143e+00
6.540000000000000568e+01 9.164699675064866269e-02
6.550000000000000000e+01 1.010105025381936583e+00
6.560000000000000853e+01 1.890837219931650881e-01
6.570000000000000284e+01 7.666157952256442976e-02
6.579999999999999716e+01 3.362288478213487863e+00
6.590000000000000568e+01 4.408232356151017939e+00
6.600000000000000000e+01 1.638466286433171715e-01
6.610000000000000853e+01 1.486572362009171089e+00
6.620000000000000284e+01 1.802564069376263178e-01
6.629999999999999716e+01 4.927734712741989320e-02
6.640000000000000568e+01 2.928371078776757508e-01
6.650000000000000000e+01 6.298969649054574349e-01
6.660000000000000853e+01 1.885836190003425727e+00
6.670000000000000284e+01 5.725348861166866143e+00
6.679999999999999716e+01 3.559436427696422989e+00
6.690000000000000568e+01 1.697256690058849049e+00
6.700000000000000000e+01 5.612738413032966056e-01
6.710000000000000853e+01 4.817067026367092275e-01
6.720000000000000284e+01 7.855622514540169798e-02
6.729999999999999716e+01 1.761780127919638783e-01
6.740000000000000568e+01 3.662085550156121694e-02
6.750000000000000000e+01 1.275318440584190416e+00
6.760000000000000853e+01 1.637109880975972653e-01
6.770000000000000284e+01 1.258002700333356927e+00
6.779999999999999716e+01 1.702249947500948657e-01
6.790000000000000568e+01 4.909530178337731421e+00
6.800000000000000000e+01 1.092007849740389958e+01
6.810000000000000853e+01 5.499329483506462113e-01
6.820000000000000284e+01 2.079281648408483285e+00
6.829999999999999716e+01 6.088063113916318159e+00
6.840000000000000568e+01 4.957628317499578685e+01
6.850000000000000000e+01 4.136043510563772685e+01
6.860000000000000853e+01 2.465207666279335186e+01
6.870000000000000284e+01 4.630081039473292748e+00
6.879999999999999716e+01 1.071976812269840273e+01
6.890000000000000568e+01 4.167203893743629983e+00
6.900000000000000000e+01 3.902433100823937684e-01
6.910000000000000853e+01 9.097451736279598133e-01
6.920000000000000284e+01 1.504140746707577803e+00
6.929999999999999716e+01 1.021227519221238333e+00
6.940000000000000568e+01 4.975285472211451676e+00
6.950000000000000000e+01 3.863762781345461139e-01
6.960000000000000853e+01 2.792739434859717318e-01
6.970000000000000284e+01 2.747404080371073753e+00
6.979999999999999716e+01 1.162655298752945487e+00
6.990000000000000568e+01 1.180129330132753118e+00
7.000000000000000000e+01 3.870721951118373250e-01
7.010000000000000853e+01 9.151013816066971840e-01
7.020000000000000284e+01 2.968811564439979289e+00
7.029999999999999716e+01 5.294083350567884594e+00
7.040000000000000568e+01 6.011961250933699930e+00
7.050000000000000000e+01 2.257882277807756211e+01
7.060000000000000853e+01 6.710278403579022388e+00
7.070000000000000284e+01 1.033384925037436375e+01
7.079999999999999716e+01 8.282831727638789943e+00
7.090000000000000568e+01 1.086657101168520878e+00
7.100000000000000000e+01 1.564087046857059349e+01
7.110000000000000853e+01 6.494918570280273684e+01
7.120000000000000284e+01 1.089945421566216055e+01
7.129999999999999716e+01 8.324602346417650622e+00
7.140000000000000568e+01 1.319724639016460799e+01
7.150000000000000000e+01 1.106616755411181252e+01
7.160000000000000853e+01 1.657255924751656551e+01
7.170000000000000284e+01 2.137218814848120019e+01
7.179999999999999716e+01 1.074856930592178372e+01
7.190000000000000568e+01 8.098606621922614934e+00
7.200000000000000000e+01 1.391920589286648102e+01
7.210000000000000853e+01 1.175188335365445447e+01
7.220000000000000284e+01 4.686373617508419187e+00
7.229999999999999716e+01 4.580113019463812662e+00
7.240000000000000568e+01 1.409287073818034086e+00
7.250000000000000000e+01 4.596365266433037000e+00
7.260000000000000853e+01 5.162743371131559122e+00
7.270000000000000284e+01 1.830968388429142779e+00
7.279999999999999716e+01 5.958377781823200880e-01
7.290000000000000568e+01 9.029716286343453246e-01
7.300000000000000000e+01 1.265666677829452524e+00
7.310000000000000853e+01 2.259232249252117075e+00
7.320000000000000284e+01 1.722029070821522678e+00
7.329999999999999716e+01 1.589873461001137578e+00
7.340000000000000568e+01 1.895562082598660325e+01
7.350000000000000000e+01 4.376930779635301305e-01
7.360000000000000853e+01 6.284520130980484343e-01
7.370000000000000284e+01 1.728428133650025567e+00
7.379999999999999716e+01 1.211387668057093636e+00
7.390000000000000568e+01 1.375505833082378260e+01
7.400000000000000000e+01 1.678107931242545536e+00
7.410000000000000853e+01 1.610850367076078538e+00
7.420000000000000284e+01 5.116987676389394224e+00
7.429999999999999716e+01 6.762361256549350053e+00
7.440000000000000568e+01 2.083042911729270585e+00
7.450000000000000000e+01 2.135858301096615719e+01
7.460000000000000853e+01 1.372227489700245329e+01
7.470000000000000284e+01 1.424943915564211849e+01
7.479999999999999716e+01 1.340371393484358542e+01
7.490000000000000568e+01 1.996299889561716867e+01
7.500000000000000000e+01 1.158697841535244244e+01
7.510000000000000853e+01 3.025897821784335306e+01
7.520000000000000284e+01 3.413823624336806972e+01
7.529999999999999716e+01 3.326738741563777779e+01
7.540000000000000568e+01 9.826462308394084744e+00
7.550000000000000000e+01 9.588051095153748093e+00
7.560000000000000853e+01 4.152844794695803898e+01
7.570000000000000284e+01 1.648322146311598146e+02
7.579999999999999716e+01 1.328873146766480318e+02
7.590000000000000568e+01 2.716955253831132211e+01
7.600000000000000000e+01 2.055076761434009569e+01
7.610000000000000853e+01 1.413543783657521828e+02
7.620000000000000284e+01 3.258674060019497887e+01
7.629999999999999716e+01 1.857489693461101865e+01
7.640000000000000568e+01 4.233768582693795679e+01
7.650000000000000000e+01 1.765102500765002702e+01
7.660000000000000853e+01 5.433181070361332843e+01
7.670000000000000284e+01 4.126244631758807913e+01
7.680000000000001137e+01 5.497721258667257871e+01
7.690000000000000568e+01 2.186702914126149722e+01
7.700000000000000000e+01 1.012922153179821017e+01
7.710000000000000853e+01 1.149382516586522485e+01
7.720000000000000284e+01 4.318533567241147608e+01
7.730000000000001137e+01 2.800616941487249889e+01
7.740000000000000568e+01 6.824417841846340593e+01
7.750000000000000000e+01 6.571915375307456486e+01
7.760000000000000853e+01 1.104353923940884101e+02
7.770000000000000284e+01 6.359319190760656682e+01
7.780000000000001137e+01 2.910235932143428883e+01
7.790000000000000568e+01 1.550198145707281583e+01
7.800000000000000000e+01 1.600783537410805479e+01
7.810000000000000853e+01 2.784053275693541991e+02
7.820000000000000284e+01 3.244312739050789673e+02
7.830000000000001137e+01 9.181013212226029907e+01
7.840000000000000568e+01 4.923249456704733262e+01
7.850000000000000000e+01 3.349656713122932956e+02
7.860000000000000853e+01 5.592094355961392438e+01
7.870000000000000284e+01 6.808947169439257152e+01
7.880000000000001137e+01 5.401537261058400219e+01
7.890000000000000568e+01 2.561619789913802236e+01
7.900000000000000000e+01 1.155829449043066859e+02
7.910000000000000853e+01 1.983765705810320412e+02
7.920000000000000284e+01 5.901212228317341868e+01
7.930000000000001137e+01 2.660492841063223750e+02
7.940000000000000568e+01 5.120074621932529624e+01
7.950000000000000000e+01 2.502110135915644378e+02
7.960000000000000853e+01 1.059678041944221292e+02
7.970000000000000284e+01 6.893754581643510164e+02
7.980000000000001137e+01 3.953156443277921994e+02
7.990000000000000568e+01 8.687175715571299861e+02
8.000000000000000000e+01 1.211631137269188912e+03
8.010000000000000853e+01 2.149756639182438448e+03
8.020000000000000284e+01 6.053778652469491135e+03
8.030000000000001137e+01 2.066676202703689341e+03
8.040000000000000568e+01 1.261459775964193568e+03
8.050000000000000000e+01 1.009658356617544655e+03
8.060000000000000853e+01 8.431855069770228965e+02
8.070000000000000284e+01 6.682194119438571533e+02
8.080000000000001137e+01 9.351618462178522577e+02
8.090000000000000568e+01 4.687478856305061754e+02
8.100000000000000000e+01 4.649135645912662085e+02
8.110000000000000853e+01 4.139864181939372543e+02
8.120000000000000284e+01 5.314323651341327377e+02
8.130000000000001137e+01 2.693433557918867791e+02
8.140000000000000568e+01 9.322588213641337518e+01
8.150000000000000000e+01 2.501196125085417066e+01
8.160000000000000853e+01 9.661084353864266916e+01
8.170000000000000284e+01 1.097913999651610908e+02
8.180000000000001137e+01 8.194395318903326597e+01
8.190000000000000568e+01 1.093373120641483212e+02
8.200000000000000000e+01 2.872714037854150888e+02
8.210000000000000853e+01 1.980001248189016394e+02
8.220000000000000284e+01 5.677537854479110990e+01
8.230000000000001137e+01 9.086911826747613929e+01
8.240000000000000568e+01 2.187680434320382616e+01
8.250000000000000000e+01 1.830434678842544827e+01
8.260000000000000853e+01 3.875576466335250814e+01
8.270000000000000284e+01 1.415579638880489028e+02
8.280000000000001137e+01 1.098900308009845048e+02
8.290000000000000568e+01 7.615338903019272720e+01
8.300000000000000000e+01 5.926426890910897782e+01
8.310000000000000853e+01 4.051674839694818786e+01
8.320000000000000284e+01 3.535658773694821377e+01
8.330000000000001137e+01 1.149439144601681306e+01
8.340000000000000568e+01 9.514196103295205376e+00
8.350000000000000000e+01 2.402669306375286951e+01
8.360000000000000853e+01 1.084957737401980751e+02
8.370000000000000284e+01 2.584825878223706752e+01
8.380000000000001137e+01 1.132197161671612946e+02
8.390000000000000568e+01 1.479057513352098674e+01
8.400000000000000000e+01 2.646623555302100428e+01
8.410000000000000853e+01 1.756982338566088586e+01
8.420000000000000284e+01 4.601020332821710213e+01
8.430000000000001137e+01 4.912745837131728166e+01
8.440000000000000568e+01 2.320572750377324311e+01
8.450000000000000000e+01 4.051339103538789743e+01
8.460000000000000853e+01 1.333529315162731734e+02
8.470000000000000284e+01 5.357988620755971709e+01
8.480000000000001137e+01 4.524301733307791551e+01
8.490000000000000568e+01 9.344736205988803945e+00
8.500000000000000000e+01 1.391050673852357278e+01
8.510000000000000853e+01 2.568958638785744952e+01
8.520000000000000284e+01 3.820252549718922097e+01
8.530000000000001137e+01 4.709664743367619621e+01
8.540000000000000568e+01 2.152043013873467814e+01
8.550000000000000000e+01 1.387264770457315599e+01
8.560000000000000853e+01 2.243173009148597430e+01
8.570000000000000284e+01 2.295417780359528237e+01
8.580000000000001137e+01 2.433889773913158905e+01
8.590000000000000568e+01 1.638888424920034481e+01
8.600000000000000000e+01 2.794678163056151909e+00
8.610000000000000853e+01 1.014334728377184192e+01
8.620000000000000284e+01 7.764498681034372574e+00
8.630000000000001137e+01 2.512332409756868223e+00
8.640000000000000568e+01 1.511780929284001207e+00
8.650000000000000000e+01 3.255777443801972026e+01
8.660000000000000853e+01 1.218407374992877212e+00
8.670000000000000284e+01 2.365780991937585842e+00
8.680000000000001137e+01 6.352943700758072465e-01
8.690000000000000568e+01 7.036074370563938363e-01
8.700000000000000000e+01 1.665922633115536300e+01
8.710000000000000853e+01 2.541905727651077029e+00
8.720000000000000284e+01 1.563780161662759571e+00
8.730000000000001137e+01 2.494330336836946937e+00
8.740000000000000568e+01 1.120931597064793284e+00
8.750000000000000000e+01 4.945380040405126243e-01
8.760000000000000853e+01 9.009988123863373888e-01
8.770000000000000284e+01 1.645983863698631255e+00
8.780000000000001137e+01 3.172258066459779258e+00
8.790000000000000568e+01 2.999498974570406595e+00
8.800000000000000000e+01 1.377183823937042195e+00
8.810000000000000853e+01 2.959758813680803957e+00
8.820000000000000284e+01 2.161135765005075537e+00
8.830000000000001137e+01 8.240540854138160398e+00
8.840000000000000568e+01 1.101976998255412710e+01
8.850000000000000000e+01 6.846919635664832526e+00
8.860000000000000853e+01 6.929154438509301350e+00
8.870000000000000284e+01 1.319587365624455089e+01
8.880000000000001137e+01 1.384104809295869387e+01
8.890000000000000568e+01 1.226241335065933669e+01
8.900000000000000000e+01 1.040089725456746983e+01
8.910000000000000853e+01 7.868814013734248825e+00
8.920000000000000284e+01 1.156073434494254215e+01
8.930000000000001137e+01 9.966471622959016941e+01
8.940000000000000568e+01 1.761201876156109947e+01
8.950000000000000000e+01 1.344317760798188655e+00
8.960000000000000853e+01 1.387594713041555750e+01
8.970000000000000284e+01 1.255625283294986261e+01
8.980000000000001137e+01 1.168896767303153084e+01
8.990000000000000568e+01 4.220319353315063893e+01
9.000000000000000000e+01 9.504674335443148436e+00
9.010000000000000853e+01 5.380041338947503249e+00
9.020000000000000284e+01 4.579645959394476940e+00
9.030000000000001137e+01 1.590106106558310639e+00
9.040000000000000568e+01 6.825376633480191302e-01
9.050000000000000000e+01 1.986667836040695967e+00
9.060000000000000853e+01 1.079268046331782749e+00
9.070000000000000284e+01 4.065250790053098306e+00
9.080000000000001137e+01 3.600712828019301259e-01
9.090000000000000568e+01 2.993338211435586094e-01
9.100000000000000000e+01 2.413603409134543298e+00
9.110000000000000853e+01 8.198073509491179411e-01
9.120000000000000284e+01 9.123615972151905007e-01
9.130000000000001137e+01 5.917208726550750031e-01
9.140000000000000568e+01 1.202293142826991595e-01
9.150000000000000000e+01 3.518610441975317471e+00
9.160000000000000853e+01 9.442448314235820206e+00
9.170000000000000284e+01 4.445099714281018244e+00
9.180000000000001137e+01 1.495857088669261792e+01
9.190000000000000568e+01 2.502804927298221571e+01
9.200000000000000000e+01 5.197955968060015408e+01
9.210000000000000853e+01 4.752347911231234789e+00
9.220000000000000284e+01 4.885603483782706036e+00
9.230000000000001137e+01 6.783585073326660053e-01
9.240000000000000568e+01 3.244366707358316404e+01
9.250000000000000000e+01 7.205871318255880453e+00
9.260000000000000853e+01 6.975170052275603272e-01
9.270000000000000284e+01 8.117060554777338899e-01
9.280000000000001137e+01 4.686364292716637125e-01
9.290000000000000568e+01 1.275893193243201162e+00
9.300000000000000000e+01 5.494811098708419356e-02
9.310000000000000853e+01 2.465509772757855655e-01
9.320000000000000284e+01 8.602605826975651127e-02
9.330000000000001137e+01 4.506178857176734720e-01
9.340000000000000568e+01 6.334608566879224023e-01
9.350000000000000000e+01 2.810407991232809266e+00
9.360000000000000853e+01 1.914191076533150015e+00
9.370000000000000284e+01 5.275403899510412664e+00
9.380000000000001137e+01 1.553785798300694188e+00
9.390000000000000568e+01 4.538061126849460836e-01
9.400000000000000000e+01 2.627786795518160523e-01
9.410000000000000853e+01 4.453783079635786901e-02
9.420000000000000284e+01 1.928163124445111121e-01
9.430000000000001137e+01 2.065506433606131065e+00
9.440000000000000568e+01 2.366072110294552833e-01
9.450000000000000000e+01 2.176807345579075292e+00
9.460000000000000853e+01 2.864901269388762994e+00
9.470000000000000284e+01 5.878287044317533766e-02
9.480000000000001137e+01 1.014616239564784528e-01
9.490000000000000568e+01 8.778365261903395833e-01
9.500000000000000000e+01 4.743532990680805056e-02
9.510000000000000853e+01 4.931685044030690968e+00
9.520000000000000284e+01 5.068480710437265557e+00
9.530000000000001137e+01 5.686159299466510220e+00
9.540000000000000568e+01 1.198332154053532994e+00
9.550000000000000000e+01 3.688946737730609993e+00
9.560000000000000853e+01 4.248360188338870636e+00
9.570000000000000284e+01 3.833032370142702039e+00
9.580000000000001137e+01 3.901507163133434819e+00
9.590000000000000568e+01 1.210298115465122004e+00
9.600000000000000000e+01 9.741820170909000209e-01
9.610000000000000853e+01 4.699006721549179311e-01
9.620000000000000284e+01 3.509446069211288322e-01
9.630000000000001137e+01 3.310066683205614146e-01
9.640000000000000568e+01 2.989321867347799477e-01
9.650000000000000000e+01 8.242735886147188606e-02
9.660000000000000853e+01 3.857794279512148372e-01
9.670000000000000284e+01 3.992866386391281663e-01
9.680000000000001137e+01 3.860754709313450661e+00
9.690000000000000568e+01 9.712358062531886160e-01
9.700000000000000000e+01 2.752036380785697567e+00
9.710000000000000853e+01 8.730593997304469944e-01
9.720000000000000284e+01 9.864308824922201069e+00
9.730000000000001137e+01 1.378535368383915127e+01
9.740000000000000568e+01 1.668005452583872339e+00
9.750000000000000000e+01 5.791409252227714549e-02
9.760000000000000853e+01 1.150977845055180422e-02
9.770000000000000284e+01 4.795710512874795661e-01
9.780000000000001137e+01 9.558859552248931690e-01
9.790000000000000568e+01 5.776225618331004563e-01
9.800000000000000000e+01 1.233406812622295234e-01
9.810000000000000853e+01 6.842194307592179836e-01
9.820000000000000284e+01 7.203945952734674973e-02
9.830000000000001137e+01 2.382857498652042327e-01
9.840000000000000568e+01 3.023762946032660520e-02
9.850000000000000000e+01 4.170587391682036293e-01
9.860000000000000853e+01 9.014616865799385259e-02
9.870000000000000284e+01 4.098065233443493049e-01
9.880000000000001137e+01 1.036367643168357860e-01
9.890000000000000568e+01 1.318602041113917933e-01
9.900000000000000000e+01 6.253589704671372318e-02
9.910000000000000853e+01 9.004834287974358698e-02
9.920000000000000284e+01 2.422113558670911937e-01
9.930000000000001137e+01 5.054816520778728783e-01
9.940000000000000568e+01 4.916488383160290410e-02
9.950000000000000000e+01 3.144171067993164342e-03
9.960000000000000853e+01 8.636497347735970151e-03
9.970000000000000284e+01 3.727719563005546521e-02
9.980000000000001137e+01 2.686516475899669021e-01
9.990000000000000568e+01 1.618639438588964294e-02
