0.000000000000000000e+00 9.016180613006650191e+00
1.000000000000000056e-01 4.337927685444026515e+00
2.000000000000000111e-01 8.713486725490220408e-01
3.000000000000000444e-01 5.001058362088525833e+00
4.000000000000000222e-01 2.341956995141869502e+00
5.000000000000000000e-01 1.782076384348804154e+01
6.000000000000000888e-01 1.359721788201463388e+00
7.000000000000000666e-01 1.499470118015002962e+00
8.000000000000000444e-01 8.095640351508627930e+00
9.000000000000000222e-01 2.181183010130786748e+00
1.000000000000000000e+00 2.176550651980210471e+00
1.100000000000000089e+00 2.433523552897174369e+01
1.200000000000000178e+00 4.310719087964552720e+00
1.300000000000000044e+00 3.647165694182862072e+00
1.400000000000000133e+00 5.101374184251305621e+00
1.500000000000000000e+00 8.390370352667128051e-01
1.600000000000000089e+00 2.040771545968874001e+00
1.700000000000000178e+00 6.106224359831968762e+00
1.800000000000000044e+00 2.275667528938039474e+00
1.900000000000000133e+00 3.072868586524239110e+00
2.000000000000000000e+00 1.143594571243007962e+01
2.100000000000000089e+00 6.843051229539925950e-01
2.200000000000000178e+00 1.195897440711519932e+00
2.300000000000000266e+00 1.531286715671892340e+00
2.400000000000000355e+00 1.982750155492128963e+00
2.500000000000000000e+00 2.619263504871768511e+00
2.600000000000000089e+00 7.979408804852624604e-01
2.700000000000000178e+00 4.207403077348839116e-01
2.800000000000000266e+00 2.854422344582615567e-01
2.900000000000000355e+00 2.054028813614618976e+00
3.000000000000000000e+00 1.398151935069967600e+00
3.100000000000000089e+00 9.579621472769481727e-01
3.200000000000000178e+00 5.451318131179182735e+00
3.300000000000000266e+00 1.620586602854903857e+00
3.400000000000000355e+00 1.362760145586777050e+00
3.500000000000000000e+00 1.454882182930807399e+00
3.600000000000000089e+00 8.633999598711891155e-01
3.700000000000000178e+00 6.406698753109797417e-01
3.800000000000000266e+00 1.313427061388512840e+00
3.900000000000000355e+00 8.869467087985611897e-01
4.000000000000000000e+00 1.779019113272829911e+00
4.100000000000000533e+00 3.081860382857155578e-01
4.200000000000000178e+00 1.230692520538371859e+00
4.299999999999999822e+00 1.008967118129985074e+00
4.400000000000000355e+00 2.733438467248939574e+00
4.500000000000000000e+00 1.110288419495368606e+00
4.600000000000000533e+00 2.183776690504368734e+00
4.700000000000000178e+00 1.403752545649205707e+00
4.800000000000000711e+00 1.896344844294579834e+00
4.900000000000000355e+00 4.993397804266396456e+00
5.000000000000000000e+00 2.637929031584859807e+00
5.100000000000000533e+00 3.166519546858176160e+00
5.200000000000000178e+00 7.403556061542303723e+00
5.300000000000000711e+00 3.246498695079444108e+00
5.400000000000000355e+00 5.495236507179538599e+00
5.500000000000000000e+00 5.769663597070097794e+00
5.600000000000000533e+00 3.003187585940472104e+01
5.700000000000000178e+00 3.909728583978218985e+00
5.800000000000000711e+00 9.781616389890129826e-01
5.900000000000000355e+00 1.189158301576858312e+00
6.000000000000000000e+00 1.350049428285776676e+00
6.100000000000000533e+00 2.965750315565665485e+00
6.200000000000000178e+00 1.388728430621015253e+00
6.300000000000000711e+00 2.546937630572400746e+00
6.400000000000000355e+00 1.082328546463490637e+00
6.500000000000000000e+00 9.918925566880656408e-01
6.600000000000000533e+00 3.441080177225459558e-01
6.700000000000000178e+00 1.717013498120457005e+00
6.800000000000000711e+00 2.835486564783923580e+00
6.900000000000000355e+00 2.810397020797865242e+00
7.000000000000000000e+00 4.806683481800480884e+00
7.100000000000000533e+00 4.704366551563540888e+00
7.200000000000000178e+00 2.799537800223516726e+00
7.300000000000000711e+00 2.636140022270487826e+00
7.400000000000000355e+00 8.409768830291024511e-01
7.500000000000000000e+00 3.223317327523507192e+00
7.600000000000000533e+00 6.911784261453660649e-01
7.700000000000000178e+00 1.446320075166575680e+00
7.800000000000000711e+00 3.634433080038218744e+00
7.900000000000000355e+00 1.909852840680555053e+00
8.000000000000000000e+00 2.512938653586106241e+00
8.099999999999999645e+00 3.523477487666808905e+00
8.200000000000001066e+00 6.291654882304296148e-01
8.300000000000000711e+00 4.645823318871173391e-01
8.400000000000000355e+00 1.623597299845949360e+00
8.500000000000000000e+00 1.013420764337344737e+00
8.599999999999999645e+00 7.507895402997556644e+00
8.700000000000001066e+00 1.353827878150204356e+01
8.800000000000000711e+00 1.995039786518978531e+01
8.900000000000000355e+00 5.971970284692152298e+00
9.000000000000000000e+00 1.556606813270937861e+00
9.099999999999999645e+00 2.228477837971758468e+00
9.200000000000001066e+00 3.935543727033365524e+00
9.300000000000000711e+00 1.921225478212781113e+00
9.400000000000000355e+00 1.162797407118066673e+00
9.500000000000000000e+00 9.949543722630738163e-01
9.600000000000001421e+00 3.345534466413177643e+00
9.700000000000001066e+00 1.448611505080137585e+00
9.800000000000000711e+00 1.155058624659994093e+00
9.900000000000000355e+00 1.995985326173849161e-01
1.000000000000000000e+01 3.468352483940311259e-01
1.010000000000000142e+01 7.784705026593979893e-01
1.020000000000000107e+01 5.128375250479573211e-01
1.030000000000000071e+01 6.940826509404500744e-01
1.040000000000000036e+01 8.482442558920595399e-01
1.050000000000000000e+01 1.860195693969574959e+00
1.060000000000000142e+01 1.048837753757191571e+00
1.070000000000000107e+01 2.308519900249258239e+00
1.080000000000000071e+01 1.617115537971718586e+00
1.090000000000000036e+01 2.362457022406050378e+00
1.100000000000000000e+01 7.887079656123320293e-01
1.110000000000000142e+01 1.036872100739672620e+00
1.120000000000000107e+01 3.466154525475463877e-01
1.130000000000000071e+01 2.172429136190359600e+00
1.140000000000000036e+01 3.192662802330572536e-01
1.150000000000000000e+01 2.120533615631381430e-01
1.160000000000000142e+01 5.211725594565225217e-01
1.170000000000000107e+01 3.824134638319398038e-01
1.180000000000000071e+01 3.752837034899386692e-01
1.190000000000000036e+01 3.882412297596296025e-01
1.200000000000000000e+01 3.078776490490703566e+00
1.210000000000000142e+01 1.795485680559882891e+00
1.220000000000000107e+01 2.179290489307113887e+00
1.230000000000000071e+01 2.455739629449622541e-01
1.240000000000000036e+01 3.738584182667595290e-01
1.250000000000000000e+01 3.669718324034925150e-01
1.260000000000000142e+01 4.245959706054570071e-01
1.270000000000000107e+01 5.371500542583219628e-01
1.280000000000000071e+01 8.690721344894771772e-01
1.290000000000000036e+01 2.146168370188628050e-01
1.300000000000000000e+01 3.525052968415107735e-01
1.310000000000000142e+01 1.555894703843473170e+00
1.320000000000000107e+01 5.159591620521879474e-01
1.330000000000000071e+01 3.864554509248864234e-01
1.340000000000000036e+01 2.665325419696326081e-01
1.350000000000000000e+01 1.043154254442741902e-01
1.360000000000000142e+01 5.178351670133818363e-01
1.370000000000000107e+01 4.548647015389230552e-01
1.380000000000000071e+01 2.103671909013592467e-01
1.390000000000000036e+01 1.341887703549182076e+00
1.400000000000000000e+01 6.826096946533494192e-01
1.410000000000000142e+01 1.161421878778875039e+00
1.420000000000000107e+01 3.271046333453890287e-01
1.430000000000000071e+01 1.741909286933723267e-01
1.440000000000000036e+01 5.644071381691981998e-02
1.450000000000000000e+01 3.221271770872216611e-02
1.460000000000000142e+01 1.571879293365573485e-02
1.470000000000000107e+01 1.733642698158917583e-01
1.480000000000000071e+01 1.468315108821789117e-01
1.490000000000000036e+01 3.060458762103985056e-02
1.500000000000000000e+01 9.839488989107060546e-03
1.510000000000000142e+01 5.477093500274953647e-02
1.520000000000000107e+01 1.011343602003885317e-01
1.530000000000000071e+01 5.621010603005855387e-03
1.540000000000000036e+01 5.846179005321775965e-03
1.550000000000000000e+01 3.542118581879086063e-03
1.560000000000000142e+01 1.151890985782033291e-02
1.570000000000000107e+01 7.286892038962819451e-02
1.580000000000000071e+01 1.373554616245417290e-02
1.590000000000000036e+01 2.654747203733633931e-01
1.600000000000000000e+01 4.576175214922308804e-02
1.610000000000000142e+01 4.710822821579332270e-02
1.619999999999999929e+01 2.848850970471739422e-03
1.630000000000000071e+01 1.064682820552162457e-01
1.640000000000000213e+01 3.781711394619240441e-01
1.650000000000000000e+01 5.603386627011952559e-01
1.660000000000000142e+01 6.174453367198209919e-02
1.669999999999999929e+01 2.076525131290531678e-01
1.680000000000000071e+01 1.393011752814579951e-01
1.690000000000000213e+01 9.112832493222952635e-02
1.700000000000000000e+01 1.414022888716403858e-01
1.710000000000000142e+01 1.075858100499205994e-01
1.719999999999999929e+01 2.465337887958001795e-01
1.730000000000000071e+01 5.815218735658767013e-01
1.740000000000000213e+01 1.244160271343037333e-01
1.750000000000000000e+01 7.400898891310846439e-01
1.760000000000000142e+01 1.712584837915211433e-01
1.769999999999999929e+01 1.558095177112117646e-01
1.780000000000000071e+01 2.351907881252604249e-01
1.790000000000000213e+01 5.821687146950523806e-01
1.800000000000000000e+01 2.673887445952514597e+00
1.810000000000000142e+01 7.584851011645794561e-01
1.819999999999999929e+01 3.198784184826439780e-01
1.830000000000000071e+01 1.041864227651868147e+00
1.840000000000000213e+01 4.416348531759764384e+00
1.850000000000000000e+01 2.059027874100991085e+00
1.860000000000000142e+01 3.819102202313717331e+00
1.869999999999999929e+01 2.881813590165594263e+01
1.880000000000000071e+01 6.345875521769547056e+00
1.890000000000000213e+01 4.682322568072115665e+00
1.900000000000000000e+01 1.564738495733593471e+00
1.910000000000000142e+01 1.416307141670898551e+00
1.920000000000000284e+01 7.019407008062640285e-01
1.930000000000000071e+01 1.517094216655939576e+00
1.940000000000000213e+01 1.360033580362815409e+00
1.950000000000000000e+01 2.076258923990471850e+00
1.960000000000000142e+01 7.274638907321580028e-01
1.970000000000000284e+01 2.959474838417261999e-01
1.980000000000000071e+01 1.528760922247689003e+00
1.990000000000000213e+01 4.846858245641657015e-01
2.000000000000000000e+01 6.101511179117984351e-01
2.010000000000000142e+01 7.175006955446897594e-01
2.020000000000000284e+01 1.252194263322332191e+00
2.030000000000000071e+01 2.896567759381226681e-01
2.040000000000000213e+01 1.258160196161447253e+00
2.050000000000000000e+01 4.626561099207586736e+00
2.060000000000000142e+01 1.983151767995693926e-01
2.070000000000000284e+01 6.460171540231967047e-01
2.080000000000000071e+01 5.859769859663719327e-01
2.090000000000000213e+01 3.613626377714762583e-01
2.100000000000000000e+01 1.879151139330823006e-01
2.110000000000000142e+01 8.908283218566867001e-01
2.120000000000000284e+01 1.519171168692470930e+00
2.130000000000000071e+01 2.890032933214593314e+00
2.140000000000000213e+01 1.433410486684594920e+00
2.150000000000000000e+01 1.183522736876355896e+00
2.160000000000000142e+01 3.619417393452639242e+00
2.170000000000000284e+01 2.449549214610394987e+00
2.180000000000000071e+01 3.101548179951046258e+00
2.190000000000000213e+01 1.164845121862292165e+00
2.200000000000000000e+01 7.005382495543095445e-01
2.210000000000000142e+01 8.931941189356226163e-01
2.220000000000000284e+01 2.417345734305359262e+00
2.230000000000000071e+01 1.590603672239705224e+00
2.240000000000000213e+01 5.553512614363638189e-01
2.250000000000000000e+01 3.197963885605560330e-01
2.260000000000000142e+01 5.273700270715298011e-01
2.270000000000000284e+01 8.634856285168183987e-02
2.280000000000000071e+01 2.619244945202254815e-01
2.290000000000000213e+01 2.730511139787717562e-02
2.300000000000000000e+01 1.030306714079408242e-01
2.310000000000000142e+01 3.178788436019877595e-02
2.320000000000000284e+01 9.622770435596793293e-02
2.330000000000000071e+01 1.518378444222494815e-02
2.340000000000000213e+01 2.589083109962543872e-01
2.350000000000000000e+01 3.744822471918519136e-01
2.360000000000000142e+01 4.032453351674559761e-01
2.370000000000000284e+01 1.413227027302925987e-01
2.380000000000000071e+01 7.463916540158428703e-02
2.390000000000000213e+01 4.277250068195785626e-02
2.400000000000000000e+01 8.726822130360449570e-02
2.410000000000000142e+01 3.923880079157075484e-01
2.420000000000000284e+01 8.529017979847869357e-02
2.430000000000000071e+01 1.105089007563795633e-01
2.440000000000000213e+01 8.130169155680515292e-02
2.450000000000000000e+01 8.467095704966169645e-02
2.460000000000000142e+01 5.289005642386859773e-02
2.470000000000000284e+01 1.258078472694675320e-01
2.480000000000000071e+01 2.173255796258769801e-01
2.490000000000000213e+01 1.554577199910090746e-01
2.500000000000000000e+01 1.209265710927865056e+00
2.510000000000000142e+01 1.234471668545026324e-01
2.520000000000000284e+01 1.478894526670898601e-01
2.530000000000000071e+01 8.315160703845707324e-02
2.540000000000000213e+01 3.971082443154054786e-01
2.550000000000000000e+01 6.499581827783441623e-01
2.560000000000000142e+01 9.753633554070748612e-01
2.570000000000000284e+01 9.367370009917738161e-01
2.580000000000000071e+01 1.185381289640182745e+00
2.590000000000000213e+01 6.874646119621504736e-01
2.600000000000000000e+01 3.127112917346377419e-01
2.610000000000000142e+01 6.373676328157476534e-02
2.620000000000000284e+01 6.074655911683469328e-02
2.630000000000000071e+01 9.932010991759429586e-03
2.640000000000000213e+01 5.357895959377097228e-02
2.650000000000000000e+01 2.478527141839811584e-02
2.660000000000000142e+01 7.897657305687621684e-03
2.670000000000000284e+01 1.574913131337678518e-01
2.680000000000000071e+01 4.931712495548406378e-02
2.690000000000000213e+01 3.244358666136865077e-01
2.700000000000000000e+01 1.869587704619327662e-01
2.710000000000000142e+01 1.758243190364993935e-01
2.720000000000000284e+01 3.895603322330054019e-01
2.730000000000000071e+01 5.887641230179587737e-01
2.740000000000000213e+01 2.376289914215046206e+00
2.750000000000000000e+01 6.924461945433398880e-01
2.760000000000000142e+01 1.911113190552374552e-01
2.770000000000000284e+01 2.259617250478392625e-01
2.780000000000000071e+01 6.235581051088447124e-02
2.790000000000000213e+01 1.835085416909959868e-02
2.800000000000000000e+01 3.599561500164039640e-01
2.810000000000000142e+01 7.050880156141454969e-02
2.820000000000000284e+01 1.105234819899707510e-01
2.830000000000000071e+01 5.540813172099348649e-02
2.840000000000000213e+01 3.199630458053697585e-03
2.850000000000000000e+01 8.410507951560046436e-02
2.860000000000000142e+01 3.563960614840561841e-02
2.870000000000000284e+01 2.552868648502236715e-01
2.880000000000000071e+01 1.016737430366504852e-01
2.890000000000000213e+01 1.194138968147576488e-02
2.900000000000000000e+01 2.008385156861349635e-02
2.910000000000000142e+01 1.121800524412760319e-02
2.920000000000000284e+01 1.452027983219445484e-01
2.930000000000000071e+01 3.908411762172427917e-01
2.940000000000000213e+01 1.356666471570643351e+00
2.950000000000000000e+01 3.304554521037125075e-02
2.960000000000000142e+01 2.143791443995051726e-01
2.970000000000000284e+01 1.184839220063227117e-01
2.980000000000000071e+01 8.209434569470662468e-02
2.990000000000000213e+01 3.378472491388401777e-01
3.000000000000000000e+01 1.139844152220297890e-01
3.010000000000000142e+01 5.240429320411112840e-02
3.020000000000000284e+01 2.819499608375334448e-02
3.030000000000000071e+01 9.754789728591306552e-02
3.040000000000000213e+01 1.035436496603497555e-02
3.050000000000000000e+01 2.953563458610034553e-01
3.060000000000000142e+01 1.821361241742195866e-02
3.070000000000000284e+01 2.033594812107056629e-02
3.080000000000000071e+01 5.366655247916622962e-01
3.090000000000000213e+01 6.421585775920827244e-01
3.100000000000000000e+01 3.886081409218866689e-02
3.110000000000000142e+01 1.192421095132280423e-01
3.120000000000000284e+01 7.448295107573359164e-02
3.130000000000000071e+01 2.494861963706128394e-01
3.140000000000000213e+01 1.934846850780669869e-01
3.150000000000000000e+01 4.255609194542993995e-02
3.160000000000000142e+01 4.958805251810340098e-02
3.170000000000000284e+01 1.407436255343281761e-01
3.180000000000000071e+01 8.508104986891809607e-02
3.190000000000000213e+01 2.742632274580550367e-01
3.200000000000000000e+01 1.759437260208686293e+00
3.210000000000000142e+01 7.121868456758656540e-01
3.220000000000000284e+01 1.189557802107166884e+00
3.230000000000000426e+01 1.819817210218451775e-01
3.239999999999999858e+01 8.799979599787481621e-02
3.250000000000000000e+01 1.306640524954191251e-01
3.260000000000000142e+01 6.633710847167021418e-01
3.270000000000000284e+01 2.224129310374154192e-02
3.280000000000000426e+01 4.819858967679009898e-01
3.289999999999999858e+01 3.853742119346059147e-01
3.300000000000000000e+01 5.811599472580821768e-01
3.310000000000000142e+01 3.437212831153382137e-02
3.320000000000000284e+01 1.182100378522236428e-01
3.330000000000000426e+01 1.614753788200168350e-01
3.339999999999999858e+01 1.969313046718875193e-01
3.350000000000000000e+01 1.170800890228580693e+00
3.360000000000000142e+01 1.521298160544038547e+00
3.370000000000000284e+01 1.507906833008641589e+00
3.380000000000000426e+01 3.523560795080988406e+00
3.389999999999999858e+01 1.583399189781389049e+00
3.400000000000000000e+01 9.164849974984640157e-01
3.410000000000000142e+01 4.615041480025761977e+00
3.420000000000000284e+01 1.682582669203738446e+00
3.430000000000000426e+01 8.813274938179993967e+00
3.439999999999999858e+01 3.765110593715983001e+00
3.450000000000000000e+01 2.716328039633488345e+01
3.460000000000000142e+01 3.044209985549154851e+01
3.470000000000000284e+01 3.702194198457635821e+01
3.480000000000000426e+01 5.535547839277716875e+00
3.489999999999999858e+01 3.059516934446350689e+01
3.500000000000000000e+01 1.712505777131444162e+01
3.510000000000000142e+01 1.422205613743710240e+00
3.520000000000000284e+01 9.476316363071234150e+00
3.530000000000000426e+01 2.128952980948461526e+00
3.539999999999999858e+01 7.867297214333979660e+00
3.550000000000000000e+01 3.807793783323595083e+00
3.560000000000000142e+01 8.460941246278929739e+00
3.570000000000000284e+01 1.703026833737412460e+01
3.580000000000000426e+01 8.704528374656167244e+00
3.589999999999999858e+01 9.372746248314230977e-01
3.600000000000000000e+01 3.381643990501255748e-01
3.610000000000000142e+01 1.135283681623298513e+00
3.620000000000000284e+01 2.996712860124520539e+00
3.630000000000000426e+01 3.073454249498828172e+00
3.639999999999999858e+01 1.949078061205547607e+00
3.650000000000000000e+01 5.469104314087542384e+00
3.660000000000000142e+01 8.527521878316931536e-01
3.670000000000000284e+01 2.205094474101533253e-01
3.680000000000000426e+01 8.516751180124559895e-01
3.689999999999999858e+01 9.821561589518905677e+00
3.700000000000000000e+01 3.218185258967757312e-01
3.710000000000000142e+01 4.723491622377172794e-01
3.720000000000000284e+01 1.899346979769661381e+00
3.730000000000000426e+01 3.856682896226429902e-01
3.739999999999999858e+01 1.319755132006558362e+00
3.750000000000000000e+01 1.170497026250443051e+00
3.760000000000000142e+01 4.831228380195330407e-01
3.770000000000000284e+01 1.440198505848957755e-01
3.780000000000000426e+01 2.077787738785095636e-02
3.789999999999999858e+01 1.409712120859539786e-01
3.800000000000000000e+01 2.862287330063633187e-02
3.810000000000000142e+01 2.868799127808827065e-01
3.820000000000000284e+01 1.013447404940610169e-01
3.830000000000000426e+01 1.235791273255463230e-01
3.840000000000000568e+01 9.940705770419272502e-02
3.850000000000000000e+01 1.061693351389516315e-01
3.860000000000000142e+01 5.573050998301782855e-01
3.870000000000000284e+01 1.472995995372141431e+00
3.880000000000000426e+01 3.567722118580934354e-01
3.890000000000000568e+01 3.123680499953203071e+00
3.900000000000000000e+01 1.342101797173932631e+00
3.910000000000000142e+01 8.525136099830438186e-02
3.920000000000000284e+01 1.416566779546931110e-01
3.930000000000000426e+01 6.277530556126614293e-03
3.940000000000000568e+01 2.186909722642676329e-02
3.950000000000000000e+01 3.976991967834398595e-02
3.960000000000000142e+01 4.438454969265035605e-02
3.970000000000000284e+01 4.437499860815952157e-01
3.980000000000000426e+01 3.370250825131292094e-02
3.990000000000000568e+01 2.841117827302598597e-03
4.000000000000000000e+01 2.085250143817442628e-02
4.010000000000000142e+01 2.485869953121396803e-01
4.020000000000000284e+01 1.093304208900778007e-01
4.030000000000000426e+01 8.640316350723602212e-02
4.040000000000000568e+01 1.501805147296888798e-01
4.050000000000000000e+01 5.961378997063240259e-01
4.060000000000000142e+01 2.272796422498733759e-02
4.070000000000000284e+01 4.117258691477490573e-01
4.080000000000000426e+01 5.350842894302988428e-01
4.090000000000000568e+01 1.424643519348987031e+00
4.100000000000000000e+01 2.317602339917894938e-01
4.110000000000000142e+01 8.630264757260069225e-03
4.120000000000000284e+01 2.014231477178570762e-01
4.130000000000000426e+01 6.312212812861886513e-02
4.140000000000000568e+01 3.683363345485227147e-02
4.150000000000000000e+01 9.088756740192676167e-03
4.160000000000000142e+01 3.876667200630892762e-01
4.170000000000000284e+01 6.139477366002489278e-01
4.180000000000000426e+01 1.595702952108535022e-01
4.190000000000000568e+01 4.127122389783643985e-02
4.200000000000000000e+01 9.541939656414320792e-02
4.210000000000000142e+01 1.931939096909082165e-01
4.220000000000000284e+01 5.337519929305352129e-01
4.230000000000000426e+01 2.216769247029051204e+00
4.240000000000000568e+01 9.770634784532182815e-01
4.250000000000000000e+01 3.581041935067900139e-01
4.260000000000000142e+01 1.880925693681630428e-01
4.270000000000000284e+01 3.316215663059919883e-01
4.280000000000000426e+01 1.489785486539164927e-01
4.290000000000000568e+01 5.407858867508229528e-01
4.300000000000000000e+01 1.332644520556714451e-01
4.310000000000000142e+01 8.589326140899102013e-02
4.320000000000000284e+01 1.587120618834273467e-01
4.330000000000000426e+01 1.931661265804288097e-02
4.340000000000000568e+01 1.537775244986838430e-01
4.350000000000000000e+01 1.252038256553176382e-02
4.360000000000000142e+01 1.392783023646251284e-01
4.370000000000000284e+01 1.656955698651283226e+00
4.380000000000000426e+01 4.449506141039614171e-01
4.390000000000000568e+01 1.799892757939401122e-01
4.400000000000000000e+01 6.671498095675681972e-02
4.410000000000000142e+01 5.458483579168208477e-01
4.420000000000000284e+01 2.246277144994294761e-01
4.430000000000000426e+01 4.031198472636284835e-01
4.440000000000000568e+01 3.900337580600901632e-01
4.450000000000000000e+01 7.751034732941738392e-01
4.460000000000000142e+01 1.304588825240479144e-01
4.470000000000000284e+01 8.689672411108005992e-03
4.480000000000000426e+01 3.197775842855981043e-01
4.490000000000000568e+01 1.393994486071104433e+00
4.500000000000000000e+01 7.872102539835679202e-01
4.510000000000000142e+01 2.283815799673525881e-01
4.520000000000000284e+01 2.711816776890006997e-01
4.530000000000000426e+01 2.309999885029024452e-02
4.540000000000000568e+01 3.007838508072488981e-01
4.550000000000000000e+01 2.532223016859402320e-01
4.560000000000000142e+01 1.043831361776887290e+00
4.570000000000000284e+01 1.867740511465784348e+00
4.580000000000000426e+01 4.935762239327128875e-01
4.590000000000000568e+01 1.884498972476157386e+00
4.600000000000000000e+01 1.371822516768932587e+01
4.610000000000000142e+01 3.816408261916412470e-01
4.620000000000000284e+01 2.511059289361246005e-01
4.630000000000000426e+01 2.489550269634939472e-01
4.640000000000000568e+01 1.967517207416661362e-01
4.650000000000000000e+01 2.676374959548549759e-01
4.660000000000000142e+01 3.193485752831156099e-01
4.670000000000000284e+01 1.150898026365798854e+00
4.680000000000000426e+01 3.115367014083595398e-01
4.690000000000000568e+01 4.024303389388784735e-01
4.700000000000000000e+01 1.077474087073037934e+00
4.710000000000000142e+01 2.068646629961005345e+00
4.720000000000000284e+01 7.680017194150003945e+00
4.730000000000000426e+01 4.935300079260636075e-01
4.740000000000000568e+01 1.321252096702681200e+01
4.750000000000000000e+01 1.677634011091809985e+00
4.760000000000000142e+01 2.508316478287631046e-01
4.770000000000000284e+01 2.839850892823394535e+00
4.780000000000000426e+01 1.665564203559440459e+00
4.790000000000000568e+01 6.891308453081518293e-01
4.800000000000000000e+01 4.095766356725593305e+00
4.810000000000000142e+01 2.733682172604193994e+00
4.820000000000000284e+01 4.903351257232249072e-01
4.830000000000000426e+01 2.879926554243740444e+00
4.840000000000000568e+01 1.218392782670422747e+01
4.850000000000000000e+01 9.863602955827319718e+00
4.860000000000000142e+01 1.657836210448606096e+01
4.870000000000000284e+01 2.324336159732808049e+00
4.880000000000000426e+01 2.871823168851072250e+00
4.890000000000000568e+01 2.242974742935739840e+00
4.900000000000000000e+01 1.306053211354647470e+00
4.910000000000000142e+01 2.982226164030897131e+00
4.920000000000000284e+01 3.659810297241393062e+00
4.930000000000000426e+01 1.146612052260261194e+00
4.940000000000000568e+01 1.848002519739138094e+00
4.950000000000000000e+01 1.110567565864965855e+00
4.960000000000000142e+01 2.191807458094012784e+00
4.970000000000000284e+01 2.751282965841303163e+00
4.980000000000000426e+01 3.485959891846565029e+01
4.990000000000000568e+01 1.687509179453275276e+00
5.000000000000000000e+01 7.342591923031925871e-01
5.010000000000000142e+01 8.153439673143165756e-01
5.020000000000000284e+01 1.092824653246706301e+00
5.030000000000000426e+01 1.178515473134130520e+00
5.040000000000000568e+01 1.443695458547912258e+00
5.050000000000000000e+01 1.908503622264022592e+00
5.060000000000000142e+01 1.581204029450589688e-01
5.070000000000000284e+01 3.896762051820306105e-01
5.080000000000000426e+01 2.642564951520520178e-01
5.090000000000000568e+01 1.868488515048969678e-01
5.100000000000000000e+01 2.770133731523883314e-01
5.110000000000000142e+01 1.490754775076561511e-01
5.120000000000000284e+01 1.226394786323165009e-01
5.130000000000000426e+01 8.081032401504041618e-02
5.140000000000000568e+01 7.004252788227299797e-02
5.150000000000000000e+01 9.346776405346096661e-02
5.160000000000000142e+01 1.257124051346214522e-01
5.170000000000000284e+01 1.525109367645263725e-01
5.180000000000000426e+01 6.764695583200904805e-01
5.190000000000000568e+01 1.829283572686928594e-01
5.200000000000000000e+01 7.767411981753776784e-01
5.210000000000000142e+01 1.402798353694679756e-01
5.220000000000000284e+01 8.314131848562605898e-02
5.230000000000000426e+01 1.760604359949258235e-01
5.240000000000000568e+01 1.491367161711700806e+00
5.250000000000000000e+01 8.551532373852154256e-01
5.260000000000000142e+01 7.632693218857455886e-01
5.270000000000000284e+01 7.863405020830710468e-01
5.280000000000000426e+01 2.808585716481100392e-02
5.290000000000000568e+01 2.404467958945092146e-02
5.300000000000000000e+01 1.393967247170788473e-02
5.310000000000000142e+01 6.860297615302050900e-02
5.320000000000000284e+01 1.145003136931504739e-01
5.330000000000000426e+01 2.524743523288004443e-01
5.340000000000000568e+01 9.110670546389383617e-02
5.350000000000000000e+01 1.332036814886329301e-01
5.360000000000000142e+01 9.004762816039731110e-02
5.370000000000000284e+01 1.290581212789806864e+00
5.380000000000000426e+01 6.878445649035227483e-01
5.390000000000000568e+01 1.642664836390512473e-01
5.400000000000000000e+01 7.460071269954083803e-03
5.410000000000000142e+01 4.609732107893915742e-01
5.420000000000000284e+01 8.428602432222745411e-02
5.430000000000000426e+01 9.655384438645274459e-02
5.440000000000000568e+01 5.238851680972961278e-02
5.450000000000000000e+01 2.082265652654766500e-02
5.460000000000000142e+01 8.421191395712483707e-02
5.470000000000000284e+01 2.216575042894538272e-01
5.480000000000000426e+01 1.931453145662645129e-02
5.490000000000000568e+01 4.050070202102432765e-02
5.500000000000000000e+01 3.458155261282173654e-01
5.510000000000000142e+01 8.793025281405161819e-02
5.520000000000000284e+01 9.782248311942877139e-01
5.530000000000000426e+01 3.461124888560365709e-01
5.540000000000000568e+01 2.721951540467031361e-01
5.550000000000000000e+01 5.532335892647602393e-02
5.560000000000000142e+01 7.538386025125808076e-02
5.570000000000000284e+01 1.551398772781836626e-02
5.580000000000000426e+01 1.463635164562777369e-01
5.590000000000000568e+01 1.617231136417064397e-01
5.600000000000000000e+01 4.225839290334244130e-02
5.610000000000000142e+01 5.100861141406089899e-02
5.620000000000000284e+01 1.011208738747218366e-01
5.630000000000000426e+01 2.098282527421926613e-01
5.640000000000000568e+01 1.392075436665906329e-01
5.650000000000000000e+01 9.685613086621648604e-02
5.660000000000000142e+01 1.056529626931333787e+00
5.670000000000000284e+01 4.662962138968079068e-02
5.680000000000000426e+01 1.660889271116933186e-01
5.690000000000000568e+01 3.849924102082061261e-01
5.700000000000000000e+01 4.718250030914004634e-01
5.710000000000000142e+01 1.474435391950044583e+00
5.720000000000000284e+01 1.213115864888497430e+00
5.730000000000000426e+01 7.328685163380032064e-01
5.740000000000000568e+01 5.526932802460372551e-01
5.750000000000000000e+01 5.677202901306956928e-01
5.760000000000000142e+01 2.637406149683087508e-01
5.770000000000000284e+01 1.575013952110919657e-01
5.780000000000000426e+01 8.754697015455226161e-02
5.790000000000000568e+01 2.099524793677552958e-01
5.800000000000000000e+01 7.050907390564329497e-03
5.810000000000000142e+01 5.340200213436500226e-02
5.820000000000000284e+01 2.629867971330996923e-01
5.830000000000000426e+01 1.257491391673907222e-01
5.840000000000000568e+01 3.789727358458674228e-02
5.850000000000000000e+01 1.169008573990027583e-01
5.860000000000000142e+01 2.329012995008561127e-01
5.870000000000000284e+01 3.131609449681477031e+00
5.880000000000000426e+01 1.346412613003982850e+00
5.890000000000000568e+01 2.903000185304545067e+00
5.900000000000000000e+01 2.729607629316881390e+00
5.910000000000000142e+01 1.110467281099118075e+00
5.920000000000000284e+01 3.646811815625736752e-01
5.930000000000000426e+01 1.258380749184002112e-01
5.940000000000000568e+01 4.975744229068116420e-01
5.950000000000000000e+01 4.689414722032651528e-01
5.960000000000000142e+01 1.149806149396467303e+00
5.970000000000000284e+01 1.143466889975257722e-01
5.980000000000000426e+01 5.090035360024017796e-01
5.990000000000000568e+01 1.449732937887738271e-01
6.000000000000000000e+01 2.088053417374312326e-01
6.010000000000000142e+01 1.845928508188182660e-01
6.020000000000000284e+01 2.925145546033960930e-01
6.030000000000000426e+01 1.065528077355753916e-01
6.040000000000000568e+01 7.141414239334793745e-02
6.050000000000000000e+01 6.670810387879062553e-01
6.060000000000000142e+01 2.932480084979243729e-01
6.070000000000000284e+01 1.063276945329635070e-01
6.080000000000000426e+01 1.725821611697522517e-01
6.090000000000000568e+01 2.545492997704616456e-01
6.100000000000000000e+01 6.097392989159139409e-01
6.110000000000000142e+01 1.387421707878208510e+00
6.120000000000000284e+01 1.027581109604252196e+00
6.130000000000000426e+01 2.348795377821607300e+00
6.140000000000000568e+01 1.439539882313469121e+01
6.150000000000000000e+01 1.551275950637918566e+00
6.160000000000000142e+01 9.944654590911260472e-01
6.170000000000000284e+01 9.140839627193979577e-01
6.180000000000000426e+01 1.306447682446570946e+00
6.190000000000000568e+01 2.632595442544090947e+00
6.200000000000000000e+01 1.211951485652206451e+01
6.210000000000000142e+01 1.885799302579741621e+01
6.220000000000000284e+01 5.517515695395382558e+00
6.230000000000000426e+01 3.135052821171052528e+01
6.240000000000000568e+01 2.044661967433150807e+01
6.250000000000000000e+01 6.963007312897224743e+00
6.260000000000000142e+01 5.326420296139953159e+00
6.270000000000000284e+01 2.132332955982947809e+00
6.280000000000000426e+01 2.935254826953277441e+00
6.290000000000000568e+01 1.109461104174762092e+01
6.300000000000000000e+01 6.505601415865706727e+00
6.310000000000000142e+01 5.443356632295452080e+00
6.320000000000000284e+01 5.361879162857589698e+00
6.330000000000000426e+01 1.661581551986426319e+01
6.340000000000000568e+01 1.010144433204796499e+01
6.350000000000000000e+01 6.496590814472690489e+00
6.360000000000000142e+01 5.760587581452353279e-01
6.370000000000000284e+01 3.758079008565974322e-01
6.380000000000000426e+01 1.726759971369560942e+00
6.390000000000000568e+01 1.009843162027298735e+00
6.400000000000000000e+01 1.147293778733848635e+00
6.410000000000000853e+01 4.898621458796037942e+00
6.420000000000000284e+01 1.480164814552594077e+00
6.429999999999999716e+01 6.537205617174387529e-01
6.440000000000000568e+01 2.841776697583934475e+00
6.450000000000000000e+01 1.670149705375640226e+00
6.460000000000000853e+01 3.991107581638076329e+00
6.470000000000000284e+01 1.644345937990387974e+00
6.479999999999999716e+01 7.447017721306493421e+00
6.490000000000000568e+01 2.292029347669057060e+01
6.500000000000000000e+01 6.996908925486684971e+00
6.510000000000000853e+01 4.597109511865574483e+00
6.520000000000000284e+01 1.780203467384263050e+00
6.529999999999999716e+01 2.845307772517515321e+00
6.540000000000000568e+01 1.425237928884934568e+01
6.550000000000000000e+01 3.039388483230236471e+00
6.560000000000000853e+01 2.017121065413560732e+00
6.570000000000000284e+01 1.565056111434295794e+00
6.579999999999999716e+01 2.071063122003850676e+00
6.590000000000000568e+01 3.732719911410201874e+00
6.600000000000000000e+01 9.977337289407108845e-01
6.610000000000000853e+01 3.235209057982973979e-01
6.620000000000000284e+01 3.402907695002726496e-01
6.629999999999999716e+01 1.125362376921998503e-01
6.640000000000000568e+01 7.715818194424647891e-02
6.650000000000000000e+01 5.108416599906187017e-01
6.660000000000000853e+01 7.130682133736921946e-01
6.670000000000000284e+01 4.822749360654295381e-01
6.679999999999999716e+01 1.040696543323723217e-01
6.690000000000000568e+01 4.589118721185258404e-02
6.700000000000000000e+01 8.065691156672778750e-02
6.710000000000000853e+01 1.707688921894467415e-01
6.720000000000000284e+01 1.182171799583933147e-01
6.729999999999999716e+01 3.846988648766789254e-01
6.740000000000000568e+01 4.627728063524953472e-01
6.750000000000000000e+01 3.356297891969448749e-02
6.760000000000000853e+01 2.189209674940188477e-01
6.770000000000000284e+01 1.392857299382859078e-02
6.779999999999999716e+01 6.347908503835772431e-02
6.790000000000000568e+01 3.782548448497612126e-02
6.800000000000000000e+01 5.155542997345499007e-02
6.810000000000000853e+01 2.810004362110486431e-01
6.820000000000000284e+01 6.826132089649673551e-01
6.829999999999999716e+01 1.155085066450495801e-01
6.840000000000000568e+01 9.882261403778597186e-03
6.850000000000000000e+01 2.251669998059179223e-01
6.860000000000000853e+01 4.039523801437394646e-02
6.870000000000000284e+01 2.023420778848771528e-01
6.879999999999999716e+01 6.497111246141412666e-03
6.890000000000000568e+01 7.508073694911734930e-02
6.900000000000000000e+01 7.131771457775454293e-02
6.910000000000000853e+01 4.857082857539399973e-02
6.920000000000000284e+01 1.006642198839375058e-01
6.929999999999999716e+01 1.448553056371676973e-01
6.940000000000000568e+01 4.424047357843233774e-01
6.950000000000000000e+01 1.402220905435268561e-01
6.960000000000000853e+01 2.420153246857633944e-01
6.970000000000000284e+01 2.119056857107365133e+00
6.979999999999999716e+01 2.656477301858904294e+00
6.990000000000000568e+01 1.454780479101579704e+00
7.000000000000000000e+01 1.343462896733982559e+00
7.010000000000000853e+01 1.753780366167058125e+00
7.020000000000000284e+01 3.835950375030414250e+01
7.029999999999999716e+01 1.024489227975573158e+01
7.040000000000000568e+01 2.617840052005982088e+01
7.050000000000000000e+01 8.300400693825478626e+00
7.060000000000000853e+01 8.853072949197606789e+00
7.070000000000000284e+01 2.461581217117291942e+00
7.079999999999999716e+01 1.648605561371667250e+00
7.090000000000000568e+01 4.384253058238190448e+00
7.100000000000000000e+01 5.016472320082915992e+00
7.110000000000000853e+01 1.147346561966900991e+00
7.120000000000000284e+01 1.494037403598093006e+00
7.129999999999999716e+01 1.495464549671430055e+00
7.140000000000000568e+01 2.457708408623774599e+00
7.150000000000000000e+01 1.390636552236972534e+01
7.160000000000000853e+01 2.191476293406914877e+01
7.170000000000000284e+01 3.873449905332094101e+00
7.179999999999999716e+01 7.513235040032166800e+00
7.190000000000000568e+01 5.685798667582050214e+00
7.200000000000000000e+01 3.559281003293713042e+01
7.210000000000000853e+01 6.426539168883147113e+01
7.220000000000000284e+01 4.864388007729225194e+01
7.229999999999999716e+01 5.180424328886255125e+01
7.240000000000000568e+01 6.309436754364528888e+00
7.250000000000000000e+01 3.145721562127658633e+00
7.260000000000000853e+01 5.536643091526161520e+00
7.270000000000000284e+01 3.427161417153972600e+00
7.279999999999999716e+01 6.835753732222173085e+00
7.290000000000000568e+01 8.690745312204203543e+00
7.300000000000000000e+01 2.574529111184379104e+00
7.310000000000000853e+01 8.579014745870111591e-01
7.320000000000000284e+01 1.149742180957734838e+00
7.329999999999999716e+01 3.503969156854740419e+00
7.340000000000000568e+01 7.019409513378365162e-01
7.350000000000000000e+01 9.103656962626821780e+00
7.360000000000000853e+01 1.055483864405707983e+01
7.370000000000000284e+01 5.237570689798164203e+00
7.379999999999999716e+01 2.448344804153476417e+01
7.390000000000000568e+01 4.077433670706679436e+01
7.400000000000000000e+01 5.928340103732462296e+01
7.410000000000000853e+01 2.949368576981697387e+01
7.420000000000000284e+01 2.994177676037655900e+01
7.429999999999999716e+01 1.223537835926549633e+01
7.440000000000000568e+01 2.747214590663954681e+00
7.450000000000000000e+01 1.429432690117818616e+01
7.460000000000000853e+01 1.185862179908267589e+00
7.470000000000000284e+01 2.409782191267458629e+00
7.479999999999999716e+01 3.316183555795711779e+00
7.490000000000000568e+01 4.112641861774740448e+00
7.500000000000000000e+01 3.627532383634148871e+00
7.510000000000000853e+01 5.719898699006304099e+00
7.520000000000000284e+01 8.077385947444925662e+00
7.529999999999999716e+01 1.160710378331427783e+01
7.540000000000000568e+01 1.030744849482707082e+01
7.550000000000000000e+01 5.767271005195641287e+00
7.560000000000000853e+01 3.948856954055251389e+00
7.570000000000000284e+01 6.761271147417956762e+00
7.579999999999999716e+01 3.142506004977286160e+00
7.590000000000000568e+01 1.569322465089414642e+01
7.600000000000000000e+01 5.344054919756067612e+00
7.610000000000000853e+01 7.273985490187546255e+00
7.620000000000000284e+01 8.523063946937440960e+00
7.629999999999999716e+01 1.986197186842859841e+00
7.640000000000000568e+01 2.852004789461875411e+00
7.650000000000000000e+01 4.352647151159569461e+00
7.660000000000000853e+01 2.834661459527857197e+00
7.670000000000000284e+01 2.897037366484492171e+00
7.680000000000001137e+01 9.846686174422798032e+00
7.690000000000000568e+01 2.614710459850410729e+00
7.700000000000000000e+01 1.438780634636418698e+00
7.710000000000000853e+01 7.711536503255351782e+00
7.720000000000000284e+01 8.360173161133792608e-01
7.730000000000001137e+01 1.379966233587727187e+00
7.740000000000000568e+01 1.797482217413033156e+00
7.750000000000000000e+01 1.105459949730704139e+01
7.760000000000000853e+01 2.365890377091779584e+01
7.770000000000000284e+01 1.704028808540107676e+01
7.780000000000001137e+01 2.475471157570452974e+01
7.790000000000000568e+01 1.807585475974570954e+01
7.800000000000000000e+01 5.190199965235765767e+00
7.810000000000000853e+01 6.972709182139344541e+00
7.820000000000000284e+01 1.251971530903668928e+01
7.830000000000001137e+01 4.550448756434179387e+01
7.840000000000000568e+01 2.724320684961554662e+01
7.850000000000000000e+01 1.914167264409978131e+01
7.860000000000000853e+01 1.440496876093951251e+01
7.870000000000000284e+01 3.650903341470407071e+01
7.880000000000001137e+01 3.850559654174900004e+01
7.890000000000000568e+01 2.663641339157582522e+01
7.900000000000000000e+01 6.715861660436456937e+00
7.910000000000000853e+01 2.822987470200763571e+00
7.920000000000000284e+01 9.205318409564362980e+00
7.930000000000001137e+01 9.241897614905274949e+00
7.940000000000000568e+01 3.659027036103748998e+01
7.950000000000000000e+01 1.326725732565625293e+01
7.960000000000000853e+01 2.998249586866820859e+00
7.970000000000000284e+01 3.679903130570986836e+00
7.980000000000001137e+01 4.466705432251092844e+00
7.990000000000000568e+01 2.262953086160233340e+01
8.000000000000000000e+01 8.956163425989638327e+00
8.010000000000000853e+01 5.648602558500971149e+00
8.020000000000000284e+01 1.881650113217078513e+01
8.030000000000001137e+01 2.079939037809809488e+00
8.040000000000000568e+01 8.738059442118482067e+00
8.050000000000000000e+01 9.564930950721801661e-01
8.060000000000000853e+01 1.243767077958855971e+01
8.070000000000000284e+01 2.878947862201279406e+01
8.080000000000001137e+01 2.350157763624790519e+01
8.090000000000000568e+01 3.896168540477765063e+00
8.100000000000000000e+01 2.945340220874140158e+00
8.110000000000000853e+01 3.155687517472447912e+00
8.120000000000000284e+01 4.318499026073207681e+00
8.130000000000001137e+01 2.482695693132486880e+01
8.140000000000000568e+01 2.462552010425819304e+01
8.150000000000000000e+01 4.283719025253393653e+00
8.160000000000000853e+01 1.169835062413286941e+01
8.170000000000000284e+01 9.623798851620303907e+00
8.180000000000001137e+01 1.001442399894652624e+01
8.190000000000000568e+01 4.372682901420177615e+01
8.200000000000000000e+01 2.052981576381663231e+01
8.210000000000000853e+01 1.357838981694560054e+01
8.220000000000000284e+01 1.850557851296251943e+00
8.230000000000001137e+01 1.950466311970169642e+01
8.240000000000000568e+01 4.701604539171845509e+00
8.250000000000000000e+01 5.907003525604641148e+00
8.260000000000000853e+01 4.843596930722017468e+00
8.270000000000000284e+01 1.079674896548828045e+01
8.280000000000001137e+01 5.176345717762274923e+00
8.290000000000000568e+01 1.349638881868068907e+01
8.300000000000000000e+01 1.119219342318149835e+01
8.310000000000000853e+01 9.193156303325768164e+00
8.320000000000000284e+01 9.763129530513674936e+00
8.330000000000001137e+01 1.674794484702520680e+00
8.340000000000000568e+01 1.310142155352036486e+00
8.350000000000000000e+01 4.298707617655408875e+00
8.360000000000000853e+01 2.410556097591915048e+01
8.370000000000000284e+01 8.561399090587210381e+00
8.380000000000001137e+01 1.223512550579323843e+01
8.390000000000000568e+01 1.234409087968825425e+00
8.400000000000000000e+01 4.349174493187472068e-01
8.410000000000000853e+01 1.753826296232081194e+00
8.420000000000000284e+01 3.731681382896062438e+00
8.430000000000001137e+01 6.283919432441462227e+00
8.440000000000000568e+01 7.413679457774059456e-01
8.450000000000000000e+01 6.343065943088016745e+00
8.460000000000000853e+01 4.350001698493353608e+00
8.470000000000000284e+01 6.885943065262702945e+00
8.480000000000001137e+01 2.097282471946904536e+00
8.490000000000000568e+01 1.850487544532025130e-01
8.500000000000000000e+01 3.076919754328025558e+00
8.510000000000000853e+01 1.682285437752229162e+00
8.520000000000000284e+01 4.055319003416699708e-01
8.530000000000001137e+01 2.953156713115414611e-01
8.540000000000000568e+01 8.099916559526636473e-01
8.550000000000000000e+01 2.261763354756105127e+00
8.560000000000000853e+01 3.735365736341628384e+00
8.570000000000000284e+01 2.178039850397423205e+00
8.580000000000001137e+01 9.413922943727033310e-01
8.590000000000000568e+01 2.171879856709612699e+00
8.600000000000000000e+01 3.973070303405367709e-01
8.610000000000000853e+01 4.340937548356498255e-01
8.620000000000000284e+01 2.957887278484102045e-01
8.630000000000001137e+01 4.843402964580004189e-01
8.640000000000000568e+01 1.193109961938371821e+00
8.650000000000000000e+01 2.737680335876357063e+00
8.660000000000000853e+01 4.300909095768217227e-01
8.670000000000000284e+01 2.581391353505979036e-01
8.680000000000001137e+01 6.354918813172901748e-01
8.690000000000000568e+01 7.364362497641206984e-01
8.700000000000000000e+01 4.290931893113652529e-01
8.710000000000000853e+01 7.592355379908022339e-01
8.720000000000000284e+01 1.961131048840238922e+00
8.730000000000001137e+01 1.000142144537713218e+00
8.740000000000000568e+01 1.958271258866515430e+00
8.750000000000000000e+01 1.891762916036987541e+00
8.760000000000000853e+01 8.670848826554727884e-01
8.770000000000000284e+01 3.787942958666037363e-01
8.780000000000001137e+01 1.190940100686186831e+00
8.790000000000000568e+01 9.859209637330965670e-01
8.800000000000000000e+01 4.013747514633808855e+00
8.810000000000000853e+01 1.183167154944324784e+00
8.820000000000000284e+01 3.351124098277091790e+00
8.830000000000001137e+01 2.469253113112855047e+01
8.840000000000000568e+01 3.040928024044095324e+01
8.850000000000000000e+01 4.813385825993810485e+00
8.860000000000000853e+01 1.174189624402428045e+01
8.870000000000000284e+01 5.890322082166195017e+00
8.880000000000001137e+01 9.796497297133816673e+00
8.890000000000000568e+01 2.186336721322514620e+01
8.900000000000000000e+01 4.967288324812735567e+01
8.910000000000000853e+01 4.472223052297868406e+01
8.920000000000000284e+01 1.438328797268351522e+01
8.930000000000001137e+01 1.244487333907485471e+01
8.940000000000000568e+01 9.616701855083224615e+00
8.950000000000000000e+01 3.979825912283136802e+01
8.960000000000000853e+01 2.361293166281036804e+01
8.970000000000000284e+01 5.779432489462484668e+00
8.980000000000001137e+01 7.404438432261026826e+00
8.990000000000000568e+01 3.192424618824122096e+00
9.000000000000000000e+01 2.152265140156081813e+01
9.010000000000000853e+01 5.209125567282913494e+01
9.020000000000000284e+01 1.253290352779561090e+01
9.030000000000001137e+01 3.496390439638907566e+01
9.040000000000000568e+01 6.795728040105956325e+00
9.050000000000000000e+01 7.032108959331062614e+00
9.060000000000000853e+01 2.145816448655935105e+01
9.070000000000000284e+01 3.126754662010199581e+01
9.080000000000001137e+01 2.894102334597510051e+01
9.090000000000000568e+01 5.256500374444819101e+01
9.100000000000000000e+01 5.919577117506862152e+01
9.110000000000000853e+01 3.395220266638482087e+01
9.120000000000000284e+01 4.725875803322509938e+01
9.130000000000001137e+01 5.790583512499244989e+01
9.140000000000000568e+01 5.155076397153209911e+01
9.150000000000000000e+01 6.266443611995921259e+01
9.160000000000000853e+01 7.431341527743424535e+01
9.170000000000000284e+01 7.344986819809189171e+01
9.180000000000001137e+01 8.171067549496623883e+01
9.190000000000000568e+01 7.287041720458181260e+01
9.200000000000000000e+01 9.087824493633577561e+01
9.210000000000000853e+01 9.874794278745022780e+01
9.220000000000000284e+01 1.285332308631221849e+02
9.230000000000001137e+01 3.760741329479762953e+02
9.240000000000000568e+01 1.234763074383251364e+02
9.250000000000000000e+01 8.729226619089634198e+01
9.260000000000000853e+01 8.170826064900948893e+01
9.270000000000000284e+01 5.266766492515006348e+01
9.280000000000001137e+01 2.031508133154946805e+01
9.290000000000000568e+01 6.474492482206072097e+00
9.300000000000000000e+01 3.045909813471486149e+00
9.310000000000000853e+01 1.903181508556304413e+00
9.320000000000000284e+01 1.509570128542846446e+00
9.330000000000001137e+01 2.254627609392476639e+00
9.340000000000000568e+01 1.799806671651047907e+00
9.350000000000000000e+01 1.827866799553537147e+00
9.360000000000000853e+01 1.112860443046340908e+00
9.370000000000000284e+01 1.685450380847020924e+00
9.380000000000001137e+01 3.147379035568485417e+00
9.390000000000000568e+01 2.933880472253945992e+00
9.400000000000000000e+01 4.180249153842190424e+00
9.410000000000000853e+01 2.416077171911174215e+00
9.420000000000000284e+01 3.877516543999975251e+00
9.430000000000001137e+01 4.029937196174451230e+00
9.440000000000000568e+01 3.607991121043684046e+01
9.450000000000000000e+01 2.162477009284490048e+00
9.460000000000000853e+01 2.424317474352717738e+01
9.470000000000000284e+01 4.115691756734098483e+00
9.480000000000001137e+01 9.718686129750947478e-01
9.490000000000000568e+01 3.732239040193977786e+00
9.500000000000000000e+01 1.038333105579571924e+00
9.510000000000000853e+01 2.245733156526652952e+00
9.520000000000000284e+01 1.057729410582178398e+00
9.530000000000001137e+01 2.196583084940069597e+00
9.540000000000000568e+01 1.310126004925449505e+00
9.550000000000000000e+01 8.313832980527010585e-01
9.560000000000000853e+01 7.753297174873582387e-01
9.570000000000000284e+01 1.025811088685204986e+00
9.580000000000001137e+01 2.239257971470085096e+00
9.590000000000000568e+01 2.100246251813725262e+00
9.600000000000000000e+01 9.710875359357680203e-01
9.610000000000000853e+01 1.253027015624161855e+00
9.620000000000000284e+01 9.009051446821347842e-01
9.630000000000001137e+01 1.403016612102696126e+00
9.640000000000000568e+01 5.812746646182458399e-01
9.650000000000000000e+01 6.988848412152033340e-01
9.660000000000000853e+01 1.922627746721820852e-01
9.670000000000000284e+01 2.928297682946491842e-01
9.680000000000001137e+01 1.632211484510318333e-01
9.690000000000000568e+01 1.848555429635516389e-01
9.700000000000000000e+01 5.089210440500315791e-01
9.710000000000000853e+01 1.257369527359573302e+00
9.720000000000000284e+01 7.434517605484431968e-01
9.730000000000001137e+01 5.235257972881173227e-01
9.740000000000000568e+01 4.659046020523905374e-01
9.750000000000000000e+01 1.451266256814359445e-01
9.760000000000000853e+01 6.929684606364944210e-01
9.770000000000000284e+01 4.374921547101140451e-01
9.780000000000001137e+01 3.352679246759752152e-01
9.790000000000000568e+01 1.639240291241300662e-01
9.800000000000000000e+01 4.076115033544093214e-01
9.810000000000000853e+01 4.194920748401833599e+00
9.820000000000000284e+01 1.368147626922709970e+00
9.830000000000001137e+01 4.342014937088569115e-01
9.840000000000000568e+01 2.934741391764417173e-01
9.850000000000000000e+01 9.306594358715218895e-01
9.860000000000000853e+01 2.709578137574022438e-01
9.870000000000000284e+01 2.812876183629963389e+00
9.880000000000001137e+01 2.177078803377939575e+00
9.890000000000000568e+01 8.372274409769682180e+00
9.900000000000000000e+01 5.786406912340484432e+00
9.910000000000000853e+01 2.652365515047344413e+00
9.920000000000000284e+01 1.999520297222600940e+00
9.930000000000001137e+01 7.623557346212360697e-01
9.940000000000000568e+01 1.083100828517461922e+00
9.950000000000000000e+01 2.481748142868013041e+00
9.960000000000000853e+01 1.943566729635305412e+00
9.970000000000000284e+01 5.841517649048214578e-01
9.980000000000001137e+01 3.083436099273381359e+00
9.990000000000000568e+01 5.602919745506852678e+00
