0.000000000000000000e+00 3.117669757826475596e-01
1.000000000000000056e-01 1.947396853163333719e-01
2.000000000000000111e-01 2.427309090683408555e-01
3.000000000000000444e-01 4.328707733611618647e-01
4.000000000000000222e-01 1.124049673044808795e-01
5.000000000000000000e-01 1.537566314765581310e-01
6.000000000000000888e-01 2.733529975023342717e-01
7.000000000000000666e-01 1.025050556111159888e-01
8.000000000000000444e-01 1.127300217708653851e-01
9.000000000000000222e-01 1.103308721547316545e-01
1.000000000000000000e+00 1.554750447488649767e-01
1.100000000000000089e+00 9.825584615846415237e-02
1.200000000000000178e+00 1.336243285881758835e-01
1.300000000000000044e+00 1.477393808666174757e-01
1.400000000000000133e+00 6.939491342488632308e-02
1.500000000000000000e+00 1.163067302117592322e-01
1.600000000000000089e+00 1.500329006022315670e-01
1.700000000000000178e+00 1.060316581217648352e-01
1.800000000000000044e+00 1.155177096352288241e-01
1.900000000000000133e+00 1.490203670673381497e-01
2.000000000000000000e+00 9.363409897137416060e-02
2.100000000000000089e+00 1.604277827674308599e-01
2.200000000000000178e+00 3.779520490673566879e-01
2.300000000000000266e+00 1.337280077996086114e-01
2.400000000000000355e+00 1.440804215516867659e-01
2.500000000000000000e+00 9.607949895295699039e-02
2.600000000000000089e+00 1.031632361459548369e-01
2.700000000000000178e+00 1.146981072160355719e-01
2.800000000000000266e+00 1.207054291153489001e-01
2.900000000000000355e+00 1.811396380087832436e-01
3.000000000000000000e+00 1.161511325804569089e-01
3.100000000000000089e+00 1.046826988735122116e-01
3.200000000000000178e+00 1.065972867290514020e-01
3.300000000000000266e+00 1.358214580415925132e-01
3.400000000000000355e+00 2.023289238262293843e-01
3.500000000000000000e+00 1.898215991693494864e-01
3.600000000000000089e+00 1.921062741000567342e-01
3.700000000000000178e+00 1.634656193844752081e-01
3.800000000000000266e+00 1.599168325753674569e-01
3.900000000000000355e+00 1.554666595032760390e-01
4.000000000000000000e+00 2.047331475341499785e-01
4.100000000000000533e+00 1.029077671540732791e-01
4.200000000000000178e+00 2.467467904170985438e-01
4.299999999999999822e+00 1.627745558254523606e-01
4.400000000000000355e+00 1.685110089980569603e-01
4.500000000000000000e+00 2.720060666080537093e-01
4.600000000000000533e+00 2.829859665399465651e-01
4.700000000000000178e+00 2.015734295286591704e-01
4.800000000000000711e+00 3.812144740409001975e-01
4.900000000000000355e+00 4.085949961965108512e-01
5.000000000000000000e+00 3.006773061459942498e-01
5.100000000000000533e+00 3.687970022420682947e-01
5.200000000000000178e+00 6.143564507052424739e-01
5.300000000000000711e+00 6.567069187890084425e-01
5.400000000000000355e+00 6.137059238544061435e-01
5.500000000000000000e+00 6.713047183992008060e-01
5.600000000000000533e+00 5.623126432487258741e-01
5.700000000000000178e+00 5.132040627398471999e-01
5.800000000000000711e+00 4.190656480466887213e-01
5.900000000000000355e+00 5.523318320091590294e-01
6.000000000000000000e+00 7.206199021621915168e-01
6.100000000000000533e+00 6.600344311988355361e-01
6.200000000000000178e+00 6.592503480212822398e-01
6.300000000000000711e+00 7.529861874868980509e-01
6.400000000000000355e+00 2.254859055511030941e-01
6.500000000000000000e+00 4.365246676859821928e-01
6.600000000000000533e+00 2.071787400404997426e-01
6.700000000000000178e+00 3.174652641571161782e-01
6.800000000000000711e+00 1.151088077548675370e+00
6.900000000000000355e+00 1.082025357666483334e+00
7.000000000000000000e+00 1.528753065617084239e+00
7.100000000000000533e+00 5.256601697362881520e-01
7.200000000000000178e+00 5.701923035361836645e-01
7.300000000000000711e+00 3.296163332448671657e-01
7.400000000000000355e+00 3.397360296334541174e-01
7.500000000000000000e+00 2.993168791715693500e-01
7.600000000000000533e+00 5.559431047490097644e-01
7.700000000000000178e+00 6.523936851074338961e-01
7.800000000000000711e+00 7.092023342259479168e-01
7.900000000000000355e+00 4.320008803631724681e-01
8.000000000000000000e+00 5.911237011970171817e-01
8.099999999999999645e+00 9.256200950028107277e-01
8.200000000000001066e+00 4.011053783787324467e-01
8.300000000000000711e+00 8.786930471797658182e-01
8.400000000000000355e+00 3.989713048437906751e-01
8.500000000000000000e+00 4.471305826466064337e-01
8.599999999999999645e+00 2.784287832402185803e-01
8.700000000000001066e+00 8.872622713320063026e-01
8.800000000000000711e+00 8.953489748165337492e-01
8.900000000000000355e+00 1.093065503545417094e+00
9.000000000000000000e+00 2.758227042739302415e-01
9.099999999999999645e+00 4.074143296216200527e-01
9.200000000000001066e+00 6.616642534363986750e-01
9.300000000000000711e+00 2.686400979900040453e-01
9.400000000000000355e+00 1.665908791020974666e-01
9.500000000000000000e+00 3.383263293888204015e-01
9.600000000000001421e+00 2.652359046563328993e-01
9.700000000000001066e+00 9.671275511263356384e-01
9.800000000000000711e+00 3.787408183843161691e-01
9.900000000000000355e+00 5.055810209046922576e-01
1.000000000000000000e+01 4.863178231143971408e-01
1.010000000000000142e+01 3.132385705095877548e-01
1.020000000000000107e+01 4.882970270182597217e-01
1.030000000000000071e+01 4.649518786370696599e-01
1.040000000000000036e+01 1.979694459941792883e-01
1.050000000000000000e+01 1.502306397709532726e-01
1.060000000000000142e+01 4.446715174692411621e-01
1.070000000000000107e+01 8.934464099727570385e-01
1.080000000000000071e+01 6.671803568162336662e-01
1.090000000000000036e+01 3.617435058023018013e-01
1.100000000000000000e+01 6.445299382517254427e-01
1.110000000000000142e+01 1.205192024846282850e+00
1.120000000000000107e+01 1.031370546770701280e+00
1.130000000000000071e+01 4.083852747117958648e-01
1.140000000000000036e+01 2.266588773020405401e-01
1.150000000000000000e+01 3.158263651555195950e-01
1.160000000000000142e+01 3.791866863677953448e-01
1.170000000000000107e+01 3.466864096870011513e-01
1.180000000000000071e+01 5.693569622566029276e-01
1.190000000000000036e+01 8.375106867773968178e-01
1.200000000000000000e+01 1.050660488744410648e+00
1.210000000000000142e+01 1.031997176550524919e+00
1.220000000000000107e+01 8.678394843395419445e-01
1.230000000000000071e+01 7.849600831563651182e-01
1.240000000000000036e+01 8.470128329436571457e-01
1.250000000000000000e+01 7.692376324162255585e-01
1.260000000000000142e+01 5.706379769201957997e-01
1.270000000000000107e+01 4.345734762530117368e-01
1.280000000000000071e+01 3.169245054902857239e-01
1.290000000000000036e+01 2.806281851494218382e-01
1.300000000000000000e+01 7.930613576459120129e-01
1.310000000000000142e+01 4.579465216322077814e-01
1.320000000000000107e+01 1.092068161903398060e+00
1.330000000000000071e+01 3.295446405122861577e-01
1.340000000000000036e+01 9.111215896718158902e-01
1.350000000000000000e+01 5.377808746082747282e-01
1.360000000000000142e+01 5.701754117384244536e-01
1.370000000000000107e+01 5.754665380948332798e-01
1.380000000000000071e+01 8.653482913619870986e-01
1.390000000000000036e+01 3.476554082322694805e-01
1.400000000000000000e+01 6.337705963005356713e-01
1.410000000000000142e+01 1.117750117738402382e+00
1.420000000000000107e+01 3.624442237244199783e-01
1.430000000000000071e+01 4.540263911721882928e-01
1.440000000000000036e+01 4.759849903280263250e-01
1.450000000000000000e+01 8.901619951186265922e-01
1.460000000000000142e+01 1.635552303082772996e+00
1.470000000000000107e+01 9.126467863258377333e-01
1.480000000000000071e+01 5.611841360178183580e-01
1.490000000000000036e+01 3.799014446586971294e-01
1.500000000000000000e+01 7.017029118880190319e-01
1.510000000000000142e+01 3.517315170189879159e-01
1.520000000000000107e+01 4.777587492858267337e-01
1.530000000000000071e+01 1.524895378046724925e+00
1.540000000000000036e+01 2.768273847042621583e+00
1.550000000000000000e+01 1.342499319895928744e+00
1.560000000000000142e+01 5.208054067715343072e-01
1.570000000000000107e+01 9.475854829484792186e-01
1.580000000000000071e+01 1.021343396723108699e+00
1.590000000000000036e+01 7.966173929938838993e-01
1.600000000000000000e+01 7.465598603201326622e-01
1.610000000000000142e+01 8.160097260389376217e-01
1.619999999999999929e+01 4.110681774030390812e-01
1.630000000000000071e+01 4.872378966302018943e-01
1.640000000000000213e+01 7.972092285457227367e-01
1.650000000000000000e+01 9.252720934950665610e-01
1.660000000000000142e+01 4.796710756999165715e-01
1.669999999999999929e+01 6.927104092886593456e-01
1.680000000000000071e+01 1.055198706248039908e+00
1.690000000000000213e+01 1.286245346161782210e+00
1.700000000000000000e+01 5.885226480136465099e-01
1.710000000000000142e+01 7.082888623623013746e-01
1.719999999999999929e+01 6.215433115252702034e-01
1.730000000000000071e+01 1.896723972915947076e+00
1.740000000000000213e+01 1.796269423250115294e+00
1.750000000000000000e+01 7.270533940826637842e-01
1.760000000000000142e+01 6.128985473754572366e-01
1.769999999999999929e+01 5.300645508064443234e-01
1.780000000000000071e+01 2.751613810959612771e-01
1.790000000000000213e+01 1.157364885271091604e+00
1.800000000000000000e+01 7.079132855607899177e-01
1.810000000000000142e+01 6.028628347514378150e-02
1.819999999999999929e+01 4.165692960055492611e-01
1.830000000000000071e+01 7.862740414215425577e-01
1.840000000000000213e+01 6.626945113240155782e-01
1.850000000000000000e+01 1.110399178677455634e+00
1.860000000000000142e+01 1.001809389565855080e+00
1.869999999999999929e+01 8.272049474104109512e-01
1.880000000000000071e+01 4.674167334156810460e-02
1.890000000000000213e+01 3.832560051498343778e-01
1.900000000000000000e+01 3.780399610150104728e-01
1.910000000000000142e+01 2.808641298373456552e-01
1.920000000000000284e+01 4.523461391311608959e-01
1.930000000000000071e+01 5.979344108440927119e-01
1.940000000000000213e+01 9.012975843785430152e-01
1.950000000000000000e+01 1.011457632779228399e+00
1.960000000000000142e+01 2.019053956468216171e+00
1.970000000000000284e+01 9.665028558412334103e-01
1.980000000000000071e+01 8.880649293395113109e-01
1.990000000000000213e+01 4.271115850049315155e-01
2.000000000000000000e+01 7.041034215902807203e-01
2.010000000000000142e+01 9.431520580108818663e-01
2.020000000000000284e+01 1.553392022264730832e+00
2.030000000000000071e+01 1.048743274757488964e+00
2.040000000000000213e+01 1.228619092415833336e+00
2.050000000000000000e+01 7.837504895335393185e-01
2.060000000000000142e+01 1.265541385708403466e+00
2.070000000000000284e+01 2.130490859060842901e+00
2.080000000000000071e+01 2.663311664529972145e+00
2.090000000000000213e+01 7.454103153930633496e-01
2.100000000000000000e+01 1.304273731431194738e+00
2.110000000000000142e+01 9.572214322598827652e-01
2.120000000000000284e+01 4.387028541829663952e-01
2.130000000000000071e+01 1.007868141626663716e+00
2.140000000000000213e+01 6.251527123119704488e-01
2.150000000000000000e+01 5.064631134412679314e-01
2.160000000000000142e+01 7.211810722241944749e-01
2.170000000000000284e+01 4.326171645913089447e-01
2.180000000000000071e+01 1.010634364024380671e+00
2.190000000000000213e+01 1.047844950507444972e+00
2.200000000000000000e+01 4.490628808718783449e-01
2.210000000000000142e+01 6.375290851336561371e-01
2.220000000000000284e+01 6.886174985172630603e-01
2.230000000000000071e+01 3.394072569602301637e-01
2.240000000000000213e+01 6.018125419439398494e-01
2.250000000000000000e+01 9.096211663630140443e-01
2.260000000000000142e+01 9.130720060534676108e-01
2.270000000000000284e+01 3.567749026631100162e-01
2.280000000000000071e+01 6.391869019387972362e-01
2.290000000000000213e+01 1.116025872692393062e+00
2.300000000000000000e+01 1.390036751696057005e+00
2.310000000000000142e+01 5.646237940782908860e-01
2.320000000000000284e+01 2.601046319404996532e-01
2.330000000000000071e+01 2.837095753491784000e-01
2.340000000000000213e+01 4.514363084134808690e-01
2.350000000000000000e+01 4.963670422850163799e-01
2.360000000000000142e+01 8.225996868121265848e-01
2.370000000000000284e+01 8.729951402975794084e-01
2.380000000000000071e+01 1.076550042342734326e+00
2.390000000000000213e+01 2.275114336983044883e+00
2.400000000000000000e+01 5.350528273324408612e-01
2.410000000000000142e+01 5.382099700082229043e-01
2.420000000000000284e+01 5.842326455632168569e-01
2.430000000000000071e+01 7.927824649501178378e-01
2.440000000000000213e+01 1.581598116863908832e+00
2.450000000000000000e+01 6.958019753777234806e-01
2.460000000000000142e+01 5.483439770849011241e-01
2.470000000000000284e+01 1.720475192194426350e+00
2.480000000000000071e+01 2.803227734337263133e+00
2.490000000000000213e+01 2.521712758813146049e+00
2.500000000000000000e+01 2.132953143885774505e+00
2.510000000000000142e+01 6.366622223586226870e-01
2.520000000000000284e+01 1.172236065462129773e+00
2.530000000000000071e+01 9.795397700112774553e-01
2.540000000000000213e+01 5.011465211195050840e-01
2.550000000000000000e+01 2.288422207435059363e-01
2.560000000000000142e+01 1.257726590320861648e+00
2.570000000000000284e+01 2.335867081248173271e-01
2.580000000000000071e+01 7.222432672650980212e-01
2.590000000000000213e+01 9.975223109403131838e-01
2.600000000000000000e+01 6.210482343556570362e-01
2.610000000000000142e+01 1.066405997196325783e+00
2.620000000000000284e+01 1.745724209244364777e+00
2.630000000000000071e+01 1.249366860763641451e+00
2.640000000000000213e+01 5.664666284588627532e-01
2.650000000000000000e+01 4.165115036032439044e-01
2.660000000000000142e+01 3.619460134528990625e-01
2.670000000000000284e+01 8.115776219554731163e-01
2.680000000000000071e+01 3.469877038438243799e-01
2.690000000000000213e+01 4.157867975282704687e-01
2.700000000000000000e+01 8.185633278636494925e-01
2.710000000000000142e+01 9.924927362737392400e-01
2.720000000000000284e+01 1.003292665595869160e+00
2.730000000000000071e+01 1.368766506720100473e+00
2.740000000000000213e+01 1.126742321122553347e+00
2.750000000000000000e+01 5.393856214602852361e-01
2.760000000000000142e+01 9.185042585052616282e-01
2.770000000000000284e+01 1.151641679287863207e+00
2.780000000000000071e+01 3.540259190977922410e-01
2.790000000000000213e+01 5.236619019538304443e-01
2.800000000000000000e+01 7.289714882222906311e-01
2.810000000000000142e+01 4.898362972198376797e-01
2.820000000000000284e+01 1.481156963271506921e+00
2.830000000000000071e+01 1.135079606006359709e+00
2.840000000000000213e+01 1.048776496781762990e+00
2.850000000000000000e+01 6.900603757827674656e-01
2.860000000000000142e+01 8.763008117158138655e-01
2.870000000000000284e+01 5.150453486276921344e-01
2.880000000000000071e+01 3.654255812670068604e-01
2.890000000000000213e+01 3.454019098392041576e-01
2.900000000000000000e+01 5.883057707952701332e-01
2.910000000000000142e+01 9.673708232488882341e-01
2.920000000000000284e+01 5.025812390580890465e-01
2.930000000000000071e+01 4.016491175577887596e-01
2.940000000000000213e+01 5.044967793347342466e-01
2.950000000000000000e+01 1.115055014264679345e+00
2.960000000000000142e+01 8.086489700469348119e-01
2.970000000000000284e+01 1.563751290049814058e+00
2.980000000000000071e+01 9.740367569579663209e-01
2.990000000000000213e+01 1.215133671606791088e+00
3.000000000000000000e+01 5.098891569422319137e-01
3.010000000000000142e+01 1.412354800204853378e+00
3.020000000000000284e+01 7.720904139738615779e-01
3.030000000000000071e+01 9.361802019764439153e-01
3.040000000000000213e+01 1.270101578854865298e+00
3.050000000000000000e+01 9.125990205433124336e-01
3.060000000000000142e+01 1.431416109721012742e+00
3.070000000000000284e+01 1.192637178903510620e+00
3.080000000000000071e+01 6.222068043210948751e-01
3.090000000000000213e+01 5.124783896618552159e-01
3.100000000000000000e+01 9.830804928171772428e-01
3.110000000000000142e+01 8.825731285618708677e-01
3.120000000000000284e+01 7.503733374311757354e-01
3.130000000000000071e+01 8.337850643893466307e-01
3.140000000000000213e+01 8.888776588192849326e-01
3.150000000000000000e+01 5.615292799288185144e-01
3.160000000000000142e+01 1.277494887044635874e+00
3.170000000000000284e+01 1.121338649854531466e+00
3.180000000000000071e+01 4.091216919501197702e-01
3.190000000000000213e+01 5.402125399989863297e-01
3.200000000000000000e+01 8.653436207001815594e-01
3.210000000000000142e+01 1.377843317554987346e+00
3.220000000000000284e+01 9.430682790446095476e-01
3.230000000000000426e+01 1.163876205747326420e+00
3.239999999999999858e+01 1.110368024624749594e+00
3.250000000000000000e+01 1.114331917097195923e+00
3.260000000000000142e+01 1.277522895901438860e+00
3.270000000000000284e+01 5.173076793252716632e-01
3.280000000000000426e+01 4.737939786640618656e-01
3.289999999999999858e+01 9.307378135890560511e-01
3.300000000000000000e+01 1.626824409040270369e+00
3.310000000000000142e+01 9.914656840697235740e-01
3.320000000000000284e+01 4.467938826819330411e-01
3.330000000000000426e+01 9.659226567759966464e-01
3.339999999999999858e+01 4.838660705803495277e-01
3.350000000000000000e+01 4.350474751845858634e-01
3.360000000000000142e+01 4.201035766240533431e-01
3.370000000000000284e+01 8.952767049769536634e-01
3.380000000000000426e+01 1.070577661515078383e+00
3.389999999999999858e+01 1.660303713697592443e+00
3.400000000000000000e+01 2.564829847291466347e+00
3.410000000000000142e+01 2.994753534265687911e+00
3.420000000000000284e+01 2.030747886312583184e+00
3.430000000000000426e+01 1.394262213098414138e+00
3.439999999999999858e+01 9.529429720019471084e-01
3.450000000000000000e+01 8.696821547446752509e-01
3.460000000000000142e+01 7.093729722849090313e-01
3.470000000000000284e+01 1.754227633937954778e+00
3.480000000000000426e+01 2.617437033621944575e+00
3.489999999999999858e+01 1.607509506734168703e+00
3.500000000000000000e+01 1.655936913451843795e+00
3.510000000000000142e+01 1.462914164332177469e+00
3.520000000000000284e+01 9.219208198622508288e-01
3.530000000000000426e+01 1.580674050830008115e+00
3.539999999999999858e+01 1.375636006123999611e+00
3.550000000000000000e+01 1.017339759826494383e+00
3.560000000000000142e+01 1.369738040402805224e+00
3.570000000000000284e+01 8.282275796040279303e-01
3.580000000000000426e+01 1.092469935181313634e+00
3.589999999999999858e+01 1.030974395884667993e+00
3.600000000000000000e+01 1.143487818131410538e+00
3.610000000000000142e+01 1.174537752848701322e+00
3.620000000000000284e+01 1.019433425280773964e+00
3.630000000000000426e+01 3.000370721833111265e+00
3.639999999999999858e+01 3.537182885598806781e+00
3.650000000000000000e+01 1.079008803561916974e+00
3.660000000000000142e+01 2.431079677530324723e+00
3.670000000000000284e+01 1.728729457087314625e+00
3.680000000000000426e+01 1.255234383974629164e+00
3.689999999999999858e+01 1.345209602340809774e+00
3.700000000000000000e+01 2.437911609489880949e+00
3.710000000000000142e+01 1.891264377974108513e+00
3.720000000000000284e+01 1.097426106946059354e+00
3.730000000000000426e+01 1.360859486966989884e+00
3.739999999999999858e+01 1.882677849295338879e+00
3.750000000000000000e+01 1.575066032389619508e+00
3.760000000000000142e+01 1.303967324806713179e+00
3.770000000000000284e+01 1.488354162127086378e+00
3.780000000000000426e+01 1.028698534481227833e+00
3.789999999999999858e+01 9.083813583339824804e-01
3.800000000000000000e+01 9.725071827470360697e-01
3.810000000000000142e+01 1.677900600249447871e+00
3.820000000000000284e+01 1.216977132240311121e+00
3.830000000000000426e+01 1.365276539076066831e+00
3.840000000000000568e+01 1.952565427793614417e+00
3.850000000000000000e+01 2.333797138123955950e+00
3.860000000000000142e+01 1.815042929267978611e+00
3.870000000000000284e+01 3.279843940392335622e+00
3.880000000000000426e+01 1.452624550052879604e+00
3.890000000000000568e+01 2.979851188191437128e+00
3.900000000000000000e+01 3.020478600665020608e+00
3.910000000000000142e+01 2.450675563400873003e+00
3.920000000000000284e+01 3.163796353542351447e+00
3.930000000000000426e+01 4.159925659624042815e+00
3.940000000000000568e+01 3.158351639218759832e+00
3.950000000000000000e+01 4.122715652853186974e+00
3.960000000000000142e+01 3.450873574438689140e+00
3.970000000000000284e+01 3.516152942594440667e+00
3.980000000000000426e+01 4.966801881152825615e+00
3.990000000000000568e+01 2.235772273585373782e+00
4.000000000000000000e+01 6.470508557527382409e-01
4.010000000000000142e+01 2.667987248077428930e+00
4.020000000000000284e+01 6.247135307809484672e+00
4.030000000000000426e+01 5.031251546131017882e+00
4.040000000000000568e+01 8.467586179672727198e+00
4.050000000000000000e+01 4.639078212731544859e+00
4.060000000000000142e+01 9.179639369663124882e+00
4.070000000000000284e+01 3.261554312601257521e+01
4.080000000000000426e+01 1.104142729636133069e+01
4.090000000000000568e+01 9.065862751201908765e+00
4.100000000000000000e+01 8.358158700880276015e+00
4.110000000000000142e+01 8.325209150940978020e+00
4.120000000000000284e+01 8.929902700316139530e+00
4.130000000000000426e+01 9.050818728203450902e+00
4.140000000000000568e+01 2.123398156575859730e+01
4.150000000000000000e+01 1.259244396755875073e+01
4.160000000000000142e+01 1.099830577222599715e+01
4.170000000000000284e+01 9.997251348683221295e+00
4.180000000000000426e+01 6.067879817080303440e+00
4.190000000000000568e+01 3.193022440705294063e+00
4.200000000000000000e+01 3.904984405833564320e+00
4.210000000000000142e+01 2.021977924174099162e+00
4.220000000000000284e+01 1.957265877912729213e+00
4.230000000000000426e+01 2.841388693195315174e+00
4.240000000000000568e+01 2.545191751910389044e+00
4.250000000000000000e+01 4.173929724061998137e+00
4.260000000000000142e+01 1.986432773203167246e+00
4.270000000000000284e+01 3.190056850307857683e+00
4.280000000000000426e+01 3.037735767426327005e+00
4.290000000000000568e+01 5.283701010458847769e+00
4.300000000000000000e+01 4.753381105212794999e+00
4.310000000000000142e+01 3.445535812694382027e+00
4.320000000000000284e+01 3.910190572594911984e+00
4.330000000000000426e+01 4.572419488735296689e+00
4.340000000000000568e+01 5.076602196812311618e+00
4.350000000000000000e+01 8.092857399740625013e+00
4.360000000000000142e+01 8.853822887141156173e+00
4.370000000000000284e+01 7.031777207430008225e+00
4.380000000000000426e+01 8.042691394682764283e+00
4.390000000000000568e+01 3.793935340198022477e+00
4.400000000000000000e+01 5.141336200245206989e+00
4.410000000000000142e+01 6.629589630537442879e+00
4.420000000000000284e+01 7.886445427409071840e+00
4.430000000000000426e+01 7.573126275702097843e+00
4.440000000000000568e+01 4.399473825438033003e+00
4.450000000000000000e+01 4.271317834958114013e+00
4.460000000000000142e+01 7.359943683205091958e+00
4.470000000000000284e+01 4.927665220682093228e+00
4.480000000000000426e+01 1.732731989860718302e+00
4.490000000000000568e+01 1.014282015456336117e+00
4.500000000000000000e+01 1.416695970008326366e+00
4.510000000000000142e+01 3.003249739133504459e+00
4.520000000000000284e+01 1.696150105026777988e+00
4.530000000000000426e+01 1.690959168361905629e+00
4.540000000000000568e+01 3.545887259144917980e+00
4.550000000000000000e+01 3.254358829713882795e+00
4.560000000000000142e+01 1.248694976384124633e+00
4.570000000000000284e+01 2.302975958845423943e+00
4.580000000000000426e+01 3.699786411668768427e+00
4.590000000000000568e+01 1.638016573718268587e+00
4.600000000000000000e+01 1.474827537547530598e+00
4.610000000000000142e+01 2.677379372663713841e+00
4.620000000000000284e+01 3.536601340519128556e+00
4.630000000000000426e+01 3.413969028087749269e+00
4.640000000000000568e+01 4.293652309694662605e+00
4.650000000000000000e+01 2.892432365814998629e+00
4.660000000000000142e+01 3.699558046909930731e+00
4.670000000000000284e+01 5.645994592220842101e+00
4.680000000000000426e+01 2.411439339999347009e+00
4.690000000000000568e+01 1.179671798378834957e+00
4.700000000000000000e+01 2.268482577116209153e+00
4.710000000000000142e+01 2.242267583535717979e+00
4.720000000000000284e+01 4.759312050833021779e+00
4.730000000000000426e+01 4.420980721701102567e+00
4.740000000000000568e+01 2.300322772926974402e+00
4.750000000000000000e+01 2.893452780219682996e+00
4.760000000000000142e+01 2.136490652108780974e+00
4.770000000000000284e+01 2.071661742100590953e+00
4.780000000000000426e+01 3.178853141394035298e+00
4.790000000000000568e+01 2.603415600026556920e+00
4.800000000000000000e+01 4.046247890904796307e+00
4.810000000000000142e+01 4.970576776737308577e+00
4.820000000000000284e+01 1.953406426356934400e+00
4.830000000000000426e+01 4.491663024021851136e+00
4.840000000000000568e+01 3.076813720304704791e+00
4.850000000000000000e+01 2.121280891389714096e+00
4.860000000000000142e+01 1.218495053936528016e+00
4.870000000000000284e+01 8.137430768642168744e-01
4.880000000000000426e+01 8.789246694077612609e-01
4.890000000000000568e+01 1.021548994220441653e+00
4.900000000000000000e+01 2.138110519221687600e+00
4.910000000000000142e+01 3.624577803158159028e+00
4.920000000000000284e+01 5.142111400742670924e+00
4.930000000000000426e+01 3.798186611409684943e+00
4.940000000000000568e+01 6.619568889155584834e+00
4.950000000000000000e+01 6.729145141687562059e+00
4.960000000000000142e+01 6.706785214523253380e+00
4.970000000000000284e+01 3.151007500514112269e+00
4.980000000000000426e+01 2.829155313125772508e+00
4.990000000000000568e+01 2.448948019707606782e+00
5.000000000000000000e+01 2.349178734875637886e+00
5.010000000000000142e+01 1.390903303559734905e+00
5.020000000000000284e+01 1.477100624533324913e+00
5.030000000000000426e+01 1.474915276084943327e+00
5.040000000000000568e+01 4.680404795586638578e+00
5.050000000000000000e+01 3.605184359816866024e+00
5.060000000000000142e+01 3.607765309538856435e+00
5.070000000000000284e+01 4.086857531195879467e+00
5.080000000000000426e+01 4.095497113839249970e+00
5.090000000000000568e+01 3.870799997865797870e+00
5.100000000000000000e+01 2.166374057795063646e+00
5.110000000000000142e+01 1.839189546542312925e+00
5.120000000000000284e+01 1.670169309351256626e+00
5.130000000000000426e+01 3.331985424138725893e+00
5.140000000000000568e+01 3.546743704916318407e+00
5.150000000000000000e+01 3.191926011031290589e+00
5.160000000000000142e+01 2.336290056463388609e+00
5.170000000000000284e+01 2.241656046976728156e+00
5.180000000000000426e+01 1.874845622868982264e+00
5.190000000000000568e+01 2.165520133780852507e+00
5.200000000000000000e+01 1.643727662207231432e+00
5.210000000000000142e+01 9.343929714842605927e-01
5.220000000000000284e+01 8.572689987323989236e-01
5.230000000000000426e+01 6.848095845801134285e-01
5.240000000000000568e+01 1.586008130480853318e+00
5.250000000000000000e+01 9.962630299641920262e-01
5.260000000000000142e+01 2.649684607429100502e+00
5.270000000000000284e+01 2.461601191574234182e+00
5.280000000000000426e+01 3.470391222716722179e+00
5.290000000000000568e+01 3.601550831826897170e+00
5.300000000000000000e+01 4.345068695619122678e+00
5.310000000000000142e+01 4.503932348512643458e+00
5.320000000000000284e+01 3.444033875457278793e+00
5.330000000000000426e+01 2.074371945833263897e+00
5.340000000000000568e+01 1.984235871524482997e+00
5.350000000000000000e+01 6.544646957589326242e-01
5.360000000000000142e+01 5.513943881389624657e-01
5.370000000000000284e+01 1.257913358689187078e+00
5.380000000000000426e+01 3.031005075089173495e+00
5.390000000000000568e+01 2.317120672718952612e+00
5.400000000000000000e+01 1.665481623959701452e+00
5.410000000000000142e+01 1.673931244034492449e+00
5.420000000000000284e+01 1.138254908748320915e+00
5.430000000000000426e+01 6.342062784722258817e-01
5.440000000000000568e+01 1.923906239398644358e+00
5.450000000000000000e+01 2.046427070592773401e+00
5.460000000000000142e+01 7.163699296672265682e-01
5.470000000000000284e+01 2.027079190825198829e+00
5.480000000000000426e+01 4.364965511198868775e+00
5.490000000000000568e+01 3.010359130160551899e+00
5.500000000000000000e+01 1.734620278043880415e+00
5.510000000000000142e+01 1.492839948699761665e+00
5.520000000000000284e+01 1.502824045847140910e+00
5.530000000000000426e+01 1.159934968888307383e+00
5.540000000000000568e+01 1.603605794485828406e+00
5.550000000000000000e+01 1.345424632472289161e+00
5.560000000000000142e+01 7.623137894206181153e-01
5.570000000000000284e+01 1.090426186416048271e+00
5.580000000000000426e+01 2.071945446679286817e+00
5.590000000000000568e+01 9.434570412501007697e-01
5.600000000000000000e+01 1.180518157483282593e+00
5.610000000000000142e+01 1.045078323234984508e+00
5.620000000000000284e+01 2.019367830243575579e+00
5.630000000000000426e+01 1.317966712396027473e+00
5.640000000000000568e+01 1.206275485471878017e+00
5.650000000000000000e+01 1.334101593091735927e+00
5.660000000000000142e+01 8.001308018343584738e-01
5.670000000000000284e+01 1.572308620921647249e+00
5.680000000000000426e+01 1.389910630158197824e+00
5.690000000000000568e+01 1.700178110406975973e+00
5.700000000000000000e+01 2.841934455726531361e+00
5.710000000000000142e+01 4.067488098350827919e+00
5.720000000000000284e+01 5.434665018194189123e+00
5.730000000000000426e+01 4.691891334981842299e+00
5.740000000000000568e+01 3.376734962488047831e+00
5.750000000000000000e+01 4.755923799236317251e+00
5.760000000000000142e+01 2.945594476529194150e+00
5.770000000000000284e+01 2.379299808991727883e+00
5.780000000000000426e+01 1.568423746322227252e+00
5.790000000000000568e+01 1.101279009805030240e+00
5.800000000000000000e+01 1.563913242410564175e+00
5.810000000000000142e+01 1.427124766307595438e+00
5.820000000000000284e+01 1.322321062431421002e+00
5.830000000000000426e+01 1.407923436017322727e+00
5.840000000000000568e+01 2.014139981204651875e+00
5.850000000000000000e+01 1.884876272345126447e+00
5.860000000000000142e+01 2.053130818854814965e+00
5.870000000000000284e+01 9.600711413674861694e-01
5.880000000000000426e+01 5.842700964321846380e-01
5.890000000000000568e+01 8.319271050311284332e-01
5.900000000000000000e+01 9.809205483491584276e-01
5.910000000000000142e+01 1.902153974123943936e+00
5.920000000000000284e+01 1.483537819397104718e+00
5.930000000000000426e+01 1.370506986168599672e+00
5.940000000000000568e+01 1.468606812905919989e+00
5.950000000000000000e+01 3.011009982346299019e+00
5.960000000000000142e+01 1.971372628392781268e+00
5.970000000000000284e+01 1.287586115329666825e+00
5.980000000000000426e+01 1.727509717302239567e+00
5.990000000000000568e+01 1.979817131743223158e+00
6.000000000000000000e+01 1.578025801365153802e+00
6.010000000000000142e+01 1.464603268520775048e+00
6.020000000000000284e+01 1.230240632912847021e+00
6.030000000000000426e+01 1.674981121863937439e+00
6.040000000000000568e+01 2.055926342885695313e+00
6.050000000000000000e+01 2.143253526171390533e+00
6.060000000000000142e+01 3.751346849344527001e+00
6.070000000000000284e+01 3.129443558007251713e+00
6.080000000000000426e+01 1.893306911939444115e+00
6.090000000000000568e+01 2.314601580499351385e+00
6.100000000000000000e+01 2.699602952893274121e+00
6.110000000000000142e+01 4.467195132700930493e+00
6.120000000000000284e+01 2.669556857311310871e+00
6.130000000000000426e+01 2.116123919383031904e+00
6.140000000000000568e+01 2.625931552544140235e+00
6.150000000000000000e+01 2.901747997189355832e+00
6.160000000000000142e+01 1.247437877613286172e+00
6.170000000000000284e+01 2.317882520522986933e+00
6.180000000000000426e+01 1.768338205084449832e+00
6.190000000000000568e+01 1.153632607403705768e+00
6.200000000000000000e+01 1.310070951945822681e+00
6.210000000000000142e+01 4.784331430450381450e-01
6.220000000000000284e+01 5.830459580211093673e-01
6.230000000000000426e+01 8.506290315540131486e-01
6.240000000000000568e+01 1.421932154771189172e+00
6.250000000000000000e+01 2.443647366330647497e+00
6.260000000000000142e+01 2.779481175359680978e-01
6.270000000000000284e+01 7.708373451161634193e-01
6.280000000000000426e+01 1.249752197763361439e+00
6.290000000000000568e+01 2.260304292775556334e+00
6.300000000000000000e+01 1.681104018145105572e+00
6.310000000000000142e+01 7.952952410253155691e+00
6.320000000000000284e+01 8.099380040665900893e+00
6.330000000000000426e+01 1.953669552361437667e+01
6.340000000000000568e+01 3.230077587134587258e+00
6.350000000000000000e+01 1.612031855070165332e+00
6.360000000000000142e+01 2.289886231922660720e+00
6.370000000000000284e+01 1.766644187360037810e+00
6.380000000000000426e+01 1.125129734589472186e+00
6.390000000000000568e+01 7.723374239213157688e-01
6.400000000000000000e+01 1.432443388325571054e-01
6.410000000000000853e+01 1.231228523390870189e+00
6.420000000000000284e+01 1.131997101743817957e+00
6.429999999999999716e+01 1.124006221679314521e+00
6.440000000000000568e+01 8.630013025763995094e-01
6.450000000000000000e+01 2.446516925985818602e+00
6.460000000000000853e+01 1.755302228511837370e+00
6.470000000000000284e+01 1.854380423213816576e+00
6.479999999999999716e+01 2.485305488644341310e+00
6.490000000000000568e+01 2.665239548519441115e+00
6.500000000000000000e+01 2.385712051624861552e+00
6.510000000000000853e+01 2.690433234086609282e+00
6.520000000000000284e+01 2.405382217644174148e+00
6.529999999999999716e+01 2.362773209510463435e+00
6.540000000000000568e+01 2.257382290692081295e+00
6.550000000000000000e+01 1.408104660745834957e+00
6.560000000000000853e+01 1.191237706752261705e+00
6.570000000000000284e+01 1.467414704939065784e+00
6.579999999999999716e+01 1.329874229680970465e+00
6.590000000000000568e+01 1.749807927491400905e+00
6.600000000000000000e+01 1.973155727124804582e+00
6.610000000000000853e+01 6.074307446421911560e-01
6.620000000000000284e+01 3.582465755607778801e-01
6.629999999999999716e+01 1.314238508989031828e+00
6.640000000000000568e+01 1.294888646561065171e+00
6.650000000000000000e+01 9.340977132497662039e-01
6.660000000000000853e+01 1.179214212865388189e+00
6.670000000000000284e+01 1.063654095251044929e+00
6.679999999999999716e+01 8.468859794737922941e-01
6.690000000000000568e+01 9.218560846737998693e-01
6.700000000000000000e+01 1.539334785396006211e+00
6.710000000000000853e+01 2.027770945539691283e+00
6.720000000000000284e+01 9.881602684818404647e-01
6.729999999999999716e+01 2.192947134085939442e+00
6.740000000000000568e+01 6.695531185606531821e+00
6.750000000000000000e+01 6.095576301317644052e+00
6.760000000000000853e+01 5.929365906091928373e+00
6.770000000000000284e+01 3.443726212749841142e+00
6.779999999999999716e+01 1.969402820986960956e+00
6.790000000000000568e+01 2.465654454137202745e+00
6.800000000000000000e+01 2.435624060827314086e+00
6.810000000000000853e+01 9.223023324903926179e-01
6.820000000000000284e+01 1.873190546798953360e+00
6.829999999999999716e+01 1.187418205952931238e+00
6.840000000000000568e+01 2.646881517653885130e+00
6.850000000000000000e+01 1.670823159880236775e+00
6.860000000000000853e+01 1.119630201250717993e+00
6.870000000000000284e+01 9.559738778885472632e-01
6.879999999999999716e+01 4.865408793286364331e-01
6.890000000000000568e+01 2.186159234537004892e+00
6.900000000000000000e+01 1.877394809055612734e+00
6.910000000000000853e+01 2.218815530089172761e+00
6.920000000000000284e+01 2.338506777875164477e+00
6.929999999999999716e+01 3.176044086697281443e+00
6.940000000000000568e+01 4.514189391656811878e+00
6.950000000000000000e+01 5.102288437577070290e+00
6.960000000000000853e+01 2.995923996315083659e+00
6.970000000000000284e+01 2.168295684197863338e+00
6.979999999999999716e+01 1.828364601261078803e+00
6.990000000000000568e+01 2.596401764607983775e+00
7.000000000000000000e+01 2.297505115475279691e+00
7.010000000000000853e+01 1.768347033289243475e+00
7.020000000000000284e+01 1.935665946896593326e+00
7.029999999999999716e+01 2.274125236226247182e+00
7.040000000000000568e+01 1.740330370209014932e+00
7.050000000000000000e+01 2.347203245082481793e+00
7.060000000000000853e+01 2.929316174893030311e+00
7.070000000000000284e+01 1.738118696623745851e+00
7.079999999999999716e+01 3.492979301140203496e+00
7.090000000000000568e+01 1.102436796748057501e+00
7.100000000000000000e+01 1.380616325581596415e+00
7.110000000000000853e+01 1.519464814002178699e+00
7.120000000000000284e+01 2.897806757362235253e+00
7.129999999999999716e+01 2.593722318404247495e+00
7.140000000000000568e+01 6.488439253079161695e+00
7.150000000000000000e+01 4.208495821445110252e+00
7.160000000000000853e+01 5.415129259386586291e+00
7.170000000000000284e+01 5.206362059258813346e+00
7.179999999999999716e+01 3.030581189324990543e+00
7.190000000000000568e+01 3.017914722248224102e+00
7.200000000000000000e+01 6.148203187698090266e-01
7.210000000000000853e+01 1.058485735052080878e+00
7.220000000000000284e+01 1.050691999870636772e+00
7.229999999999999716e+01 2.304325946433229966e+00
7.240000000000000568e+01 3.985027895861633418e+00
7.250000000000000000e+01 2.929131931844213721e+00
7.260000000000000853e+01 4.261651709656064213e+00
7.270000000000000284e+01 7.101565173582408796e+00
7.279999999999999716e+01 6.297296886139271521e+00
7.290000000000000568e+01 3.643006075323820703e+00
7.300000000000000000e+01 1.260558401801941120e+00
7.310000000000000853e+01 1.146646739870556875e+00
7.320000000000000284e+01 2.234563895638320474e+00
7.329999999999999716e+01 2.987024317419573194e+00
7.340000000000000568e+01 1.903856624321785151e+00
7.350000000000000000e+01 1.002191201709653035e+00
7.360000000000000853e+01 3.235395456295367733e+00
7.370000000000000284e+01 3.939632020004964374e+00
7.379999999999999716e+01 3.703161535119453340e+00
7.390000000000000568e+01 1.800183504381519306e+00
7.400000000000000000e+01 2.698450114463294192e+00
7.410000000000000853e+01 5.258852622115725239e+00
7.420000000000000284e+01 5.779587102011837452e+00
7.429999999999999716e+01 3.006296063176093991e+00
7.440000000000000568e+01 2.106251844589093647e+00
7.450000000000000000e+01 1.086934802739789818e+00
7.460000000000000853e+01 2.209217904266459698e+00
7.470000000000000284e+01 1.067600272984943865e+00
7.479999999999999716e+01 9.497315044575928011e-01
7.490000000000000568e+01 2.170368591567394478e+00
7.500000000000000000e+01 1.210672995482402037e+00
7.510000000000000853e+01 2.014404534232703270e+00
7.520000000000000284e+01 1.877821905905369348e+00
7.529999999999999716e+01 1.273787428428143853e+00
7.540000000000000568e+01 1.176881059242994576e+00
7.550000000000000000e+01 8.032339326329861473e-01
7.560000000000000853e+01 8.682312778967588018e-01
7.570000000000000284e+01 6.720335445709690880e-01
7.579999999999999716e+01 1.603071884632523592e+00
7.590000000000000568e+01 1.105243115944670507e+00
7.600000000000000000e+01 1.770962947686971045e+00
7.610000000000000853e+01 4.171418444788385749e+00
7.620000000000000284e+01 3.851606329740922430e+00
7.629999999999999716e+01 2.565571216634415563e+00
7.640000000000000568e+01 1.522692186631525280e+00
7.650000000000000000e+01 2.845307786004922068e+00
7.660000000000000853e+01 2.189592456884337235e+00
7.670000000000000284e+01 1.270345213881213908e+00
7.680000000000001137e+01 1.060832575557480117e+00
7.690000000000000568e+01 2.756995609291884364e+00
7.700000000000000000e+01 1.901266994520268927e+00
7.710000000000000853e+01 4.795495495217142468e-01
7.720000000000000284e+01 1.546740169789091013e+00
7.730000000000001137e+01 1.428068746781092857e+00
7.740000000000000568e+01 8.966272705565571099e-01
7.750000000000000000e+01 1.205025440869879283e+00
7.760000000000000853e+01 1.582239316869312296e+00
7.770000000000000284e+01 8.521703428974120031e-01
7.780000000000001137e+01 1.843277324001729278e+00
7.790000000000000568e+01 1.350028643365202230e+00
7.800000000000000000e+01 5.043650932384695640e-01
7.810000000000000853e+01 1.172269088979282170e+00
7.820000000000000284e+01 9.985411281234675140e-01
7.830000000000001137e+01 3.940812203716398954e-01
7.840000000000000568e+01 8.225400044099945296e-01
7.850000000000000000e+01 9.540644597090309764e-01
7.860000000000000853e+01 4.829946741238371755e-01
7.870000000000000284e+01 8.599453155136111970e-01
7.880000000000001137e+01 7.940240324550867923e-01
7.890000000000000568e+01 2.624871275622861488e-01
7.900000000000000000e+01 3.635679874146025004e-01
7.910000000000000853e+01 6.136565709257328916e-01
7.920000000000000284e+01 8.905400152365615662e-01
7.930000000000001137e+01 3.398950742458351493e-01
7.940000000000000568e+01 1.905114097281760122e-01
7.950000000000000000e+01 1.862312182241542546e-01
7.960000000000000853e+01 1.977686067928207392e-01
7.970000000000000284e+01 1.865713743359574683e-01
7.980000000000001137e+01 1.481630266739134005e-01
7.990000000000000568e+01 5.465062892106498094e-01
8.000000000000000000e+01 2.629201366958348052e-01
8.010000000000000853e+01 2.262591066167387865e-01
8.020000000000000284e+01 1.962678091412020376e-01
8.030000000000001137e+01 1.239222188033469313e-01
8.040000000000000568e+01 1.434407272383967646e-01
8.050000000000000000e+01 1.306426554601012868e-01
8.060000000000000853e+01 1.379371067929365813e-01
8.070000000000000284e+01 7.791379787871306750e-02
8.080000000000001137e+01 2.105957524322328023e-01
8.090000000000000568e+01 1.697939472449902787e-01
8.100000000000000000e+01 1.147815148867740720e-01
8.110000000000000853e+01 1.931375716988845137e-01
8.120000000000000284e+01 1.277450389805709907e-01
8.130000000000001137e+01 6.845411489067093624e-02
8.140000000000000568e+01 1.313037448402723795e-01
8.150000000000000000e+01 2.438929597403640681e-01
8.160000000000000853e+01 1.324230034863429495e-01
8.170000000000000284e+01 1.212661044872116040e-01
8.180000000000001137e+01 4.322041700768436412e-01
8.190000000000000568e+01 3.722914254601462081e-01
8.200000000000000000e+01 2.032069207651560905e-01
8.210000000000000853e+01 2.663656866157886882e-01
8.220000000000000284e+01 2.634908446176565944e-01
8.230000000000001137e+01 1.588089952342580102e-01
8.240000000000000568e+01 2.080576277294887144e-01
8.250000000000000000e+01 1.371358028889755332e-01
8.260000000000000853e+01 2.232099025524386660e-01
8.270000000000000284e+01 6.061220613683020453e-01
8.280000000000001137e+01 6.428788012883362990e-01
8.290000000000000568e+01 8.044034204281130807e-01
8.300000000000000000e+01 8.868057063404016782e-01
8.310000000000000853e+01 1.003121236001949690e+00
8.320000000000000284e+01 5.778096857314664048e-01
8.330000000000001137e+01 3.174471172658568929e-01
8.340000000000000568e+01 3.881089697066006927e-01
8.350000000000000000e+01 3.058177923650581831e-01
8.360000000000000853e+01 4.068520605484627350e-01
8.370000000000000284e+01 3.064909202162651725e-01
8.380000000000001137e+01 4.166653575701514400e-01
8.390000000000000568e+01 8.493497651334105392e-01
8.400000000000000000e+01 3.378523998899718439e-01
8.410000000000000853e+01 3.026546608525944038e-01
8.420000000000000284e+01 7.764112449858299181e-01
8.430000000000001137e+01 4.625048039370143194e-01
8.440000000000000568e+01 8.156358209836673812e-01
8.450000000000000000e+01 1.530528587208954017e+00
8.460000000000000853e+01 3.988784018237820361e-01
8.470000000000000284e+01 3.352934053784548674e-01
8.480000000000001137e+01 2.604169346793975826e-01
8.490000000000000568e+01 5.192399105129504866e-01
8.500000000000000000e+01 4.033643756327968677e-01
8.510000000000000853e+01 3.394767806254078146e-01
8.520000000000000284e+01 5.443704192215226279e-01
8.530000000000001137e+01 1.099785353470743798e+00
8.540000000000000568e+01 5.688114056096149618e-01
8.550000000000000000e+01 8.547904833420403303e-01
8.560000000000000853e+01 7.072362597672270379e-01
8.570000000000000284e+01 3.834575995963872552e-01
8.580000000000001137e+01 4.112747733490258462e-01
8.590000000000000568e+01 1.507443448297881294e-01
8.600000000000000000e+01 5.382755599666187996e-01
8.610000000000000853e+01 5.673135215169408108e-01
8.620000000000000284e+01 3.217265167754506106e-01
8.630000000000001137e+01 5.245116164514064261e-01
8.640000000000000568e+01 8.366619269953238236e-01
8.650000000000000000e+01 5.323872320077184250e-01
8.660000000000000853e+01 1.240226127203282624e+00
8.670000000000000284e+01 4.988837848261154506e-01
8.680000000000001137e+01 5.451846347351043676e-01
8.690000000000000568e+01 2.442465419665618143e-01
8.700000000000000000e+01 2.530725690486840262e-01
8.710000000000000853e+01 3.802612563792543976e-01
8.720000000000000284e+01 2.460437354613890792e-01
8.730000000000001137e+01 7.121604316443582716e-01
8.740000000000000568e+01 1.815741938511930553e-01
8.750000000000000000e+01 2.654352605083231675e-01
8.760000000000000853e+01 1.823486827950557831e-01
8.770000000000000284e+01 2.092966378482401524e-01
8.780000000000001137e+01 3.000317768420918685e-01
8.790000000000000568e+01 1.056493253801636278e+00
8.800000000000000000e+01 2.732049203915895563e-01
8.810000000000000853e+01 5.620769551793520780e-01
8.820000000000000284e+01 6.714724859307488192e-01
8.830000000000001137e+01 2.399178239401598689e-01
8.840000000000000568e+01 3.581149960616332173e-01
8.850000000000000000e+01 4.570329894951664085e-01
8.860000000000000853e+01 6.538648139117049229e-01
8.870000000000000284e+01 4.177421434220302543e-01
8.880000000000001137e+01 5.676176516609020561e-01
8.890000000000000568e+01 2.164492263882128731e-01
8.900000000000000000e+01 2.530213762359996288e-01
8.910000000000000853e+01 4.609806344961504543e-01
8.920000000000000284e+01 1.051970967541569602e+00
8.930000000000001137e+01 6.779615105048250046e-01
8.940000000000000568e+01 9.708627615529055177e-01
8.950000000000000000e+01 4.200018967292967198e-01
8.960000000000000853e+01 4.676009837224111565e-01
8.970000000000000284e+01 4.882293294452412780e-01
8.980000000000001137e+01 5.632131749911235552e-01
8.990000000000000568e+01 1.302237264637224445e+00
9.000000000000000000e+01 7.881425410300357814e-01
9.010000000000000853e+01 2.910245118050139301e-01
9.020000000000000284e+01 2.205921639293950243e+00
9.030000000000001137e+01 1.169216357890732194e+00
9.040000000000000568e+01 8.783755925761620453e-01
9.050000000000000000e+01 1.205053008485064137e+00
9.060000000000000853e+01 1.307407559601247549e+00
9.070000000000000284e+01 1.266453397195163255e+00
9.080000000000001137e+01 8.657921677570116215e-01
9.090000000000000568e+01 7.340096075357928074e-01
9.100000000000000000e+01 9.252487016121088148e-01
9.110000000000000853e+01 6.540777159147993514e-01
9.120000000000000284e+01 9.654379481562344045e-01
9.130000000000001137e+01 9.410874348666119493e-01
9.140000000000000568e+01 9.765660027751020822e-01
9.150000000000000000e+01 1.515016516231058930e+00
9.160000000000000853e+01 2.647208374796220731e+00
9.170000000000000284e+01 2.658330519403331316e+00
9.180000000000001137e+01 2.484382857605566208e+00
9.190000000000000568e+01 1.607483174670719439e+00
9.200000000000000000e+01 1.150126389227743129e+00
9.210000000000000853e+01 2.042567417726830925e+00
9.220000000000000284e+01 2.444456031689009379e+00
9.230000000000001137e+01 2.446931911795386050e+00
9.240000000000000568e+01 1.805255922676374913e+00
9.250000000000000000e+01 1.476262345877739302e+00
9.260000000000000853e+01 2.125055490164561967e+00
9.270000000000000284e+01 1.396427970750926395e+00
9.280000000000001137e+01 1.702561879441043313e+00
9.290000000000000568e+01 1.914864296381791675e+00
9.300000000000000000e+01 7.060582389755746258e-01
9.310000000000000853e+01 3.963054884860414129e-01
9.320000000000000284e+01 1.068365853340277560e+00
9.330000000000001137e+01 1.294067832672535445e+00
9.340000000000000568e+01 2.083196824523547153e-01
9.350000000000000000e+01 5.360714331866331950e-01
9.360000000000000853e+01 6.935556701151065484e-01
9.370000000000000284e+01 1.607841648226892017e+00
9.380000000000001137e+01 3.945915774902053474e-01
9.390000000000000568e+01 8.088726289873980901e-01
9.400000000000000000e+01 3.976692846220208910e-01
9.410000000000000853e+01 6.128668903138098090e-01
9.420000000000000284e+01 3.588072520486700889e-01
9.430000000000001137e+01 7.041523942067460240e-01
9.440000000000000568e+01 2.821351497866691482e-01
9.450000000000000000e+01 4.595974917124048265e-01
9.460000000000000853e+01 3.502726279197734272e-01
9.470000000000000284e+01 1.946053232024386459e-01
9.480000000000001137e+01 8.127834348138918141e-01
9.490000000000000568e+01 3.104316872031067098e-01
9.500000000000000000e+01 5.764735671048838439e-01
9.510000000000000853e+01 6.714717112472937677e-01
9.520000000000000284e+01 3.660000357447044106e-01
9.530000000000001137e+01 2.021065256069277394e-01
9.540000000000000568e+01 1.800378219294777593e-01
9.550000000000000000e+01 9.015561817896650121e-01
9.560000000000000853e+01 7.784700094836056739e-01
9.570000000000000284e+01 9.620186965119530420e-01
9.580000000000001137e+01 1.145730799530535693e+00
9.590000000000000568e+01 6.989979980357642342e-01
9.600000000000000000e+01 4.888704215625759852e-01
9.610000000000000853e+01 4.127120764174939671e-01
9.620000000000000284e+01 6.631985172414120999e-01
9.630000000000001137e+01 4.149078484488843976e-01
9.640000000000000568e+01 7.121958667154192346e-01
9.650000000000000000e+01 5.543218020268730895e-01
9.660000000000000853e+01 8.269570808676575124e-01
9.670000000000000284e+01 2.919940984819212049e-01
9.680000000000001137e+01 3.242408313751815596e-01
9.690000000000000568e+01 2.023687469753487456e+00
9.700000000000000000e+01 1.398202306496414860e+00
9.710000000000000853e+01 1.157259853000700778e+00
9.720000000000000284e+01 7.457068198792988767e-01
9.730000000000001137e+01 3.159784610156338713e-01
9.740000000000000568e+01 3.798813058291694023e-01
9.750000000000000000e+01 7.275008063466432695e-01
9.760000000000000853e+01 4.509048078697229234e-01
9.770000000000000284e+01 7.604630869778916669e-01
9.780000000000001137e+01 7.265910619214580590e-01
9.790000000000000568e+01 1.432622925676311221e+00
9.800000000000000000e+01 7.569787717990832387e-01
9.810000000000000853e+01 3.207201138499717330e-01
9.820000000000000284e+01 5.575610630270778634e-01
9.830000000000001137e+01 1.187822381137178640e+00
9.840000000000000568e+01 8.826051368511810269e-01
9.850000000000000000e+01 1.435500536908114633e+00
9.860000000000000853e+01 1.646455744021989798e+00
9.870000000000000284e+01 7.608343265958520396e-01
9.880000000000001137e+01 4.551512572051737426e-01
9.890000000000000568e+01 4.453835966215037856e-01
9.900000000000000000e+01 1.271761408968415275e+00
9.910000000000000853e+01 6.332206333083963967e-01
9.920000000000000284e+01 9.850248342487470943e-01
9.930000000000001137e+01 6.844555718574880654e-01
9.940000000000000568e+01 9.132574520372949145e-01
9.950000000000000000e+01 3.017742541414598634e-01
9.960000000000000853e+01 2.727959562699193152e-01
9.970000000000000284e+01 2.842757434869181976e-01
9.980000000000001137e+01 1.941369202445445974e-01
9.990000000000000568e+01 1.567143372407606428e-01
