0.000000000000000000e+00 6.376844239148750093e-01
1.000000000000000056e-01 7.830482111482066632e-01
2.000000000000000111e-01 9.935844074935910042e-01
3.000000000000000444e-01 6.453547673866038004e-01
4.000000000000000222e-01 7.879304451855039249e-01
5.000000000000000000e-01 4.682515387185940958e-01
6.000000000000000888e-01 4.227746363014622810e-01
7.000000000000000666e-01 6.233229176086679812e-01
8.000000000000000444e-01 3.778971930709483784e-01
9.000000000000000222e-01 6.197324765054675888e-01
1.000000000000000000e+00 8.161270061237376749e-01
1.100000000000000089e+00 3.062328331703951245e-01
1.200000000000000178e+00 3.400348739476629079e-01
1.300000000000000044e+00 6.975059629477425860e-01
1.400000000000000133e+00 4.957414695388528969e-01
1.500000000000000000e+00 7.400611681957983690e-01
1.600000000000000089e+00 1.154162999094879405e+00
1.700000000000000178e+00 1.348556614487565808e+00
1.800000000000000044e+00 1.233214304461983213e+00
1.900000000000000133e+00 1.144851886375741534e+00
2.000000000000000000e+00 8.677926143966269157e-01
2.100000000000000089e+00 9.523909007837896290e-01
2.200000000000000178e+00 6.994597037347044521e-01
2.300000000000000266e+00 6.259143889885711021e-01
2.400000000000000355e+00 7.989541416346278568e-01
2.500000000000000000e+00 8.733703475845072672e-01
2.600000000000000089e+00 6.549532719814362691e-01
2.700000000000000178e+00 6.729561338104117496e-01
2.800000000000000266e+00 1.393162741370131519e+00
2.900000000000000355e+00 1.219158323143958889e+00
3.000000000000000000e+00 1.727282284187005024e+00
3.100000000000000089e+00 1.525274779850619877e+00
3.200000000000000178e+00 1.316749918931204189e+00
3.300000000000000266e+00 9.305858675762337384e-01
3.400000000000000355e+00 9.043787640860304622e-01
3.500000000000000000e+00 1.176629967733832771e+00
3.600000000000000089e+00 1.138949120173234020e+00
3.700000000000000178e+00 7.193741687393321316e-01
3.800000000000000266e+00 5.333607973081192499e-01
3.900000000000000355e+00 3.938684398353057836e-01
4.000000000000000000e+00 6.786230609837188288e-01
4.100000000000000533e+00 4.928336744299854355e-01
4.200000000000000178e+00 5.764814752187878977e-01
4.299999999999999822e+00 5.830447885601979241e-01
4.400000000000000355e+00 5.450921641869549417e-01
4.500000000000000000e+00 3.679234483307052828e-01
4.600000000000000533e+00 5.805670123095307833e-01
4.700000000000000178e+00 3.799277806402990842e-01
4.800000000000000711e+00 5.072110708900169351e-01
4.900000000000000355e+00 8.133472924293472239e-01
5.000000000000000000e+00 9.218897034434767601e-01
5.100000000000000533e+00 7.169490078227886976e-01
5.200000000000000178e+00 7.122842235724815563e-01
5.300000000000000711e+00 4.286524519517895260e-01
5.400000000000000355e+00 4.004260330545417190e-01
5.500000000000000000e+00 5.569781478453879053e-01
5.600000000000000533e+00 5.679010453378333656e-01
5.700000000000000178e+00 7.667792775392722193e-01
5.800000000000000711e+00 5.850318221822765619e-01
5.900000000000000355e+00 6.312356190970103142e-01
6.000000000000000000e+00 5.879600636385108325e-01
6.100000000000000533e+00 4.386873594978691338e-01
6.200000000000000178e+00 5.393676563163850579e-01
6.300000000000000711e+00 5.617704953784554700e-01
6.400000000000000355e+00 7.332582217639684874e-01
6.500000000000000000e+00 7.780854002123616109e-01
6.600000000000000533e+00 2.929750250668983758e-01
6.700000000000000178e+00 5.933766603342524038e-01
6.800000000000000711e+00 5.283847972024333650e-01
6.900000000000000355e+00 9.708291923531845447e-01
7.000000000000000000e+00 7.545975372553220817e-01
7.100000000000000533e+00 9.081457084779067657e-01
7.200000000000000178e+00 7.084197834885316292e-01
7.300000000000000711e+00 8.793130647084088647e-01
7.400000000000000355e+00 7.175979033521459050e-01
7.500000000000000000e+00 5.168315895127900683e-01
7.600000000000000533e+00 7.616294589392238468e-01
7.700000000000000178e+00 7.660330340740227895e-01
7.800000000000000711e+00 4.495110575897381389e-01
7.900000000000000355e+00 6.077393018169306993e-01
8.000000000000000000e+00 6.332913254001363290e-01
8.099999999999999645e+00 9.379255221503792761e-01
8.200000000000001066e+00 7.546780379031440278e-01
8.300000000000000711e+00 5.527481101026588961e-01
8.400000000000000355e+00 8.717335155727627960e-01
8.500000000000000000e+00 3.971393885052859063e-01
8.599999999999999645e+00 5.489898413503769836e-01
8.700000000000001066e+00 5.967665906534407316e-01
8.800000000000000711e+00 8.209416967150493516e-01
8.900000000000000355e+00 8.129946840384350004e-01
9.000000000000000000e+00 1.386832816058052309e+00
9.099999999999999645e+00 1.455175822488024240e+00
9.200000000000001066e+00 1.090684612241832552e+00
9.300000000000000711e+00 8.306753333968108777e-01
9.400000000000000355e+00 4.201646873557289830e-01
9.500000000000000000e+00 6.911440873056058365e-01
9.600000000000001421e+00 7.765244586048164477e-01
9.700000000000001066e+00 1.005598265862052809e+00
9.800000000000000711e+00 1.029255061242515978e+00
9.900000000000000355e+00 8.150938466974435581e-01
1.000000000000000000e+01 7.618989813997664173e-01
1.010000000000000142e+01 9.852497857826262306e-01
1.020000000000000107e+01 1.388321500235201844e+00
1.030000000000000071e+01 8.275737534519572725e-01
1.040000000000000036e+01 8.174948425900501192e-01
1.050000000000000000e+01 3.420584608451823772e-01
1.060000000000000142e+01 7.285866713964080921e-01
1.070000000000000107e+01 6.605400202744570182e-01
1.080000000000000071e+01 8.108329818935625655e-01
1.090000000000000036e+01 1.097189566958628237e+00
1.100000000000000000e+01 7.778926065908774445e-01
1.110000000000000142e+01 6.674217990045518967e-01
1.120000000000000107e+01 5.145631549392889470e-01
1.130000000000000071e+01 3.216486047804901771e-01
1.140000000000000036e+01 4.386647031317019718e-01
1.150000000000000000e+01 3.803546757680296153e-01
1.160000000000000142e+01 3.662409101776086251e-01
1.170000000000000107e+01 6.915337971333777034e-01
1.180000000000000071e+01 4.765274338764560191e-01
1.190000000000000036e+01 5.549085216362847905e-01
1.200000000000000000e+01 5.045794269618655292e-01
1.210000000000000142e+01 6.510257947471126405e-01
1.220000000000000107e+01 4.189079397639774993e-01
1.230000000000000071e+01 5.716742220305029987e-01
1.240000000000000036e+01 1.097566012414359582e+00
1.250000000000000000e+01 6.764198315122185168e-01
1.260000000000000142e+01 8.972212113603372785e-01
1.270000000000000107e+01 8.663779367185978630e-01
1.280000000000000071e+01 4.979956805400214126e-01
1.290000000000000036e+01 5.958163999047779713e-01
1.300000000000000000e+01 1.124744356998620187e+00
1.310000000000000142e+01 8.421153433640748975e-01
1.320000000000000107e+01 6.639042826125066687e-01
1.330000000000000071e+01 9.983726708540096029e-01
1.340000000000000036e+01 1.006873559982493171e+00
1.350000000000000000e+01 1.535745110301345973e+00
1.360000000000000142e+01 1.357683562476538874e+00
1.370000000000000107e+01 1.596464185760477328e+00
1.380000000000000071e+01 1.992973728811393785e+00
1.390000000000000036e+01 2.223553775960263046e+00
1.400000000000000000e+01 2.798781347136811259e+00
1.410000000000000142e+01 1.828266934431028279e+00
1.420000000000000107e+01 1.499509249994405824e+00
1.430000000000000071e+01 1.665535053997782233e+00
1.440000000000000036e+01 3.484770181422715218e+00
1.450000000000000000e+01 3.743861457218050859e+00
1.460000000000000142e+01 2.449279028849097539e+00
1.470000000000000107e+01 2.633480349223483508e+00
1.480000000000000071e+01 2.805624229263108838e+00
1.490000000000000036e+01 2.741540103897591063e+00
1.500000000000000000e+01 2.038502882045645670e+00
1.510000000000000142e+01 1.631863853966277311e+00
1.520000000000000107e+01 1.874662021371248155e+00
1.530000000000000071e+01 1.531007748986642492e+00
1.540000000000000036e+01 1.487565394237358340e+00
1.550000000000000000e+01 1.211598363918812371e+00
1.560000000000000142e+01 1.409831576786581886e+00
1.570000000000000107e+01 1.245970832314970522e+00
1.580000000000000071e+01 8.342365664478315068e-01
1.590000000000000036e+01 6.823086207760767907e-01
1.600000000000000000e+01 1.170444811958309073e+00
1.610000000000000142e+01 9.242574199196945672e-01
1.619999999999999929e+01 6.650499183087367205e-01
1.630000000000000071e+01 8.080153514955357164e-01
1.640000000000000213e+01 8.921649298713848486e-01
1.650000000000000000e+01 1.864155270385655427e+00
1.660000000000000142e+01 1.558292362684670751e+00
1.669999999999999929e+01 1.381946569423141646e+00
1.680000000000000071e+01 9.409299737622810467e-01
1.690000000000000213e+01 9.377201669049458621e-01
1.700000000000000000e+01 1.192560481907065428e+00
1.710000000000000142e+01 8.440397934007289882e-01
1.719999999999999929e+01 5.758734960874608566e-01
1.730000000000000071e+01 6.928465867069590889e-01
1.740000000000000213e+01 3.979572870211146585e-01
1.750000000000000000e+01 5.178507650338355361e-01
1.760000000000000142e+01 5.030149262379378650e-01
1.769999999999999929e+01 5.265680843071919304e-01
1.780000000000000071e+01 7.850569351614119507e-01
1.790000000000000213e+01 7.896868190576493696e-01
1.800000000000000000e+01 8.138090234471823115e-01
1.810000000000000142e+01 6.281434436962793910e-01
1.819999999999999929e+01 1.027995103223174000e+00
1.830000000000000071e+01 8.692501474245486470e-01
1.840000000000000213e+01 9.486091820230838634e-01
1.850000000000000000e+01 1.221215186407264897e+00
1.860000000000000142e+01 9.681845134719941903e-01
1.869999999999999929e+01 1.055831400975703938e+00
1.880000000000000071e+01 1.002481413066712124e+00
1.890000000000000213e+01 8.958594187465880321e-01
1.900000000000000000e+01 9.506473292550114973e-01
1.910000000000000142e+01 1.326463154468660699e+00
1.920000000000000284e+01 1.598904911813634921e+00
1.930000000000000071e+01 1.662681805863098994e+00
1.940000000000000213e+01 1.756456114021448522e+00
1.950000000000000000e+01 1.419909186842536863e+00
1.960000000000000142e+01 1.064127331371435004e+00
1.970000000000000284e+01 1.514076380628978535e+00
1.980000000000000071e+01 1.916790358856375054e+00
1.990000000000000213e+01 2.299574179858088208e+00
2.000000000000000000e+01 2.192039169576212476e+00
2.010000000000000142e+01 1.606247551292935283e+00
2.020000000000000284e+01 1.672436730008497907e+00
2.030000000000000071e+01 1.814716361563841307e+00
2.040000000000000213e+01 1.600886378372037511e+00
2.050000000000000000e+01 1.270585260112153003e+00
2.060000000000000142e+01 1.778836544240967266e+00
2.070000000000000284e+01 1.761260678211205022e+00
2.080000000000000071e+01 1.937928498890238327e+00
2.090000000000000213e+01 1.583825168888895796e+00
2.100000000000000000e+01 9.413097401282422005e-01
2.110000000000000142e+01 1.704393426552178958e+00
2.120000000000000284e+01 1.225413191637291677e+00
2.130000000000000071e+01 1.464696286332928699e+00
2.140000000000000213e+01 1.008784152930720879e+00
2.150000000000000000e+01 9.684535095814499339e-01
2.160000000000000142e+01 1.509556959877481175e+00
2.170000000000000284e+01 1.166767651371485304e+00
2.180000000000000071e+01 1.026819385965973330e+00
2.190000000000000213e+01 8.073778327078519057e-01
2.200000000000000000e+01 8.858449514360521304e-01
2.210000000000000142e+01 1.157451743516062725e+00
2.220000000000000284e+01 1.736671357831221840e+00
2.230000000000000071e+01 1.374001516976293136e+00
2.240000000000000213e+01 6.564635942219417819e-01
2.250000000000000000e+01 6.254506200476900313e-01
2.260000000000000142e+01 8.670172560122854089e-01
2.270000000000000284e+01 6.612863376240556423e-01
2.280000000000000071e+01 9.322556171805627123e-01
2.290000000000000213e+01 9.024934276549274603e-01
2.300000000000000000e+01 7.519859373717591167e-01
2.310000000000000142e+01 1.218498876090692074e+00
2.320000000000000284e+01 1.002096973303523431e+00
2.330000000000000071e+01 9.424179865900291775e-01
2.340000000000000213e+01 1.105067925726704425e+00
2.350000000000000000e+01 1.300348565830378389e+00
2.360000000000000142e+01 1.584612715181313858e+00
2.370000000000000284e+01 1.962517916089569825e+00
2.380000000000000071e+01 1.438229511875637856e+00
2.390000000000000213e+01 1.568172733794177987e+00
2.400000000000000000e+01 1.419840574172297698e+00
2.410000000000000142e+01 1.143281151163205722e+00
2.420000000000000284e+01 6.534630249455394280e-01
2.430000000000000071e+01 9.188187897832101880e-01
2.440000000000000213e+01 1.164969474969264729e+00
2.450000000000000000e+01 1.440016352420208534e+00
2.460000000000000142e+01 1.311631501775189168e+00
2.470000000000000284e+01 1.486904054102382799e+00
2.480000000000000071e+01 1.388676912388649098e+00
2.490000000000000213e+01 1.483044179328389056e+00
2.500000000000000000e+01 1.401658590860127340e+00
2.510000000000000142e+01 1.455657771382702803e+00
2.520000000000000284e+01 1.754202077018319317e+00
2.530000000000000071e+01 1.698528914147627189e+00
2.540000000000000213e+01 1.266257175524406087e+00
2.550000000000000000e+01 8.601409300145993475e-01
2.560000000000000142e+01 1.001721750291383550e+00
2.570000000000000284e+01 1.203146928860875597e+00
2.580000000000000071e+01 1.419873992184720102e+00
2.590000000000000213e+01 1.248613700194553422e+00
2.600000000000000000e+01 1.099043845538005382e+00
2.610000000000000142e+01 1.308857359451542690e+00
2.620000000000000284e+01 1.647124002046960189e+00
2.630000000000000071e+01 1.874694874058719929e+00
2.640000000000000213e+01 1.457860441443590060e+00
2.650000000000000000e+01 1.560959576663961013e+00
2.660000000000000142e+01 1.358465310867378095e+00
2.670000000000000284e+01 1.383150990627918686e+00
2.680000000000000071e+01 1.477115323330683738e+00
2.690000000000000213e+01 1.400808647050881151e+00
2.700000000000000000e+01 1.081731761964777050e+00
2.710000000000000142e+01 1.270456501936100491e+00
2.720000000000000284e+01 8.570767867882005397e-01
2.730000000000000071e+01 8.785855935845028331e-01
2.740000000000000213e+01 9.256106684050047217e-01
2.750000000000000000e+01 1.007778931785066723e+00
2.760000000000000142e+01 1.062367666178124281e+00
2.770000000000000284e+01 9.767714800613294113e-01
2.780000000000000071e+01 1.205789309990813463e+00
2.790000000000000213e+01 9.041187588092187699e-01
2.800000000000000000e+01 8.213499453748307477e-01
2.810000000000000142e+01 6.212131093035204721e-01
2.820000000000000284e+01 8.945936189444052555e-01
2.830000000000000071e+01 7.979950764913784633e-01
2.840000000000000213e+01 6.386512102499662946e-01
2.850000000000000000e+01 8.554688901814229141e-01
2.860000000000000142e+01 9.800946968147489224e-01
2.870000000000000284e+01 6.806293584218902071e-01
2.880000000000000071e+01 1.029291470463254532e+00
2.890000000000000213e+01 1.254365381017643832e+00
2.900000000000000000e+01 7.109941931838490436e-01
2.910000000000000142e+01 5.027911624387909617e-01
2.920000000000000284e+01 7.274023467043456703e-01
2.930000000000000071e+01 6.259968712318203510e-01
2.940000000000000213e+01 7.905183675724681835e-01
2.950000000000000000e+01 8.104072170173542977e-01
2.960000000000000142e+01 6.414398660328308743e-01
2.970000000000000284e+01 1.010920127701665505e+00
2.980000000000000071e+01 9.462063012436000564e-01
2.990000000000000213e+01 7.405732949543462063e-01
3.000000000000000000e+01 5.054547661186515883e-01
3.010000000000000142e+01 4.204426738528001528e-01
3.020000000000000284e+01 6.963370200661906928e-01
3.030000000000000071e+01 9.835592047729083687e-01
3.040000000000000213e+01 1.060179245880158216e+00
3.050000000000000000e+01 1.108580058910662913e+00
3.060000000000000142e+01 1.115624556779948984e+00
3.070000000000000284e+01 1.434622268890100028e+00
3.080000000000000071e+01 8.870702493163930002e-01
3.090000000000000213e+01 7.968616750804079496e-01
3.100000000000000000e+01 8.938438348312702786e-01
3.110000000000000142e+01 1.055854789529986570e+00
3.120000000000000284e+01 1.193408492430039880e+00
3.130000000000000071e+01 1.201786215428358062e+00
3.140000000000000213e+01 8.067206497031641499e-01
3.150000000000000000e+01 1.042040739911934244e+00
3.160000000000000142e+01 8.341243317603734830e-01
3.170000000000000284e+01 9.602568895379131053e-01
3.180000000000000071e+01 1.412162722412851679e+00
3.190000000000000213e+01 9.928283981659071777e-01
3.200000000000000000e+01 1.340138517198455670e+00
3.210000000000000142e+01 1.231221005983063055e+00
3.220000000000000284e+01 6.564584542230975650e-01
3.230000000000000426e+01 6.949396122382265339e-01
3.239999999999999858e+01 5.895032722902099342e-01
3.250000000000000000e+01 1.116232635597122602e+00
3.260000000000000142e+01 1.209170445009861261e+00
3.270000000000000284e+01 9.134316823375159267e-01
3.280000000000000426e+01 1.082577931062431942e+00
3.289999999999999858e+01 9.137628687454926180e-01
3.300000000000000000e+01 5.737854814233990242e-01
3.310000000000000142e+01 9.945050626124023463e-01
3.320000000000000284e+01 1.114027617145164850e+00
3.330000000000000426e+01 1.216780198836164617e+00
3.339999999999999858e+01 8.858805549321134842e-01
3.350000000000000000e+01 7.869969287182220219e-01
3.360000000000000142e+01 9.684821828807752553e-01
3.370000000000000284e+01 9.785332666926357392e-01
3.380000000000000426e+01 8.216631412771994158e-01
3.389999999999999858e+01 1.076986349736188453e+00
3.400000000000000000e+01 9.162199913972298715e-01
3.410000000000000142e+01 7.639506844955453735e-01
3.420000000000000284e+01 5.294652249111025943e-01
3.430000000000000426e+01 5.554595325152085206e-01
3.439999999999999858e+01 6.556596881908685059e-01
3.450000000000000000e+01 4.858211750991911493e-01
3.460000000000000142e+01 5.641504343092725859e-01
3.470000000000000284e+01 7.226355198927532086e-01
3.480000000000000426e+01 7.890116525233994427e-01
3.489999999999999858e+01 5.679265440433847179e-01
3.500000000000000000e+01 4.005643753045847189e-01
3.510000000000000142e+01 6.216077757749106647e-01
3.520000000000000284e+01 5.852404291497507183e-01
3.530000000000000426e+01 6.584546955396936019e-01
3.539999999999999858e+01 6.904352709886315553e-01
3.550000000000000000e+01 6.546140996578285742e-01
3.560000000000000142e+01 7.720104841244986860e-01
3.570000000000000284e+01 1.121433252638067923e+00
3.580000000000000426e+01 1.000234990249467382e+00
3.589999999999999858e+01 5.921534185706718301e-01
3.600000000000000000e+01 6.873076923940355520e-01
3.610000000000000142e+01 8.161148219337085452e-01
3.620000000000000284e+01 5.904213954179146073e-01
3.630000000000000426e+01 9.392983926379959714e-01
3.639999999999999858e+01 1.006084592516439669e+00
3.650000000000000000e+01 1.469082081501455361e+00
3.660000000000000142e+01 1.277371171188093735e+00
3.670000000000000284e+01 1.239818107702327366e+00
3.680000000000000426e+01 1.104170218923199442e+00
3.689999999999999858e+01 1.299655982651042763e+00
3.700000000000000000e+01 1.237219978156769429e+00
3.710000000000000142e+01 1.445906312423064000e+00
3.720000000000000284e+01 1.774948057307634164e+00
3.730000000000000426e+01 2.166007515927310223e+00
3.739999999999999858e+01 1.902159813521067333e+00
3.750000000000000000e+01 2.448514275582959865e+00
3.760000000000000142e+01 2.138915559451997073e+00
3.770000000000000284e+01 1.893683921657386637e+00
3.780000000000000426e+01 1.637310623145618038e+00
3.789999999999999858e+01 1.405916350485734156e+00
3.800000000000000000e+01 1.766210914483841599e+00
3.810000000000000142e+01 2.305476170418278237e+00
3.820000000000000284e+01 1.464645219329823167e+00
3.830000000000000426e+01 1.198517874406870742e+00
3.840000000000000568e+01 8.927809871617210513e-01
3.850000000000000000e+01 1.130394545089651093e+00
3.860000000000000142e+01 1.512900204841964635e+00
3.870000000000000284e+01 1.221110389754895609e+00
3.880000000000000426e+01 2.014067822665702057e+00
3.890000000000000568e+01 1.232505061316176986e+00
3.900000000000000000e+01 1.302434183572852122e+00
3.910000000000000142e+01 1.976152461190608500e+00
3.920000000000000284e+01 1.098123935606277524e+00
3.930000000000000426e+01 1.236169130355991186e+00
3.940000000000000568e+01 1.566442882962082006e+00
3.950000000000000000e+01 1.270713147157492173e+00
3.960000000000000142e+01 1.281746248554652023e+00
3.970000000000000284e+01 1.225389442424111408e+00
3.980000000000000426e+01 1.143022837506781242e+00
3.990000000000000568e+01 1.021847428482159703e+00
4.000000000000000000e+01 7.955261419656415312e-01
4.010000000000000142e+01 6.174701521672953941e-01
4.020000000000000284e+01 6.728784748602890664e-01
4.030000000000000426e+01 5.388838720829467466e-01
4.040000000000000568e+01 3.758013185991216365e-01
4.050000000000000000e+01 6.973911755234477594e-01
4.060000000000000142e+01 4.902486464075688777e-01
4.070000000000000284e+01 6.379777095051953895e-01
4.080000000000000426e+01 6.067522484704162000e-01
4.090000000000000568e+01 7.775050072817466518e-01
4.100000000000000000e+01 5.891870973329306205e-01
4.110000000000000142e+01 9.654932751512966815e-01
4.120000000000000284e+01 1.073619612652532362e+00
4.130000000000000426e+01 9.852539495095222755e-01
4.140000000000000568e+01 1.197822052501441137e+00
4.150000000000000000e+01 1.241539963576130834e+00
4.160000000000000142e+01 1.436620606684672730e+00
4.170000000000000284e+01 1.873610838436436943e+00
4.180000000000000426e+01 1.441858400115147765e+00
4.190000000000000568e+01 8.649460831120397986e-01
4.200000000000000000e+01 7.984645797971252623e-01
4.210000000000000142e+01 1.066614115915873739e+00
4.220000000000000284e+01 1.072918606261822116e+00
4.230000000000000426e+01 7.188325594642351879e-01
4.240000000000000568e+01 7.372298434354880303e-01
4.250000000000000000e+01 1.041060554994938991e+00
4.260000000000000142e+01 6.261805472913344328e-01
4.270000000000000284e+01 1.191401645412390575e+00
4.280000000000000426e+01 1.079915618059781313e+00
4.290000000000000568e+01 9.053926636203858402e-01
4.300000000000000000e+01 1.417649824542819070e+00
4.310000000000000142e+01 1.326619313212153539e+00
4.320000000000000284e+01 1.202297640058549888e+00
4.330000000000000426e+01 7.153057185864751810e-01
4.340000000000000568e+01 8.826146841977188240e-01
4.350000000000000000e+01 2.084510096605610485e+00
4.360000000000000142e+01 2.178577477997048817e+00
4.370000000000000284e+01 1.761851319742170574e+00
4.380000000000000426e+01 1.432436228352226282e+00
4.390000000000000568e+01 1.046571500047847714e+00
4.400000000000000000e+01 1.693109247093101732e+00
4.410000000000000142e+01 1.373756904592126293e+00
4.420000000000000284e+01 1.231520781274257015e+00
4.430000000000000426e+01 1.388116712854463586e+00
4.440000000000000568e+01 9.272383069687308854e-01
4.450000000000000000e+01 1.000819741481917324e+00
4.460000000000000142e+01 4.800700497202772810e-01
4.470000000000000284e+01 5.445157754676041018e-01
4.480000000000000426e+01 9.038288523895162685e-01
4.490000000000000568e+01 1.299862119621214562e+00
4.500000000000000000e+01 7.383950038097070179e-01
4.510000000000000142e+01 3.264708421203852962e-01
4.520000000000000284e+01 2.517018928288428659e-01
4.530000000000000426e+01 3.480663594696904450e-01
4.540000000000000568e+01 5.704062406351668724e-01
4.550000000000000000e+01 6.237969444517674766e-01
4.560000000000000142e+01 6.056962238144388833e-01
4.570000000000000284e+01 5.182561094157750459e-01
4.580000000000000426e+01 9.511198715309515661e-01
4.590000000000000568e+01 7.196995008028159724e-01
4.600000000000000000e+01 5.476117032670535512e-01
4.610000000000000142e+01 7.445883629840930329e-01
4.620000000000000284e+01 5.356304267334357494e-01
4.630000000000000426e+01 4.116977743722870509e-01
4.640000000000000568e+01 3.684426706065783153e-01
4.650000000000000000e+01 4.607664718281610505e-01
4.660000000000000142e+01 3.691328382501245509e-01
4.670000000000000284e+01 4.183798437117645652e-01
4.680000000000000426e+01 4.471617101576360609e-01
4.690000000000000568e+01 5.970290341398096778e-01
4.700000000000000000e+01 6.841648273033722472e-01
4.710000000000000142e+01 5.612489315521438371e-01
4.720000000000000284e+01 5.632237912550964731e-01
4.730000000000000426e+01 4.985478451953144763e-01
4.740000000000000568e+01 4.133989391989803530e-01
4.750000000000000000e+01 3.352288751844100245e-01
4.760000000000000142e+01 3.484444939857267443e-01
4.770000000000000284e+01 6.062435556732559405e-01
4.780000000000000426e+01 6.485062857799641645e-01
4.790000000000000568e+01 4.984276246609904426e-01
4.800000000000000000e+01 3.767075849882845495e-01
4.810000000000000142e+01 3.755004629823938678e-01
4.820000000000000284e+01 4.046161738891764781e-01
4.830000000000000426e+01 3.697900944957325242e-01
4.840000000000000568e+01 4.854326881386847314e-01
4.850000000000000000e+01 4.502671667656987231e-01
4.860000000000000142e+01 6.666378686334691883e-01
4.870000000000000284e+01 5.857152595218418911e-01
4.880000000000000426e+01 1.244573682731099640e-01
4.890000000000000568e+01 4.634675160094338109e-01
4.900000000000000000e+01 4.231957026219461127e-01
4.910000000000000142e+01 3.421947324929358047e-01
4.920000000000000284e+01 2.612333141999147457e-01
4.930000000000000426e+01 2.692010634988513118e-01
4.940000000000000568e+01 4.224563843074501945e-01
4.950000000000000000e+01 2.194708422172516049e-01
4.960000000000000142e+01 4.647181318107994064e-01
4.970000000000000284e+01 5.177679773374331829e-01
4.980000000000000426e+01 7.175358660616527606e-01
4.990000000000000568e+01 7.155791970352790576e-01
5.000000000000000000e+01 6.903425163310288326e-01
5.010000000000000142e+01 7.152941060263268147e-01
5.020000000000000284e+01 5.058459183385125568e-01
5.030000000000000426e+01 4.524515862057861826e-01
5.040000000000000568e+01 3.843546894145328241e-01
5.050000000000000000e+01 4.856776091143812368e-01
5.060000000000000142e+01 3.997805326207706234e-01
5.070000000000000284e+01 8.146059276782470215e-01
5.080000000000000426e+01 9.247778535851342019e-01
5.090000000000000568e+01 3.682204850949598041e-01
5.100000000000000000e+01 5.085111072891000950e-01
5.110000000000000142e+01 4.198364468898109214e-01
5.120000000000000284e+01 5.701822960410124486e-01
5.130000000000000426e+01 5.118160923137955454e-01
5.140000000000000568e+01 4.815444947921128649e-01
5.150000000000000000e+01 5.830933518365395418e-01
5.160000000000000142e+01 6.992251474299533420e-01
5.170000000000000284e+01 7.096987745486550425e-01
5.180000000000000426e+01 6.525647128030380717e-01
5.190000000000000568e+01 6.409987816206387246e-01
5.200000000000000000e+01 7.774314911739002021e-01
5.210000000000000142e+01 8.355459390647249629e-01
5.220000000000000284e+01 6.650453083091979467e-01
5.230000000000000426e+01 5.249320507064045849e-01
5.240000000000000568e+01 6.624569289094230928e-01
5.250000000000000000e+01 6.420765683576723504e-01
5.260000000000000142e+01 5.906606427047018659e-01
5.270000000000000284e+01 6.212967674720858424e-01
5.280000000000000426e+01 6.383766374689729961e-01
5.290000000000000568e+01 7.699489323892171333e-01
5.300000000000000000e+01 5.098199886723191465e-01
5.310000000000000142e+01 8.060399808572182856e-01
5.320000000000000284e+01 8.218525487655339301e-01
5.330000000000000426e+01 5.091115258367109320e-01
5.340000000000000568e+01 4.624658406875786221e-01
5.350000000000000000e+01 4.049021940925646712e-01
5.360000000000000142e+01 4.792624034594791804e-01
5.370000000000000284e+01 9.208975858293180217e-01
5.380000000000000426e+01 1.534034231326197872e+00
5.390000000000000568e+01 1.578766864951055782e+00
5.400000000000000000e+01 4.185502639295680893e+00
5.410000000000000142e+01 1.909380840066169149e+00
5.420000000000000284e+01 1.105110041313737801e+00
5.430000000000000426e+01 5.567840293135885021e-01
5.440000000000000568e+01 6.671059182224360340e-01
5.450000000000000000e+01 6.957736920697233929e-01
5.460000000000000142e+01 6.633118640978392655e-01
5.470000000000000284e+01 9.891063053376282221e-01
5.480000000000000426e+01 4.591188650631600199e-01
5.490000000000000568e+01 7.698094487850213330e-01
5.500000000000000000e+01 1.184792002989541349e+00
5.510000000000000142e+01 1.061304350603511137e+00
5.520000000000000284e+01 1.250772384405041793e+00
5.530000000000000426e+01 7.477930992362257223e-01
5.540000000000000568e+01 9.741473458596785484e-01
5.550000000000000000e+01 1.161932536461450116e+00
5.560000000000000142e+01 7.289281070601876245e-01
5.570000000000000284e+01 8.530861686065629446e-01
5.580000000000000426e+01 8.718931181115719964e-01
5.590000000000000568e+01 1.387680836802602791e+00
5.600000000000000000e+01 9.170390467042164317e-01
5.610000000000000142e+01 1.179936551161386404e+00
5.620000000000000284e+01 8.471009324085495562e-01
5.630000000000000426e+01 1.116766447270215901e+00
5.640000000000000568e+01 1.485789314171827913e+00
5.650000000000000000e+01 1.523093486529646157e+00
5.660000000000000142e+01 1.127462983572761646e+00
5.670000000000000284e+01 1.433641603624096428e+00
5.680000000000000426e+01 1.529701092977434840e+00
5.690000000000000568e+01 2.099429019173233879e+00
5.700000000000000000e+01 1.482217998204348186e+00
5.710000000000000142e+01 1.342865461440116093e+00
5.720000000000000284e+01 9.067901527661118566e-01
5.730000000000000426e+01 7.445412392628325549e-01
5.740000000000000568e+01 1.056234851593602642e+00
5.750000000000000000e+01 8.693063229696966765e-01
5.760000000000000142e+01 8.164202488677217984e-01
5.770000000000000284e+01 7.779434221325167709e-01
5.780000000000000426e+01 8.709838290198252952e-01
5.790000000000000568e+01 7.744017612200421175e-01
5.800000000000000000e+01 5.492892337145455217e-01
5.810000000000000142e+01 6.116047057296679634e-01
5.820000000000000284e+01 1.191360162183242366e+00
5.830000000000000426e+01 1.103067827219688324e+00
5.840000000000000568e+01 9.657993940336444538e-01
5.850000000000000000e+01 8.859172656331858464e-01
5.860000000000000142e+01 5.155918565100565676e-01
5.870000000000000284e+01 6.825612546876409503e-01
5.880000000000000426e+01 7.266087215940973953e-01
5.890000000000000568e+01 1.220281934627343912e+00
5.900000000000000000e+01 1.094660945264152918e+00
5.910000000000000142e+01 1.046453572984950009e+00
5.920000000000000284e+01 6.244256921861616183e-01
5.930000000000000426e+01 3.809866338223439342e-01
5.940000000000000568e+01 6.725305326997431665e-01
5.950000000000000000e+01 4.139494719733098904e-01
5.960000000000000142e+01 9.599964178043380869e-01
5.970000000000000284e+01 1.085390100023906346e+00
5.980000000000000426e+01 8.085605876580206353e-01
5.990000000000000568e+01 7.846035478205106717e-01
6.000000000000000000e+01 6.649384752661809950e-01
6.010000000000000142e+01 9.103802823367718178e-01
6.020000000000000284e+01 7.542270642147888005e-01
6.030000000000000426e+01 7.977755774422408130e-01
6.040000000000000568e+01 9.655206054326966880e-01
6.050000000000000000e+01 7.835900109623561427e-01
6.060000000000000142e+01 6.645700516214678721e-01
6.070000000000000284e+01 5.659434361014821224e-01
6.080000000000000426e+01 8.478129099291493720e-01
6.090000000000000568e+01 1.151262306507955913e+00
6.100000000000000000e+01 1.264007295239439665e+00
6.110000000000000142e+01 1.299021315317931968e+00
6.120000000000000284e+01 2.037959028080511992e+00
6.130000000000000426e+01 1.264194229633947009e+00
6.140000000000000568e+01 1.028777941044653144e+00
6.150000000000000000e+01 1.141417197774211578e+00
6.160000000000000142e+01 7.822275778582956640e-01
6.170000000000000284e+01 8.791661777166982494e-01
6.180000000000000426e+01 1.437110378618984718e+00
6.190000000000000568e+01 1.433256450012016625e+00
6.200000000000000000e+01 1.510938176785090459e+00
6.210000000000000142e+01 1.353665195729828463e+00
6.220000000000000284e+01 7.546244954083223266e-01
6.230000000000000426e+01 8.243545859652812169e-01
6.240000000000000568e+01 7.912749718445336589e-01
6.250000000000000000e+01 9.532686255698179512e-01
6.260000000000000142e+01 9.330934032429085700e-01
6.270000000000000284e+01 1.413739046900437168e+00
6.280000000000000426e+01 1.244124438924886666e+00
6.290000000000000568e+01 1.061926482889430146e+00
6.300000000000000000e+01 7.988490109384551729e-01
6.310000000000000142e+01 1.035430927592053241e+00
6.320000000000000284e+01 1.542791970863832685e+00
6.330000000000000426e+01 9.766933225614916614e-01
6.340000000000000568e+01 6.833736664562439778e-01
6.350000000000000000e+01 6.003071349462116846e-01
6.360000000000000142e+01 7.287763561495480547e-01
6.370000000000000284e+01 8.318531218322324783e-01
6.380000000000000426e+01 1.185574308333230187e+00
6.390000000000000568e+01 7.485740586701935539e-01
6.400000000000000000e+01 7.122077839872077432e-01
6.410000000000000853e+01 9.517450382166112721e-01
6.420000000000000284e+01 7.566639505321954839e-01
6.429999999999999716e+01 1.224270272415140415e+00
6.440000000000000568e+01 1.437964214397336127e+00
6.450000000000000000e+01 2.053764855726933458e+00
6.460000000000000853e+01 5.852834990377924207e+00
6.470000000000000284e+01 1.924330113543620380e+00
6.479999999999999716e+01 1.921159095336553602e+00
6.490000000000000568e+01 1.617359512138037747e+00
6.500000000000000000e+01 1.480659954187932392e+00
6.510000000000000853e+01 1.534317191256669100e+00
6.520000000000000284e+01 1.606233306730184829e+00
6.529999999999999716e+01 2.040275232135643879e+00
6.540000000000000568e+01 1.738065990987183174e+00
6.550000000000000000e+01 1.714991232697591572e+00
6.560000000000000853e+01 1.967973738288856689e+00
6.570000000000000284e+01 2.224775766993239312e+00
6.579999999999999716e+01 3.485479203097482159e+00
6.590000000000000568e+01 2.428433711290198804e+00
6.600000000000000000e+01 2.348556522870586694e+00
6.610000000000000853e+01 2.192732698364707744e+00
6.620000000000000284e+01 1.363541372579875732e+00
6.629999999999999716e+01 1.416958023178081394e+00
6.640000000000000568e+01 1.289819358142504813e+00
6.650000000000000000e+01 7.183379910288306691e-01
6.660000000000000853e+01 8.889177538190432548e-01
6.670000000000000284e+01 8.139761384530428412e-01
6.679999999999999716e+01 9.847688356728016013e-01
6.690000000000000568e+01 9.102074343402761780e-01
6.700000000000000000e+01 7.523164405161759660e-01
6.710000000000000853e+01 6.838208453058405301e-01
6.720000000000000284e+01 1.006874843615172876e+00
6.729999999999999716e+01 7.606770816936165858e-01
6.740000000000000568e+01 1.040741079495972388e+00
6.750000000000000000e+01 6.216860099146856999e-01
6.760000000000000853e+01 7.300489785889268113e-01
6.770000000000000284e+01 7.047788233423730730e-01
6.779999999999999716e+01 9.873131701807846827e-01
6.790000000000000568e+01 1.665367109371441501e+00
6.800000000000000000e+01 9.569779992537593705e-01
6.810000000000000853e+01 1.352278445522865136e+00
6.820000000000000284e+01 1.266442193639162328e+00
6.829999999999999716e+01 1.378882827160164526e+00
6.840000000000000568e+01 1.574681972219264869e+00
6.850000000000000000e+01 1.225819586960793739e+00
6.860000000000000853e+01 1.652395553421540209e+00
6.870000000000000284e+01 1.547247825923316666e+00
6.879999999999999716e+01 1.211041488046518122e+00
6.890000000000000568e+01 1.487366197199386564e+00
6.900000000000000000e+01 1.506940950517097866e+00
6.910000000000000853e+01 1.330082687739321923e+00
6.920000000000000284e+01 1.811161941419532351e+00
6.929999999999999716e+01 1.893496745877558451e+00
6.940000000000000568e+01 9.955284670227686483e-01
6.950000000000000000e+01 9.699994594306977636e-01
6.960000000000000853e+01 1.132811265405354595e+00
6.970000000000000284e+01 1.842296491254714175e+00
6.979999999999999716e+01 1.239198039325814182e+00
6.990000000000000568e+01 9.096096879087167686e-01
7.000000000000000000e+01 1.430936782536337937e+00
7.010000000000000853e+01 1.164532760349305862e+00
7.020000000000000284e+01 1.078826547940007652e+00
7.029999999999999716e+01 1.497264978185597561e+00
7.040000000000000568e+01 1.218627950804830995e+00
7.050000000000000000e+01 9.269744520149790779e-01
7.060000000000000853e+01 7.608478137346382786e-01
7.070000000000000284e+01 7.248300182294703520e-01
7.079999999999999716e+01 6.184520483624256215e-01
7.090000000000000568e+01 8.010362095087057988e-01
7.100000000000000000e+01 1.128389474957485872e+00
7.110000000000000853e+01 1.169506923398020648e+00
7.120000000000000284e+01 1.246720936502431210e+00
7.129999999999999716e+01 1.209775929270734407e+00
7.140000000000000568e+01 1.558331910680896160e+00
7.150000000000000000e+01 1.560007588048253568e+00
7.160000000000000853e+01 1.416894654378943574e+00
7.170000000000000284e+01 1.814727156406420461e+00
7.179999999999999716e+01 1.626690643575926076e+00
7.190000000000000568e+01 1.728755862920400510e+00
7.200000000000000000e+01 1.746263021736930821e+00
7.210000000000000853e+01 1.702365140341436378e+00
7.220000000000000284e+01 1.420076611339192718e+00
7.229999999999999716e+01 1.956146377304854633e+00
7.240000000000000568e+01 1.845332655660039567e+00
7.250000000000000000e+01 1.284488621325748925e+00
7.260000000000000853e+01 1.564378483813774645e+00
7.270000000000000284e+01 1.492658536282857495e+00
7.279999999999999716e+01 2.062512697911460968e+00
7.290000000000000568e+01 1.636807847614141664e+00
7.300000000000000000e+01 1.505549293155647117e+00
7.310000000000000853e+01 1.750972427353120198e+00
7.320000000000000284e+01 8.832390135248826546e-01
7.329999999999999716e+01 1.326275847786871909e+00
7.340000000000000568e+01 2.183384658753908525e+00
7.350000000000000000e+01 1.510303123730519337e+00
7.360000000000000853e+01 1.036678302676494523e+00
7.370000000000000284e+01 1.389056282909491236e+00
7.379999999999999716e+01 1.852278563457803839e+00
7.390000000000000568e+01 1.520014080664932266e+00
7.400000000000000000e+01 1.415222059656439324e+00
7.410000000000000853e+01 1.889043364806293868e+00
7.420000000000000284e+01 1.353287528033216836e+00
7.429999999999999716e+01 1.622979614669626702e+00
7.440000000000000568e+01 9.287389328101878228e-01
7.450000000000000000e+01 1.833202150433221211e+00
7.460000000000000853e+01 1.712154931457187113e+00
7.470000000000000284e+01 1.613457560517536971e+00
7.479999999999999716e+01 2.137414985886567198e+00
7.490000000000000568e+01 2.423602882547897241e+00
7.500000000000000000e+01 1.895815849489937532e+00
7.510000000000000853e+01 2.039897223032186790e+00
7.520000000000000284e+01 1.611073100989499851e+00
7.529999999999999716e+01 2.023131624827755548e+00
7.540000000000000568e+01 1.782495960188814399e+00
7.550000000000000000e+01 2.024187078748980628e+00
7.560000000000000853e+01 1.922927927266220083e+00
7.570000000000000284e+01 1.846003412935771415e+00
7.579999999999999716e+01 1.547035936015521917e+00
7.590000000000000568e+01 1.167541655075376994e+00
7.600000000000000000e+01 1.116620520419896678e+00
7.610000000000000853e+01 1.265829829578448029e+00
7.620000000000000284e+01 7.530315903795765653e-01
7.629999999999999716e+01 1.037464313032439023e+00
7.640000000000000568e+01 1.350177314169051623e+00
7.650000000000000000e+01 1.129675263145187625e+00
7.660000000000000853e+01 1.100163578731448100e+00
7.670000000000000284e+01 1.235407745070253860e+00
7.680000000000001137e+01 1.551629521237474219e+00
7.690000000000000568e+01 8.610848226871146149e-01
7.700000000000000000e+01 7.114400428562599465e-01
7.710000000000000853e+01 6.739048437553648574e-01
7.720000000000000284e+01 1.081871708857959691e+00
7.730000000000001137e+01 1.236910828666466289e+00
7.740000000000000568e+01 1.676637088406862430e+00
7.750000000000000000e+01 1.466185212683366101e+00
7.760000000000000853e+01 1.134625828945437398e+00
7.770000000000000284e+01 1.069953182545445580e+00
7.780000000000001137e+01 1.036755548910497593e+00
7.790000000000000568e+01 9.323874850001855341e-01
7.800000000000000000e+01 8.238080371109254285e-01
7.810000000000000853e+01 1.050437440930789057e+00
7.820000000000000284e+01 1.015759738887975328e+00
7.830000000000001137e+01 1.359651885625885237e+00
7.840000000000000568e+01 1.949375757451287994e+00
7.850000000000000000e+01 1.778898063285869746e+00
7.860000000000000853e+01 2.198847243785745587e+00
7.870000000000000284e+01 2.228832250484168220e+00
7.880000000000001137e+01 2.503840465642964919e+00
7.890000000000000568e+01 2.322032822053142542e+00
7.900000000000000000e+01 1.888040142047282322e+00
7.910000000000000853e+01 2.125403028019629215e+00
7.920000000000000284e+01 2.529310037191197402e+00
7.930000000000001137e+01 2.480563812046493677e+00
7.940000000000000568e+01 2.133374318657465185e+00
7.950000000000000000e+01 2.536807459456171809e+00
7.960000000000000853e+01 2.103860072957430383e+00
7.970000000000000284e+01 2.676231821340377959e+00
7.980000000000001137e+01 2.751599532180350582e+00
7.990000000000000568e+01 2.845741676240870266e+00
8.000000000000000000e+01 3.305408005973606400e+00
8.010000000000000853e+01 2.874351826345037608e+00
8.020000000000000284e+01 2.887485856450774158e+00
8.030000000000001137e+01 2.955135166711370331e+00
8.040000000000000568e+01 2.584211990305444129e+00
8.050000000000000000e+01 3.067258626302635349e+00
8.060000000000000853e+01 2.880099525669122418e+00
8.070000000000000284e+01 4.915872214085446501e+00
8.080000000000001137e+01 2.916210567705229462e+00
8.090000000000000568e+01 2.425743788441939497e+00
8.100000000000000000e+01 2.208645546778895241e+00
8.110000000000000853e+01 2.442923063882391332e+00
8.120000000000000284e+01 2.223810497599522318e+00
8.130000000000001137e+01 2.128357089420236825e+00
8.140000000000000568e+01 2.193736470019953089e+00
8.150000000000000000e+01 3.623949220881407918e+00
8.160000000000000853e+01 2.538554506590278148e+00
8.170000000000000284e+01 2.999803787118473508e+00
8.180000000000001137e+01 2.855892859907445125e+00
8.190000000000000568e+01 3.790299439796950498e+00
8.200000000000000000e+01 3.183337524259670204e+00
8.210000000000000853e+01 3.146056778464353165e+00
8.220000000000000284e+01 2.501773440175607988e+00
8.230000000000001137e+01 2.252545573274311597e+00
8.240000000000000568e+01 1.984609798646695733e+00
8.250000000000000000e+01 1.715556494305858326e+00
8.260000000000000853e+01 1.911686930642243931e+00
8.270000000000000284e+01 1.737126553624315672e+00
8.280000000000001137e+01 2.616758587993075924e+00
8.290000000000000568e+01 2.399709959493682820e+00
8.300000000000000000e+01 2.443009558382513102e+00
8.310000000000000853e+01 2.353841184720902202e+00
8.320000000000000284e+01 2.599547338595046941e+00
8.330000000000001137e+01 1.998901238601819452e+00
8.340000000000000568e+01 1.923815449959840773e+00
8.350000000000000000e+01 2.043150727673789913e+00
8.360000000000000853e+01 2.269115196568544324e+00
8.370000000000000284e+01 1.768288337426849210e+00
8.380000000000001137e+01 1.771114754978740935e+00
8.390000000000000568e+01 2.013895066433380787e+00
8.400000000000000000e+01 2.079513234221629592e+00
8.410000000000000853e+01 1.673807150394470256e+00
8.420000000000000284e+01 1.413613961405552288e+00
8.430000000000001137e+01 8.750050522803528574e-01
8.440000000000000568e+01 7.410357083247285370e-01
8.450000000000000000e+01 1.274824354492729128e+00
8.460000000000000853e+01 2.395391853889762057e+00
8.470000000000000284e+01 2.465884679376626476e+00
8.480000000000001137e+01 2.113514452655471221e+00
8.490000000000000568e+01 2.127093241033147564e+00
8.500000000000000000e+01 1.834668283420047619e+00
8.510000000000000853e+01 1.258220802598889687e+00
8.520000000000000284e+01 8.211869198060682828e-01
8.530000000000001137e+01 1.403898517663478174e+00
8.540000000000000568e+01 2.103415982444359678e+00
8.550000000000000000e+01 1.742120533472168997e+00
8.560000000000000853e+01 1.286078218048302801e+00
8.570000000000000284e+01 1.476619511779315941e+00
8.580000000000001137e+01 9.516294003299218263e-01
8.590000000000000568e+01 1.242736094321690743e+00
8.600000000000000000e+01 1.009478914729554644e+00
8.610000000000000853e+01 1.133116986557765937e+00
8.620000000000000284e+01 9.862049244841718521e-01
8.630000000000001137e+01 7.848645301681294040e-01
8.640000000000000568e+01 1.121373881504762027e+00
8.650000000000000000e+01 1.268701923064484927e+00
8.660000000000000853e+01 8.422072612499270639e-01
8.670000000000000284e+01 1.119107369717964540e+00
8.680000000000001137e+01 1.135108679671115617e+00
8.690000000000000568e+01 1.343897320714013688e+00
8.700000000000000000e+01 1.156921686886282385e+00
8.710000000000000853e+01 6.590623249583168475e-01
8.720000000000000284e+01 6.390389599790464725e-01
8.730000000000001137e+01 5.519357059110968633e-01
8.740000000000000568e+01 6.575359109296650129e-01
8.750000000000000000e+01 7.567608878726944655e-01
8.760000000000000853e+01 8.816583519889553688e-01
8.770000000000000284e+01 1.117936241030442757e+00
8.780000000000001137e+01 8.797677480208363487e-01
8.790000000000000568e+01 8.079597825318842741e-01
8.800000000000000000e+01 8.267957685485005648e-01
8.810000000000000853e+01 6.706699764305396050e-01
8.820000000000000284e+01 1.096639170947412589e+00
8.830000000000001137e+01 1.529584117152718692e+00
8.840000000000000568e+01 1.276758343202051504e+00
8.850000000000000000e+01 6.176392240435121250e-01
8.860000000000000853e+01 6.181981152981521621e-01
8.870000000000000284e+01 8.454395039209725571e-01
8.880000000000001137e+01 1.305508570275866420e+00
8.890000000000000568e+01 8.311364435254650074e-01
8.900000000000000000e+01 9.324872928962374408e-01
8.910000000000000853e+01 5.900067674946378737e-01
8.920000000000000284e+01 6.780270486200881130e-01
8.930000000000001137e+01 7.674642289046801347e-01
8.940000000000000568e+01 1.177530184317601591e+00
8.950000000000000000e+01 1.020996010349729088e+00
8.960000000000000853e+01 8.549155396215455394e-01
8.970000000000000284e+01 9.363547197906406661e-01
8.980000000000001137e+01 1.278337206008859139e+00
8.990000000000000568e+01 1.260113364103742750e+00
9.000000000000000000e+01 1.701117979857949880e+00
9.010000000000000853e+01 1.538767876136420076e+00
9.020000000000000284e+01 1.568157722402137466e+00
9.030000000000001137e+01 1.638956753740063554e+00
9.040000000000000568e+01 1.924938346790508792e+00
9.050000000000000000e+01 6.305149546692289775e+00
9.060000000000000853e+01 1.568542728078855975e+00
9.070000000000000284e+01 1.178465545853433660e+00
9.080000000000001137e+01 9.175463539699757476e-01
9.090000000000000568e+01 1.034293456716546489e+00
9.100000000000000000e+01 1.119257815384806953e+00
9.110000000000000853e+01 9.302839814376097083e-01
9.120000000000000284e+01 6.796149193461799021e-01
9.130000000000001137e+01 8.816396380288283874e-01
9.140000000000000568e+01 9.678551915122863836e-01
9.150000000000000000e+01 1.115491068858758483e+00
9.160000000000000853e+01 8.615745869678759217e-01
9.170000000000000284e+01 1.023971171674553204e+00
9.180000000000001137e+01 7.790926479731211662e-01
9.190000000000000568e+01 1.041580525010170177e+00
9.200000000000000000e+01 1.063552760139400366e+00
9.210000000000000853e+01 1.338498559554970102e+00
9.220000000000000284e+01 1.026659939066122851e+00
9.230000000000001137e+01 1.160711190726986919e+00
9.240000000000000568e+01 1.208390135579805902e+00
9.250000000000000000e+01 9.298123068174676265e-01
9.260000000000000853e+01 9.329902551452275983e-01
9.270000000000000284e+01 1.354816114140849015e+00
9.280000000000001137e+01 1.501272428507601564e+00
9.290000000000000568e+01 8.260387226738754585e-01
9.300000000000000000e+01 8.775343177230426894e-01
9.310000000000000853e+01 1.371073324515537983e+00
9.320000000000000284e+01 1.828548518885944274e+00
9.330000000000001137e+01 9.539371453604457152e-01
9.340000000000000568e+01 6.499547666735364659e-01
9.350000000000000000e+01 8.593953294506331275e-01
9.360000000000000853e+01 1.114320071322655092e+00
9.370000000000000284e+01 6.161031140287598351e-01
9.380000000000001137e+01 5.054506138300381979e-01
9.390000000000000568e+01 6.296723915185813425e-01
9.400000000000000000e+01 4.941336541047876563e-01
9.410000000000000853e+01 3.546206477144919766e-01
9.420000000000000284e+01 4.632386405456014322e-01
9.430000000000001137e+01 3.789308179216471784e-01
9.440000000000000568e+01 3.128428641047871772e-01
9.450000000000000000e+01 4.517340925503673943e-01
9.460000000000000853e+01 6.825232973690608107e-01
9.470000000000000284e+01 5.764946596299446169e-01
9.480000000000001137e+01 8.659636969205269930e-01
9.490000000000000568e+01 1.232914899706942125e+00
9.500000000000000000e+01 1.425257658542523176e+00
9.510000000000000853e+01 1.010226195542529348e+00
9.520000000000000284e+01 5.048049806226847513e-01
9.530000000000001137e+01 6.816094788860952436e-01
9.540000000000000568e+01 6.995773496359918298e-01
9.550000000000000000e+01 8.445576635833709211e-01
9.560000000000000853e+01 5.617405357923107578e-01
9.570000000000000284e+01 8.346710100095140472e-01
9.580000000000001137e+01 7.813626680482331777e-01
9.590000000000000568e+01 7.324664577608338556e-01
9.600000000000000000e+01 8.578146522843090871e-01
9.610000000000000853e+01 1.167859814689824471e+00
9.620000000000000284e+01 5.959438429327035269e-01
9.630000000000001137e+01 5.701368567360243222e-01
9.640000000000000568e+01 1.091296286989137609e+00
9.650000000000000000e+01 6.645794823931804318e-01
9.660000000000000853e+01 9.056183569747939810e-01
9.670000000000000284e+01 1.160896360340231137e+00
9.680000000000001137e+01 9.420690474215062116e-01
9.690000000000000568e+01 1.170259346182941584e+00
9.700000000000000000e+01 6.324011693752396024e-01
9.710000000000000853e+01 8.510250549764777350e-01
9.720000000000000284e+01 6.994332756119234773e-01
9.730000000000001137e+01 8.016509672507533546e-01
9.740000000000000568e+01 8.696747208367897608e-01
9.750000000000000000e+01 1.383562411333342013e+00
9.760000000000000853e+01 7.217421666620619236e-01
9.770000000000000284e+01 5.754645639070681273e-01
9.780000000000001137e+01 6.599702390174969624e-01
9.790000000000000568e+01 8.106039027838143340e-01
9.800000000000000000e+01 7.716528042047987590e-01
9.810000000000000853e+01 8.569682487181599084e-01
9.820000000000000284e+01 8.209115977019925126e-01
9.830000000000001137e+01 6.533243534560870813e-01
9.840000000000000568e+01 7.347218498493938155e-01
9.850000000000000000e+01 5.267426818674504352e-01
9.860000000000000853e+01 7.985350350964464106e-01
9.870000000000000284e+01 7.524415195177169835e-01
9.880000000000001137e+01 1.047009779060422474e+00
9.890000000000000568e+01 8.756692412437495632e-01
9.900000000000000000e+01 1.005404784698070486e+00
9.910000000000000853e+01 5.949833285316011855e-01
9.920000000000000284e+01 4.179653646111161636e-01
9.930000000000001137e+01 2.169410825237259588e-01
9.940000000000000568e+01 4.670341113790972276e-01
9.950000000000000000e+01 7.746530816926373575e-01
9.960000000000000853e+01 7.071906944199517486e-01
9.970000000000000284e+01 6.299412338550418600e-01
9.980000000000001137e+01 6.481828535881878350e-01
9.990000000000000568e+01 9.206671829673543916e-01
