0.000000000000000000e+00 1.619838216130015107e-02
1.000000000000000056e-01 1.192083450711439773e-03
2.000000000000000111e-01 1.432579633413087186e-03
3.000000000000000444e-01 7.204441185376908065e-03
4.000000000000000222e-01 2.229743969603477545e-03
5.000000000000000000e-01 3.390592134424935157e-03
6.000000000000000888e-01 3.252516613626276528e-03
7.000000000000000666e-01 2.191066374759044737e-04
8.000000000000000444e-01 1.097930554793059366e-03
9.000000000000000222e-01 1.903038359058431550e-03
1.000000000000000000e+00 1.512223061535133799e-03
1.100000000000000089e+00 1.211263001102634226e-03
1.200000000000000178e+00 4.785031896942189278e-03
1.300000000000000044e+00 1.620821621419033312e-02
1.400000000000000133e+00 2.391482043889741997e-03
1.500000000000000000e+00 8.391034077361175098e-03
1.600000000000000089e+00 1.147161947497072178e-03
1.700000000000000178e+00 4.729803770502571882e-04
1.800000000000000044e+00 3.309305693217765541e-03
1.900000000000000133e+00 2.990989658421887212e-03
2.000000000000000000e+00 8.869358077378495251e-04
2.100000000000000089e+00 4.005210020888833565e-03
2.200000000000000178e+00 8.073593114207817945e-02
2.300000000000000266e+00 3.183225931635905170e-02
2.400000000000000355e+00 3.769424379819929366e-02
2.500000000000000000e+00 3.341818930559347224e-04
2.600000000000000089e+00 3.224696335321020069e-03
2.700000000000000178e+00 5.943475632974020567e-03
2.800000000000000266e+00 2.579007235610612531e-03
2.900000000000000355e+00 7.369943308157575305e-03
3.000000000000000000e+00 2.147292519176253675e-02
3.100000000000000089e+00 3.757610848881350399e-03
3.200000000000000178e+00 6.946108651679236412e-02
3.300000000000000266e+00 1.022412730493648392e-01
3.400000000000000355e+00 4.597758364417697113e-02
3.500000000000000000e+00 9.429034830164684244e-02
3.600000000000000089e+00 1.648766796426781589e-01
3.700000000000000178e+00 3.926762297690262332e-02
3.800000000000000266e+00 5.402728317993506224e-02
3.900000000000000355e+00 3.199548075403925440e-02
4.000000000000000000e+00 6.494340155612690624e-03
4.100000000000000533e+00 7.560442659493821216e-03
4.200000000000000178e+00 6.143890023420094798e-02
4.299999999999999822e+00 1.450767413905628897e-02
4.400000000000000355e+00 2.158451966577108055e-02
4.500000000000000000e+00 3.537476440297688818e-01
4.600000000000000533e+00 8.062206089169451917e-02
4.700000000000000178e+00 6.479484441912342074e-02
4.800000000000000711e+00 2.798259968711281909e-01
4.900000000000000355e+00 2.408819556628707947e-01
5.000000000000000000e+00 3.912282661133990869e-02
5.100000000000000533e+00 6.734565165304438883e-02
5.200000000000000178e+00 8.204995698816041072e-01
5.300000000000000711e+00 2.026884754303120761e+00
5.400000000000000355e+00 5.433579246557199705e-01
5.500000000000000000e+00 1.845669379264087417e-01
5.600000000000000533e+00 1.141422737024280876e+00
5.700000000000000178e+00 1.090500696629619903e-01
5.800000000000000711e+00 1.775772554801175185e-01
5.900000000000000355e+00 1.770586791446841501e-01
6.000000000000000000e+00 1.339865181993786791e+00
6.100000000000000533e+00 9.045889251648071561e-01
6.200000000000000178e+00 4.551783189176578648e-01
6.300000000000000711e+00 1.786563333551730581e-01
6.400000000000000355e+00 8.255454890513245353e-03
6.500000000000000000e+00 1.412623584364254559e-01
6.600000000000000533e+00 8.190300847036865312e-03
6.700000000000000178e+00 7.142577316897073814e-02
6.800000000000000711e+00 1.915747182368820745e-01
6.900000000000000355e+00 3.368658389842726919e-01
7.000000000000000000e+00 7.563608008726709908e-01
7.100000000000000533e+00 8.397816684597889658e-01
7.200000000000000178e+00 1.016717594452585338e+01
7.300000000000000711e+00 1.221428960191719781e+01
7.400000000000000355e+00 2.656974068751311591e-01
7.500000000000000000e+00 5.287862007124711772e-01
7.600000000000000533e+00 1.159810940983224903e+00
7.700000000000000178e+00 1.866448470173589946e+00
7.800000000000000711e+00 8.736511961428460316e-01
7.900000000000000355e+00 1.384352777544902990e-01
8.000000000000000000e+00 5.219311979871684493e+00
8.099999999999999645e+00 1.964912345696512119e+01
8.200000000000001066e+00 2.003036734927925444e+00
8.300000000000000711e+00 1.503999749277279641e+00
8.400000000000000355e+00 8.849327062291368895e-01
8.500000000000000000e+00 2.084862951349859994e+00
8.599999999999999645e+00 2.843347730481978086e+00
8.700000000000001066e+00 9.752208793627900718e+00
8.800000000000000711e+00 2.817289203624712801e+00
8.900000000000000355e+00 2.591194471331942362e-01
9.000000000000000000e+00 3.547645274905720791e-01
9.099999999999999645e+00 1.241647061333251700e-01
9.200000000000001066e+00 2.896763350844454021e-01
9.300000000000000711e+00 1.531757409889479837e-01
9.400000000000000355e+00 2.776701825592053918e-01
9.500000000000000000e+00 8.521758054558173257e+00
9.600000000000001421e+00 2.050053840495866808e+00
9.700000000000001066e+00 2.783413759384730923e+01
9.800000000000000711e+00 3.572827288710488602e+00
9.900000000000000355e+00 3.530501153775040368e+00
1.000000000000000000e+01 1.278839078805073726e+01
1.010000000000000142e+01 5.006116381503245005e-01
1.020000000000000107e+01 9.776468627452432614e-01
1.030000000000000071e+01 1.150511793145504447e+00
1.040000000000000036e+01 2.226795190741092390e-01
1.050000000000000000e+01 1.817703275074244174e-01
1.060000000000000142e+01 3.907475800392093745e+00
1.070000000000000107e+01 1.464349267119737519e+01
1.080000000000000071e+01 4.123754956951408701e+00
1.090000000000000036e+01 1.088590057369579700e+00
1.100000000000000000e+01 2.443196284711208754e-01
1.110000000000000142e+01 2.574208743563594748e+00
1.120000000000000107e+01 3.767476101950866241e-01
1.130000000000000071e+01 5.660298956515106283e-01
1.140000000000000036e+01 4.225053205740295637e-01
1.150000000000000000e+01 4.156519499522014272e+00
1.160000000000000142e+01 2.218739129058272752e+00
1.170000000000000107e+01 1.610813411174145893e+00
1.180000000000000071e+01 2.685101018890907021e+00
1.190000000000000036e+01 9.703847108806449739e+00
1.200000000000000000e+01 5.795813894967515978e+00
1.210000000000000142e+01 5.883236887112945013e+00
1.220000000000000107e+01 1.044829377485109312e+01
1.230000000000000071e+01 4.576807199788484048e+00
1.240000000000000036e+01 6.696510314978391776e+00
1.250000000000000000e+01 1.127359204691003391e+01
1.260000000000000142e+01 2.603218391069960447e+00
1.270000000000000107e+01 2.066763937244173732e+00
1.280000000000000071e+01 6.154894351279939224e-01
1.290000000000000036e+01 9.313325961713770917e-01
1.300000000000000000e+01 1.639751795309536186e+00
1.310000000000000142e+01 1.095125198846656767e-01
1.320000000000000107e+01 7.208349424071377465e-01
1.330000000000000071e+01 7.233728114400346521e-02
1.340000000000000036e+01 1.043460887453385277e+00
1.350000000000000000e+01 6.074000579781881903e-01
1.360000000000000142e+01 8.150362529732294581e-01
1.370000000000000107e+01 1.854400365605673784e+01
1.380000000000000071e+01 5.799655489498114491e+01
1.390000000000000036e+01 8.234671905134936409e+00
1.400000000000000000e+01 1.793199993468953224e+01
1.410000000000000142e+01 3.217293102075573064e+00
1.420000000000000107e+01 7.177563146882308676e-01
1.430000000000000071e+01 2.545635735024228130e-01
1.440000000000000036e+01 7.748961846398523257e-01
1.450000000000000000e+01 2.419592463359407919e+00
1.460000000000000142e+01 1.764535940570969075e+01
1.470000000000000107e+01 8.374676300878563850e+00
1.480000000000000071e+01 2.134660699362687986e+00
1.490000000000000036e+01 1.576500031813813096e-01
1.500000000000000000e+01 1.802383707347232189e+00
1.510000000000000142e+01 5.055328167167445486e-01
1.520000000000000107e+01 3.909879487674836063e-02
1.530000000000000071e+01 6.810989685246475467e-02
1.540000000000000036e+01 4.607032095013363082e-01
1.550000000000000000e+01 2.865174670895402342e-01
1.560000000000000142e+01 7.228726092734819031e-02
1.570000000000000107e+01 5.856660095515398012e-01
1.580000000000000071e+01 3.750878182228356006e-01
1.590000000000000036e+01 4.337615996254645112e-01
1.600000000000000000e+01 1.164156219646492074e+00
1.610000000000000142e+01 8.230832714762108537e+00
1.619999999999999929e+01 3.519829083900724020e-01
1.630000000000000071e+01 3.929545297851132712e+00
1.640000000000000213e+01 2.269982794259579162e+00
1.650000000000000000e+01 5.320187076790519498e+00
1.660000000000000142e+01 1.350123372887670481e+00
1.669999999999999929e+01 8.389675247169877670e-01
1.680000000000000071e+01 5.796453203149461997e-01
1.690000000000000213e+01 1.115779383189077301e+01
1.700000000000000000e+01 7.062530169800553814e-01
1.710000000000000142e+01 2.208362463785948915e+00
1.719999999999999929e+01 4.119637398046482879e+00
1.730000000000000071e+01 1.471829356268596989e+01
1.740000000000000213e+01 7.661365238257260124e+00
1.750000000000000000e+01 1.420058205091505155e+00
1.760000000000000142e+01 5.271025256304658235e+00
1.769999999999999929e+01 3.027503581073858752e-01
1.780000000000000071e+01 3.394098220547890676e+00
1.790000000000000213e+01 5.874502219793221736e-01
1.800000000000000000e+01 1.168372388529868161e-01
1.810000000000000142e+01 3.116126759978943839e-01
1.819999999999999929e+01 1.749921044094511435e+00
1.830000000000000071e+01 1.357857118263283702e+01
1.840000000000000213e+01 1.383705635591084171e+00
1.850000000000000000e+01 1.150311180516472653e+01
1.860000000000000142e+01 1.179234522106255678e+00
1.869999999999999929e+01 7.920916826066295435e-01
1.880000000000000071e+01 3.825057527137998292e+00
1.890000000000000213e+01 2.513614939954922178e+01
1.900000000000000000e+01 1.893253406624524260e+01
1.910000000000000142e+01 3.130808719328969314e+00
1.920000000000000284e+01 8.919112767713809065e-02
1.930000000000000071e+01 1.351668700564711556e-01
1.940000000000000213e+01 1.330220985130248001e+00
1.950000000000000000e+01 2.167060946269057098e+00
1.960000000000000142e+01 4.394959477395897096e+00
1.970000000000000284e+01 6.764827520060157973e+00
1.980000000000000071e+01 4.680318953683485494e-01
1.990000000000000213e+01 6.112071318280163368e+00
2.000000000000000000e+01 6.789768434513976381e-01
2.010000000000000142e+01 1.994148343333916606e-01
2.020000000000000284e+01 2.038400612431666981e-01
2.030000000000000071e+01 7.760241448490629246e+00
2.040000000000000213e+01 2.520228135886164900e+00
2.050000000000000000e+01 6.984833269190899863e-01
2.060000000000000142e+01 1.951963657272847152e+00
2.070000000000000284e+01 7.682173071029517963e+00
2.080000000000000071e+01 6.826034753936311006e+01
2.090000000000000213e+01 1.054592033935388429e+01
2.100000000000000000e+01 4.425603940689132543e+01
2.110000000000000142e+01 1.391721344832558849e+01
2.120000000000000284e+01 4.658879704168949587e+00
2.130000000000000071e+01 1.065406534703767338e+00
2.140000000000000213e+01 1.284134411676551846e+00
2.150000000000000000e+01 2.832140376420866912e-01
2.160000000000000142e+01 4.540789422235580020e+00
2.170000000000000284e+01 3.886989674464570221e+00
2.180000000000000071e+01 1.907667269791529563e+00
2.190000000000000213e+01 8.891121348981265271e+00
2.200000000000000000e+01 1.396478239904161311e+00
2.210000000000000142e+01 1.266812430573438730e+00
2.220000000000000284e+01 6.729141209025678583e-01
2.230000000000000071e+01 1.767323924851557648e-01
2.240000000000000213e+01 4.902791036465429381e-02
2.250000000000000000e+01 3.612420903210719070e-01
2.260000000000000142e+01 1.102809407221220089e-01
2.270000000000000284e+01 3.843252501813749222e-01
2.280000000000000071e+01 4.690432028164594591e+00
2.290000000000000213e+01 2.790853980742759699e+00
2.300000000000000000e+01 9.052717201900981614e-01
2.310000000000000142e+01 1.156706508161412794e-01
2.320000000000000284e+01 2.065547175657004020e-01
2.330000000000000071e+01 1.325645279585223879e-01
2.340000000000000213e+01 4.733716335334690883e-02
2.350000000000000000e+01 3.921252613244984031e-02
2.360000000000000142e+01 1.296548650266127201e+00
2.370000000000000284e+01 5.202285474712399882e+00
2.380000000000000071e+01 1.167364129188910482e+01
2.390000000000000213e+01 2.665116970068021374e+01
2.400000000000000000e+01 1.271128068785450083e+01
2.410000000000000142e+01 6.729439182609088732e+01
2.420000000000000284e+01 4.458356262144364734e+01
2.430000000000000071e+01 1.465094555953944067e+01
2.440000000000000213e+01 7.121175832509587522e+00
2.450000000000000000e+01 4.814303610935203315e-01
2.460000000000000142e+01 3.159792765768949518e+00
2.470000000000000284e+01 3.949362255375379771e+00
2.480000000000000071e+01 9.028371577631635336e-01
2.490000000000000213e+01 6.376707573396696027e+00
2.500000000000000000e+01 9.746149342613174005e-01
2.510000000000000142e+01 3.545848240785419492e+00
2.520000000000000284e+01 1.177632226026796403e+01
2.530000000000000071e+01 1.950158662820612454e+00
2.540000000000000213e+01 1.521376504374207350e+00
2.550000000000000000e+01 8.387439714056154072e-01
2.560000000000000142e+01 1.495183951633202835e+00
2.570000000000000284e+01 1.489314035900820843e-01
2.580000000000000071e+01 3.198999430824182172e-02
2.590000000000000213e+01 1.853640264423049300e-01
2.600000000000000000e+01 9.893472343347645137e-02
2.610000000000000142e+01 1.559602721141966908e-01
2.620000000000000284e+01 8.566482537556669996e-01
2.630000000000000071e+01 5.369384827566230367e-01
2.640000000000000213e+01 3.455093752223638015e-01
2.650000000000000000e+01 2.374470117094187760e+00
2.660000000000000142e+01 2.422418629924451139e+01
2.670000000000000284e+01 5.092666591038601531e+00
2.680000000000000071e+01 7.321576782827275975e-01
2.690000000000000213e+01 2.564413820900412588e+00
2.700000000000000000e+01 5.279121561670092433e+01
2.710000000000000142e+01 8.903290367332590272e-01
2.720000000000000284e+01 5.205011888723101166e-01
2.730000000000000071e+01 2.685832029488270933e+00
2.740000000000000213e+01 3.208493924359583360e+00
2.750000000000000000e+01 9.438467760669100315e-01
2.760000000000000142e+01 2.906603745393829374e+00
2.770000000000000284e+01 1.023790634936141641e+00
2.780000000000000071e+01 4.404233088160482423e-01
2.790000000000000213e+01 3.873750337948631550e-01
2.800000000000000000e+01 3.850352021684209092e-01
2.810000000000000142e+01 2.324045547607925255e-01
2.820000000000000284e+01 4.189101263311685308e+00
2.830000000000000071e+01 8.926061833051228689e+00
2.840000000000000213e+01 1.006588019744515172e+00
2.850000000000000000e+01 7.023053425032783625e-01
2.860000000000000142e+01 7.845487248919729151e-01
2.870000000000000284e+01 1.212740095255253392e+00
2.880000000000000071e+01 2.958081108031870965e+00
2.890000000000000213e+01 1.947014086152908385e+00
2.900000000000000000e+01 8.170882236001300924e+00
2.910000000000000142e+01 1.550282715091682473e+00
2.920000000000000284e+01 7.526302553370114445e-01
2.930000000000000071e+01 2.036147922086624651e-01
2.940000000000000213e+01 1.462443047921013539e+00
2.950000000000000000e+01 1.535332943445591347e+00
2.960000000000000142e+01 7.601655547658248135e-01
2.970000000000000284e+01 1.335648206042616915e+00
2.980000000000000071e+01 1.153582976698539264e+00
2.990000000000000213e+01 6.874673887267715999e-01
3.000000000000000000e+01 1.256246787654065944e+00
3.010000000000000142e+01 1.989567729150460318e+00
3.020000000000000284e+01 3.700429152306779379e+00
3.030000000000000071e+01 5.529711765766621490e+00
3.040000000000000213e+01 3.528251538459618786e+01
3.050000000000000000e+01 2.095599197119685542e+01
3.060000000000000142e+01 2.912752680452279819e+01
3.070000000000000284e+01 2.708783803816440638e+01
3.080000000000000071e+01 1.535109420409505354e+01
3.090000000000000213e+01 1.052926494790268563e+00
3.100000000000000000e+01 5.398310295030735340e+00
3.110000000000000142e+01 1.321678613416341186e+00
3.120000000000000284e+01 1.275205806949124998e+01
3.130000000000000071e+01 1.860298125778736988e+01
3.140000000000000213e+01 1.015515783447536613e+01
3.150000000000000000e+01 6.572731209275828768e+00
3.160000000000000142e+01 2.513140678805105566e+01
3.170000000000000284e+01 1.223578197615685426e+01
3.180000000000000071e+01 5.166317552408390412e+00
3.190000000000000213e+01 1.902468721314008704e+01
3.200000000000000000e+01 8.266643880973257197e+00
3.210000000000000142e+01 8.174102343236750556e+00
3.220000000000000284e+01 4.085095780007402766e+01
3.230000000000000426e+01 3.446643074348941838e+01
3.239999999999999858e+01 3.150514213931395346e+01
3.250000000000000000e+01 7.812317587265308561e+00
3.260000000000000142e+01 2.295314352841621641e+01
3.270000000000000284e+01 4.441090178305724834e+00
3.280000000000000426e+01 4.935244984022020276e+00
3.289999999999999858e+01 4.914544379023049636e+00
3.300000000000000000e+01 5.954672924034732517e+01
3.310000000000000142e+01 1.744899576227168581e+01
3.320000000000000284e+01 1.755252118562379282e+00
3.330000000000000426e+01 2.932903014168638745e+00
3.339999999999999858e+01 1.774518642472366903e+00
3.350000000000000000e+01 5.426113482717220826e-01
3.360000000000000142e+01 1.674214543548465439e+00
3.370000000000000284e+01 6.784401944273724672e-01
3.380000000000000426e+01 1.498982762440383532e+01
3.389999999999999858e+01 1.899114932017766932e+01
3.400000000000000000e+01 7.258573375653628545e+01
3.410000000000000142e+01 1.359026771617279508e+02
3.420000000000000284e+01 5.479348148781568284e+01
3.430000000000000426e+01 1.687235392891888353e+01
3.439999999999999858e+01 1.217212312524301332e+01
3.450000000000000000e+01 1.296427344455686104e+01
3.460000000000000142e+01 2.303497561642416613e+01
3.470000000000000284e+01 8.914659715911783167e+01
3.480000000000000426e+01 4.671632232001667973e+01
3.489999999999999858e+01 4.423421470770315267e+01
3.500000000000000000e+01 2.419856639717918867e+01
3.510000000000000142e+01 1.073421384455397032e+01
3.520000000000000284e+01 4.269342819732576122e-01
3.530000000000000426e+01 6.823581765934922494e+00
3.539999999999999858e+01 1.878568050619790242e+01
3.550000000000000000e+01 2.723050011888938471e+00
3.560000000000000142e+01 3.246349457418338602e+01
3.570000000000000284e+01 1.468718959769018007e+01
3.580000000000000426e+01 9.475961524237090927e+00
3.589999999999999858e+01 4.834813059245413314e+01
3.600000000000000000e+01 4.261750651808178958e+01
3.610000000000000142e+01 3.326899985159604611e+00
3.620000000000000284e+01 4.153944120118386429e+00
3.630000000000000426e+01 5.978521190468090651e+01
3.639999999999999858e+01 1.308336327030372956e+02
3.650000000000000000e+01 1.603566029330866982e+01
3.660000000000000142e+01 2.803173534908551545e+01
3.670000000000000284e+01 3.699212489669312021e+01
3.680000000000000426e+01 3.212265206740635648e+01
3.689999999999999858e+01 4.179605661419400064e+01
3.700000000000000000e+01 7.915541314491593994e+01
3.710000000000000142e+01 3.064794568755546322e+01
3.720000000000000284e+01 2.689009735704368254e+01
3.730000000000000426e+01 1.225266362247389225e+02
3.739999999999999858e+01 9.198972647430741745e+01
3.750000000000000000e+01 1.032865653174204397e+02
3.760000000000000142e+01 8.203325440544607261e+01
3.770000000000000284e+01 7.792658910829786123e+01
3.780000000000000426e+01 2.234142710646434864e+02
3.789999999999999858e+01 1.605160043957941411e+02
3.800000000000000000e+01 1.359641598411578514e+02
3.810000000000000142e+01 2.264875405442342640e+02
3.820000000000000284e+01 7.453850893926848187e+01
3.830000000000000426e+01 1.587912191648739224e+02
3.840000000000000568e+01 2.900608521687611869e+02
3.850000000000000000e+01 6.071260621098766705e+02
3.860000000000000142e+01 3.986791040952682579e+02
3.870000000000000284e+01 3.476924871896997047e+02
3.880000000000000426e+01 1.075733424210954894e+02
3.890000000000000568e+01 1.475077037686804431e+02
3.900000000000000000e+01 5.078295522683432495e+01
3.910000000000000142e+01 6.624566409049471361e+01
3.920000000000000284e+01 3.386742001011095482e+01
3.930000000000000426e+01 2.701001072645705747e+01
3.940000000000000568e+01 1.078034209268907802e+02
3.950000000000000000e+01 9.061946644963873609e+01
3.960000000000000142e+01 2.497252783118358366e+02
3.970000000000000284e+01 5.030198820467326186e+02
3.980000000000000426e+01 5.770128152275698312e+02
3.990000000000000568e+01 5.300363613332997375e+02
4.000000000000000000e+01 4.343357677384491353e+02
4.010000000000000142e+01 2.731622799746325541e+02
4.020000000000000284e+01 7.120986797929479053e+02
4.030000000000000426e+01 7.451220576021120223e+02
4.040000000000000568e+01 1.330385090036630345e+03
4.050000000000000000e+01 1.346094814966719696e+03
4.060000000000000142e+01 7.456814241820892676e+03
4.070000000000000284e+01 3.469555546893977589e+04
4.080000000000000426e+01 9.574019505880949509e+03
4.090000000000000568e+01 1.996779370576553447e+03
4.100000000000000000e+01 9.991756312367220971e+02
4.110000000000000142e+01 7.735294620296425592e+02
4.120000000000000284e+01 7.414188108596741813e+02
4.130000000000000426e+01 3.001615860794599371e+02
4.140000000000000568e+01 4.905055292000506597e+02
4.150000000000000000e+01 5.202405669108322854e+02
4.160000000000000142e+01 5.838910780476757054e+02
4.170000000000000284e+01 5.313189827437258828e+02
4.180000000000000426e+01 2.913801346411822806e+02
4.190000000000000568e+01 9.983781869340140247e+01
4.200000000000000000e+01 1.196529978769074347e+02
4.210000000000000142e+01 2.729836183537834771e+01
4.220000000000000284e+01 3.370069543478128793e+01
4.230000000000000426e+01 6.328402561198107890e+01
4.240000000000000568e+01 5.063485115458466623e+01
4.250000000000000000e+01 1.411247219270333346e+02
4.260000000000000142e+01 1.074008965019259563e+02
4.270000000000000284e+01 3.047050747177004837e+02
4.280000000000000426e+01 3.581477533847676114e+02
4.290000000000000568e+01 6.940527673042835204e+02
4.300000000000000000e+01 3.016776905388680916e+02
4.310000000000000142e+01 1.930591721726920582e+02
4.320000000000000284e+01 7.271690698547809006e+01
4.330000000000000426e+01 2.084609706060568897e+02
4.340000000000000568e+01 1.454363611954280771e+02
4.350000000000000000e+01 1.799788089800400428e+02
4.360000000000000142e+01 2.438050727315652466e+02
4.370000000000000284e+01 8.640838006893517331e+01
4.380000000000000426e+01 8.515344343584294506e+01
4.390000000000000568e+01 1.025298322852236197e+02
4.400000000000000000e+01 9.559566561234878179e+01
4.410000000000000142e+01 1.228062186738542039e+02
4.420000000000000284e+01 2.784581866517313031e+01
4.430000000000000426e+01 2.755670516389627167e+01
4.440000000000000568e+01 7.739873456865969104e+01
4.450000000000000000e+01 4.685785832695931674e+01
4.460000000000000142e+01 3.252059234980309554e+01
4.470000000000000284e+01 3.979043898411822511e+01
4.480000000000000426e+01 3.166835928711777726e+01
4.490000000000000568e+01 1.436804166278404615e+01
4.500000000000000000e+01 1.273585463689681347e+02
4.510000000000000142e+01 7.198743655453969836e+01
4.520000000000000284e+01 5.408236970060137594e+00
4.530000000000000426e+01 2.733443129537428629e+00
4.540000000000000568e+01 3.203756989889125606e+01
4.550000000000000000e+01 5.713808427430923587e+01
4.560000000000000142e+01 9.774407715020686283e+00
4.570000000000000284e+01 1.319064747448852515e+01
4.580000000000000426e+01 3.850267677870386507e+01
4.590000000000000568e+01 2.791931816752793782e+00
4.600000000000000000e+01 1.855087436997543193e+01
4.610000000000000142e+01 8.654657111864665353e+00
4.620000000000000284e+01 4.429975529521809063e-01
4.630000000000000426e+01 8.894774644168156996e+00
4.640000000000000568e+01 2.264489801885664022e+01
4.650000000000000000e+01 4.347136448925380137e+01
4.660000000000000142e+01 4.109482605835545854e+01
4.670000000000000284e+01 9.136409898837557364e+01
4.680000000000000426e+01 2.433370632742444784e+01
4.690000000000000568e+01 1.460651772678978411e+01
4.700000000000000000e+01 1.212744911576007034e+01
4.710000000000000142e+01 1.533400398468354986e+01
4.720000000000000284e+01 4.695856694346729654e+01
4.730000000000000426e+01 1.328296469214052706e+02
4.740000000000000568e+01 8.316535577191237394e+01
4.750000000000000000e+01 2.202800385869903366e+01
4.760000000000000142e+01 1.688698912426064069e+01
4.770000000000000284e+01 7.834104849368906942e-01
4.780000000000000426e+01 1.696387373800477327e+00
4.790000000000000568e+01 5.292250826489682813e-01
4.800000000000000000e+01 1.675924740484119990e+00
4.810000000000000142e+01 3.065209331481092647e+00
4.820000000000000284e+01 1.610949551558657600e+00
4.830000000000000426e+01 1.448951559093304375e+01
4.840000000000000568e+01 6.114584847773502219e+01
4.850000000000000000e+01 6.882353995501703459e+00
4.860000000000000142e+01 5.155389669124188501e+00
4.870000000000000284e+01 3.989479410451575170e+00
4.880000000000000426e+01 2.293992236474054636e+01
4.890000000000000568e+01 7.498069724820597415e+00
4.900000000000000000e+01 2.748659168566323885e+01
4.910000000000000142e+01 3.255411642755848334e+01
4.920000000000000284e+01 4.761812377227092696e+01
4.930000000000000426e+01 8.570157756707976304e+00
4.940000000000000568e+01 7.638422331332514581e+00
4.950000000000000000e+01 1.947451529027627615e+01
4.960000000000000142e+01 5.513752484400074927e+00
4.970000000000000284e+01 1.126437057801646979e+01
4.980000000000000426e+01 2.685859300938679795e+01
4.990000000000000568e+01 7.444178635745434036e+00
5.000000000000000000e+01 9.545408951629635652e+00
5.010000000000000142e+01 1.810715439740415889e+01
5.020000000000000284e+01 1.491602423784776477e+01
5.030000000000000426e+01 1.525196033461552414e+00
5.040000000000000568e+01 5.554288381112840511e+00
5.050000000000000000e+01 9.956297661869316640e-01
5.060000000000000142e+01 1.346937701432453238e+01
5.070000000000000284e+01 2.555752947691863142e+01
5.080000000000000426e+01 3.128587536486785226e+01
5.090000000000000568e+01 1.967431785664918920e+01
5.100000000000000000e+01 4.090442620763991499e+01
5.110000000000000142e+01 6.872730702756538967e+00
5.120000000000000284e+01 3.956292726752141498e+00
5.130000000000000426e+01 2.085000085146836213e+00
5.140000000000000568e+01 1.424320767826425804e+00
5.150000000000000000e+01 6.974056107606795285e-01
5.160000000000000142e+01 1.059440589085629547e+00
5.170000000000000284e+01 1.409971630595746372e+00
5.180000000000000426e+01 7.600462051901469840e-01
5.190000000000000568e+01 1.450560826343436638e+00
5.200000000000000000e+01 1.620320558176757242e+00
5.210000000000000142e+01 2.395388687699304131e-01
5.220000000000000284e+01 6.544949222532019384e-01
5.230000000000000426e+01 1.302414545068681040e+00
5.240000000000000568e+01 7.838295198981155565e+00
5.250000000000000000e+01 2.056917755799871461e+00
5.260000000000000142e+01 3.207921365739499819e+00
5.270000000000000284e+01 1.305986132304620462e+00
5.280000000000000426e+01 8.334699083214639481e-01
5.290000000000000568e+01 6.875421886014004835e-01
5.300000000000000000e+01 8.653678062745820965e-01
5.310000000000000142e+01 8.329369842055667661e+00
5.320000000000000284e+01 5.250954966194149698e+00
5.330000000000000426e+01 2.969817443864097295e-01
5.340000000000000568e+01 3.676309299904845229e-01
5.350000000000000000e+01 3.835925407598700376e-01
5.360000000000000142e+01 3.954624325559167319e-01
5.370000000000000284e+01 9.241150392794547086e-01
5.380000000000000426e+01 2.912375334255191461e+00
5.390000000000000568e+01 9.500954440788207389e-01
5.400000000000000000e+01 2.874991901381014792e+00
5.410000000000000142e+01 3.167499943000004148e+00
5.420000000000000284e+01 5.655212266522603448e-01
5.430000000000000426e+01 6.653275059014136517e-01
5.440000000000000568e+01 5.064422843360829063e+01
5.450000000000000000e+01 3.647533175239508374e+00
5.460000000000000142e+01 7.327880641122528349e-01
5.470000000000000284e+01 3.858248775363994021e+00
5.480000000000000426e+01 2.443312855722776078e+01
5.490000000000000568e+01 3.296999329813714574e+00
5.500000000000000000e+01 4.146716500570006292e-01
5.510000000000000142e+01 4.987930200394191105e-01
5.520000000000000284e+01 8.998561651562770880e-01
5.530000000000000426e+01 1.718268562883175088e-01
5.540000000000000568e+01 9.708071125165482207e-02
5.550000000000000000e+01 1.994531858580785022e-01
5.560000000000000142e+01 3.298971716953504052e-02
5.570000000000000284e+01 1.292326612065184399e-01
5.580000000000000426e+01 1.216819129196190064e+00
5.590000000000000568e+01 8.684266733296658325e-01
5.600000000000000000e+01 1.430453751231096415e+00
5.610000000000000142e+01 1.645197398022895330e+00
5.620000000000000284e+01 1.176096974913061111e+01
5.630000000000000426e+01 3.961106472046593829e+00
5.640000000000000568e+01 9.557439112494537925e-01
5.650000000000000000e+01 5.979442641038208883e+00
5.660000000000000142e+01 9.012121934546847291e-01
5.670000000000000284e+01 3.748376541540983986e+00
5.680000000000000426e+01 3.508099824752288765e+00
5.690000000000000568e+01 4.860957381855064430e-01
5.700000000000000000e+01 5.529628947434100716e+00
5.710000000000000142e+01 1.245300783258116795e+01
5.720000000000000284e+01 4.084001087503299487e+01
5.730000000000000426e+01 7.007290890556312490e+01
5.740000000000000568e+01 1.402261547332085101e+01
5.750000000000000000e+01 2.645962767281831063e+01
5.760000000000000142e+01 1.200719925539502064e+01
5.770000000000000284e+01 6.673106234596291486e+00
5.780000000000000426e+01 1.749800949677040585e+00
5.790000000000000568e+01 4.761278095439245434e-02
5.800000000000000000e+01 4.351448575457425583e-02
5.810000000000000142e+01 1.175311242770044340e-01
5.820000000000000284e+01 2.301963741003802133e-01
5.830000000000000426e+01 1.126748596361282495e-01
5.840000000000000568e+01 7.921517604570578186e-01
5.850000000000000000e+01 2.351969637760527032e+00
5.860000000000000142e+01 6.221276011516764015e+00
5.870000000000000284e+01 5.345522852267003966e-01
5.880000000000000426e+01 1.103648032835166659e-01
5.890000000000000568e+01 3.742129021228272623e-01
5.900000000000000000e+01 5.398960034410739406e-02
5.910000000000000142e+01 1.569271529083574868e-01
5.920000000000000284e+01 6.300156766078776061e-01
5.930000000000000426e+01 1.193824650585227687e+00
5.940000000000000568e+01 1.227028165352572753e+00
5.950000000000000000e+01 8.690057573544686775e+00
5.960000000000000142e+01 1.941139651260017418e+00
5.970000000000000284e+01 3.823869328973037884e+00
5.980000000000000426e+01 4.699262981879351209e+00
5.990000000000000568e+01 3.265383269022414381e-01
6.000000000000000000e+01 1.185919003976044550e+00
6.010000000000000142e+01 9.925853344397770339e-01
6.020000000000000284e+01 4.153739990448348074e+00
6.030000000000000426e+01 1.240020131812776150e+01
6.040000000000000568e+01 4.461587551591993162e+01
6.050000000000000000e+01 1.049759623854166435e+01
6.060000000000000142e+01 6.869416875421335078e+01
6.070000000000000284e+01 9.343958387303388236e+00
6.080000000000000426e+01 2.544848201741620741e+00
6.090000000000000568e+01 6.536092900357513003e-01
6.100000000000000000e+01 2.048874548918669714e+00
6.110000000000000142e+01 8.337900116632338765e+00
6.120000000000000284e+01 3.025234880923163838e-01
6.130000000000000426e+01 1.853805015007413126e-01
6.140000000000000568e+01 5.566287314010130993e-01
6.150000000000000000e+01 6.590168812749297444e+00
6.160000000000000142e+01 4.602613227787072936e-01
6.170000000000000284e+01 5.833783844433378718e+00
6.180000000000000426e+01 4.305484597721567219e+00
6.190000000000000568e+01 2.312122003875864529e+00
6.200000000000000000e+01 1.630037966711149755e+00
6.210000000000000142e+01 1.613182691264191948e-01
6.220000000000000284e+01 7.408900375367678814e-02
6.230000000000000426e+01 2.031269932069123207e+00
6.240000000000000568e+01 1.648775485148896891e+01
6.250000000000000000e+01 2.717035071903673682e+01
6.260000000000000142e+01 4.723878166874799334e+00
6.270000000000000284e+01 8.062729241103756550e-01
6.280000000000000426e+01 1.034768234512052132e+00
6.290000000000000568e+01 1.092354471758599743e+01
6.300000000000000000e+01 1.368991780492582411e+00
6.310000000000000142e+01 1.293159488498664089e+01
6.320000000000000284e+01 2.171187195668231151e+00
6.330000000000000426e+01 4.717649353660604561e-01
6.340000000000000568e+01 1.078399738273997793e-01
6.350000000000000000e+01 4.836628354813792274e-01
6.360000000000000142e+01 3.477379601639113194e+00
6.370000000000000284e+01 3.211511564771631355e-01
6.380000000000000426e+01 4.750986086818441478e+00
6.390000000000000568e+01 1.369107014823328639e+00
6.400000000000000000e+01 6.621603979052241407e+00
6.410000000000000853e+01 1.444876631136577672e+01
6.420000000000000284e+01 4.664353527064608151e+00
6.429999999999999716e+01 2.460531610922058299e+00
6.440000000000000568e+01 6.427385573599602164e-01
6.450000000000000000e+01 1.117590491532761021e+01
6.460000000000000853e+01 6.577815324234561611e-01
6.470000000000000284e+01 8.158093698603542387e-01
6.479999999999999716e+01 1.174904995040427558e+00
6.490000000000000568e+01 4.879696944145865523e+00
6.500000000000000000e+01 2.434276329903183544e+00
6.510000000000000853e+01 4.375153662608611604e+00
6.520000000000000284e+01 3.035098948431275701e-01
6.529999999999999716e+01 7.453801730076087040e+00
6.540000000000000568e+01 1.390025568141087353e+00
6.550000000000000000e+01 4.982669794717993761e-01
6.560000000000000853e+01 3.611881725597175241e-01
6.570000000000000284e+01 6.479967407465536677e-01
6.579999999999999716e+01 7.289955416314612691e-02
6.590000000000000568e+01 2.539014454713931501e-01
6.600000000000000000e+01 5.182342844454959074e-01
6.610000000000000853e+01 8.111007297065653265e-02
6.620000000000000284e+01 2.991562881017466660e-02
6.629999999999999716e+01 3.336137791542297948e-01
6.640000000000000568e+01 1.990454194071482164e+00
6.650000000000000000e+01 1.685001220043659265e-01
6.660000000000000853e+01 1.641661417468433415e+00
6.670000000000000284e+01 7.252558314784015359e+00
6.679999999999999716e+01 1.889147959459748094e+01
6.690000000000000568e+01 2.940327394272264971e+00
6.700000000000000000e+01 8.508542962005196664e-01
6.710000000000000853e+01 2.550889295491604591e-01
6.720000000000000284e+01 6.359346737766511382e-01
6.729999999999999716e+01 2.631594764155793076e+00
6.740000000000000568e+01 1.750312872858638613e+01
6.750000000000000000e+01 7.021243013690535939e+00
6.760000000000000853e+01 5.460969800744259572e+01
6.770000000000000284e+01 2.121422395828625795e+01
6.779999999999999716e+01 9.888309325411404060e-01
6.790000000000000568e+01 5.681317554700413552e-01
6.800000000000000000e+01 1.099095746900319526e+00
6.810000000000000853e+01 7.791553449848612201e-02
6.820000000000000284e+01 7.175825234124338925e-01
6.829999999999999716e+01 9.255772333410605679e-02
6.840000000000000568e+01 1.507609695750752765e+00
6.850000000000000000e+01 9.648996834881931051e-01
6.860000000000000853e+01 6.188412399434438660e-01
6.870000000000000284e+01 1.854606508596722048e+00
6.879999999999999716e+01 2.234770734208544773e+00
6.890000000000000568e+01 1.078240555360193120e+01
6.900000000000000000e+01 6.900852078008241186e+00
6.910000000000000853e+01 4.463239425442209196e+00
6.920000000000000284e+01 1.022352086699211782e+01
6.929999999999999716e+01 6.262850449128436914e+00
6.940000000000000568e+01 5.357610527502364661e+00
6.950000000000000000e+01 9.845111538280438168e+00
6.960000000000000853e+01 3.141665891635392338e+00
6.970000000000000284e+01 1.598396971941932421e+00
6.979999999999999716e+01 2.127999145748984411e+00
6.990000000000000568e+01 4.619761293705153093e+00
7.000000000000000000e+01 5.066603892448724444e-01
7.010000000000000853e+01 5.565075842741010748e-01
7.020000000000000284e+01 3.206533560592347287e-01
7.029999999999999716e+01 2.690858221702377762e+00
7.040000000000000568e+01 2.709038940475485546e-01
7.050000000000000000e+01 9.398666079852394661e-01
7.060000000000000853e+01 3.265095334879613453e+00
7.070000000000000284e+01 1.459202630909838661e+01
7.079999999999999716e+01 4.835032107577763583e+00
7.090000000000000568e+01 2.179634648091515192e-01
7.100000000000000000e+01 1.840368911823256348e-01
7.110000000000000853e+01 1.009910557425703459e+00
7.120000000000000284e+01 1.032243563804769115e+00
7.129999999999999716e+01 4.141772072539283145e-01
7.140000000000000568e+01 1.244073260471444797e+01
7.150000000000000000e+01 3.585290392006378557e+00
7.160000000000000853e+01 3.222776923878888145e+00
7.170000000000000284e+01 2.728066343018866036e+01
7.179999999999999716e+01 2.289355962293961433e+00
7.190000000000000568e+01 9.596454862952857212e+00
7.200000000000000000e+01 3.490674587757774949e-01
7.210000000000000853e+01 1.620432041400034495e-01
7.220000000000000284e+01 2.795528360948020818e-01
7.229999999999999716e+01 1.284030069671131535e-01
7.240000000000000568e+01 3.491403000741269413e-01
7.250000000000000000e+01 2.137768348838662846e-01
7.260000000000000853e+01 2.248456301687357328e+00
7.270000000000000284e+01 9.670279475161009941e+00
7.279999999999999716e+01 3.249400581822606604e+00
7.290000000000000568e+01 2.217175783912279652e+00
7.300000000000000000e+01 9.151104837579061568e-01
7.310000000000000853e+01 1.386401070451658946e+00
7.320000000000000284e+01 1.576595812499751226e+00
7.329999999999999716e+01 1.919242001687052124e+01
7.340000000000000568e+01 8.287629505331601365e+00
7.350000000000000000e+01 1.632245547392595364e-01
7.360000000000000853e+01 7.616924906740615286e-01
7.370000000000000284e+01 1.690422620438974732e+00
7.379999999999999716e+01 1.303852553930738400e+00
7.390000000000000568e+01 6.076730428262937522e-01
7.400000000000000000e+01 1.929098719414896468e-01
7.410000000000000853e+01 1.019425554655466470e+01
7.420000000000000284e+01 1.154783924515742122e+01
7.429999999999999716e+01 1.009392964755825961e+00
7.440000000000000568e+01 7.835755360362696154e-01
7.450000000000000000e+01 3.415291645232217399e-01
7.460000000000000853e+01 2.318789195546983040e-01
7.470000000000000284e+01 8.318142789097630885e-02
7.479999999999999716e+01 7.735209174160691779e-03
7.490000000000000568e+01 1.452496895613382966e-01
7.500000000000000000e+01 7.758799036765969860e-03
7.510000000000000853e+01 1.676436180724082958e-01
7.520000000000000284e+01 3.567060447989331973e-01
7.529999999999999716e+01 8.770760293237788163e-01
7.540000000000000568e+01 1.474750647988241736e+00
7.550000000000000000e+01 1.982021525717399257e-01
7.560000000000000853e+01 1.828806168006350819e-01
7.570000000000000284e+01 9.055688486624673128e-02
7.579999999999999716e+01 1.095831144499551435e+00
7.590000000000000568e+01 1.905724980340529062e-01
7.600000000000000000e+01 4.895694500265823645e-01
7.610000000000000853e+01 1.861959374281965562e+00
7.620000000000000284e+01 1.005437996293111924e+00
7.629999999999999716e+01 8.207098546320544530e-02
7.640000000000000568e+01 3.330125272569240541e-02
7.650000000000000000e+01 1.858155323586623831e-01
7.660000000000000853e+01 3.323955043778419882e-01
7.670000000000000284e+01 6.847901742568407446e-02
7.680000000000001137e+01 6.956586907940286169e-02
7.690000000000000568e+01 4.160963513399690838e-01
7.700000000000000000e+01 3.030332828417242955e-02
7.710000000000000853e+01 1.274513320839524254e-02
7.720000000000000284e+01 6.120081677472851561e-02
7.730000000000001137e+01 9.040468028373660481e-03
7.740000000000000568e+01 5.835677064068450250e-03
7.750000000000000000e+01 2.464839857701922946e-02
7.760000000000000853e+01 5.432832804131410009e-02
7.770000000000000284e+01 3.856390680666783866e-02
7.780000000000001137e+01 1.508977952313323989e-01
7.790000000000000568e+01 1.151749432985077204e-01
7.800000000000000000e+01 4.592694126992735021e-02
7.810000000000000853e+01 9.359298387718345547e-02
7.820000000000000284e+01 8.443283654210310962e-02
7.830000000000001137e+01 3.758218892870354277e-03
7.840000000000000568e+01 2.083350982653216568e-02
7.850000000000000000e+01 8.581525350662026763e-03
7.860000000000000853e+01 2.624480422645249309e-03
7.870000000000000284e+01 6.458883521131766545e-03
7.880000000000001137e+01 3.634976165325919020e-03
7.890000000000000568e+01 3.207736443592331256e-04
7.900000000000000000e+01 2.215587122812272269e-02
7.910000000000000853e+01 2.297308990237757406e-02
7.920000000000000284e+01 9.200034534977699630e-02
7.930000000000001137e+01 6.063283731614627428e-03
7.940000000000000568e+01 9.485827006981560790e-04
7.950000000000000000e+01 2.505562064030675967e-03
7.960000000000000853e+01 3.425493010565908766e-03
7.970000000000000284e+01 8.209224017097486613e-04
7.980000000000001137e+01 1.077049979402446359e-03
7.990000000000000568e+01 7.385219226605534842e-03
8.000000000000000000e+01 2.385924013231607854e-03
8.010000000000000853e+01 1.489487749726736698e-02
8.020000000000000284e+01 7.089647571923936298e-03
8.030000000000001137e+01 1.420222899518209115e-03
8.040000000000000568e+01 1.508928819324217505e-03
8.050000000000000000e+01 2.084645101365880087e-03
8.060000000000000853e+01 1.343046822645761491e-03
8.070000000000000284e+01 1.021204613011525956e-04
8.080000000000001137e+01 2.951327708674934391e-03
8.090000000000000568e+01 3.377221277788576125e-03
8.100000000000000000e+01 1.783274830845194350e-03
8.110000000000000853e+01 7.316854304381162008e-03
8.120000000000000284e+01 1.541507736562842089e-03
8.130000000000001137e+01 1.089794133059515278e-03
8.140000000000000568e+01 1.164442907015324734e-02
8.150000000000000000e+01 4.312802363183201523e-03
8.160000000000000853e+01 2.939222080876794426e-03
8.170000000000000284e+01 1.758654035711171987e-03
8.180000000000001137e+01 1.938708487561777508e-02
8.190000000000000568e+01 1.198418379248260279e-02
8.200000000000000000e+01 4.166874805194689668e-02
8.210000000000000853e+01 1.766069001639044428e-02
8.220000000000000284e+01 4.201912160296404630e-02
8.230000000000001137e+01 8.892739341405797929e-03
8.240000000000000568e+01 8.233982841684733822e-02
8.250000000000000000e+01 2.489557846939662727e-02
8.260000000000000853e+01 9.168256511895442329e-03
8.270000000000000284e+01 4.879741759573123783e-02
8.280000000000001137e+01 1.540522316118672630e-01
8.290000000000000568e+01 2.580638919072972270e-01
8.300000000000000000e+01 7.414282626798771036e-02
8.310000000000000853e+01 6.489944130967938429e-01
8.320000000000000284e+01 1.800020818355504426e-01
8.330000000000001137e+01 1.559032668435078317e-01
8.340000000000000568e+01 1.283024841599796906e-01
8.350000000000000000e+01 8.939292063283486856e-02
8.360000000000000853e+01 7.359464012770729202e-02
8.370000000000000284e+01 5.629462173894401317e-02
8.380000000000001137e+01 9.795983478991834859e-02
8.390000000000000568e+01 1.555306758975536496e-01
8.400000000000000000e+01 2.039226893594790410e-02
8.410000000000000853e+01 1.567004872147705714e-03
8.420000000000000284e+01 1.825868113887536281e-01
8.430000000000001137e+01 5.016053347583696032e-02
8.440000000000000568e+01 9.197683326592241970e-01
8.450000000000000000e+01 1.794205428234813215e+00
8.460000000000000853e+01 4.120730420587694759e-02
8.470000000000000284e+01 2.245802640995705687e-02
8.480000000000001137e+01 1.399923162371785046e-01
8.490000000000000568e+01 2.879074077486440744e-02
8.500000000000000000e+01 6.821488187226877609e-02
8.510000000000000853e+01 6.346314104342720697e-02
8.520000000000000284e+01 2.611461339314694596e-01
8.530000000000001137e+01 3.553294781633033472e-01
8.540000000000000568e+01 3.872642354058247749e-02
8.550000000000000000e+01 2.681597704620223080e-02
8.560000000000000853e+01 4.541328196342338946e-02
8.570000000000000284e+01 6.288776263858608662e-02
8.580000000000001137e+01 3.154804404932500667e-02
8.590000000000000568e+01 6.453204920604289907e-02
8.600000000000000000e+01 1.158292392443502523e-02
8.610000000000000853e+01 1.865936846915173392e-02
8.620000000000000284e+01 4.128941633908253701e-03
8.630000000000001137e+01 2.677498801334796119e-01
8.640000000000000568e+01 3.581180174279949280e-02
8.650000000000000000e+01 4.437160894644540804e-02
8.660000000000000853e+01 2.241250032479969734e-01
8.670000000000000284e+01 3.408812493304957253e-02
8.680000000000001137e+01 1.889882632936966053e-02
8.690000000000000568e+01 6.914534885064256217e-03
8.700000000000000000e+01 4.089616061286816678e-03
8.710000000000000853e+01 9.546466396133257426e-02
8.720000000000000284e+01 5.482059774419304615e-02
8.730000000000001137e+01 1.150166089519019941e-01
8.740000000000000568e+01 9.340041858434547720e-03
8.750000000000000000e+01 1.457086287566223409e-02
8.760000000000000853e+01 1.870147420416137449e-02
8.770000000000000284e+01 5.482931689818737464e-02
8.780000000000001137e+01 2.098408498390493676e-02
8.790000000000000568e+01 5.159992866792052074e-02
8.800000000000000000e+01 4.367966241115380302e-03
8.810000000000000853e+01 1.005134131051431817e-01
8.820000000000000284e+01 4.580240059944303277e-01
8.830000000000001137e+01 1.430129111608312645e-02
8.840000000000000568e+01 1.366269609467216373e-01
8.850000000000000000e+01 1.560633497125122782e+00
8.860000000000000853e+01 6.786768901809432819e+00
8.870000000000000284e+01 7.495569568705714447e-01
8.880000000000001137e+01 5.484750195072192192e-01
8.890000000000000568e+01 3.578843923968447888e-02
8.900000000000000000e+01 6.562852121326728794e-02
8.910000000000000853e+01 2.302320476732961363e-01
8.920000000000000284e+01 1.203375733733697883e+00
8.930000000000001137e+01 5.388425964520019429e-01
8.940000000000000568e+01 5.757790023217526088e-01
8.950000000000000000e+01 1.403536832779877397e+00
8.960000000000000853e+01 1.153473354254331174e+00
8.970000000000000284e+01 2.615769688119579328e+00
8.980000000000001137e+01 1.750526732937204510e+00
8.990000000000000568e+01 2.569878266117932242e+00
9.000000000000000000e+01 1.247678430256974780e+00
9.010000000000000853e+01 1.063576201987283809e-01
9.020000000000000284e+01 7.053540190719006509e-01
9.030000000000001137e+01 1.164266067943871413e-01
9.040000000000000568e+01 2.803229612125254233e-01
9.050000000000000000e+01 7.612285772436857556e-01
9.060000000000000853e+01 7.003806821545027761e-01
9.070000000000000284e+01 1.258618641127592086e-01
9.080000000000001137e+01 6.245670018425427683e-01
9.090000000000000568e+01 7.930458986357070694e-01
9.100000000000000000e+01 3.285952422763835923e-01
9.110000000000000853e+01 1.132858087318626278e-01
9.120000000000000284e+01 7.131904585241698458e-01
9.130000000000001137e+01 9.603826242037415140e-02
9.140000000000000568e+01 1.066050066589743439e+00
9.150000000000000000e+01 2.435443864913007239e+00
9.160000000000000853e+01 1.809136400826202751e+00
9.170000000000000284e+01 2.710399897351932985e+00
9.180000000000001137e+01 1.159915298324541100e+00
9.190000000000000568e+01 1.549860683270504635e+00
9.200000000000000000e+01 6.127166938054680045e-01
9.210000000000000853e+01 5.122511805860938683e-01
9.220000000000000284e+01 1.219438764201298930e+00
9.230000000000001137e+01 3.027493102516907175e-01
9.240000000000000568e+01 7.225717895816494152e-02
9.250000000000000000e+01 2.860146288888774924e-02
9.260000000000000853e+01 4.397789261595713706e-01
9.270000000000000284e+01 6.479862482408597080e-01
9.280000000000001137e+01 6.617086900488982515e+00
9.290000000000000568e+01 1.977764063705262920e+00
9.300000000000000000e+01 1.778007323127317185e-01
9.310000000000000853e+01 1.112091121686432232e-02
9.320000000000000284e+01 3.569635831787426050e-01
9.330000000000001137e+01 1.299102628100935186e-01
9.340000000000000568e+01 5.986353709915964369e-03
9.350000000000000000e+01 4.805702790610925923e-02
9.360000000000000853e+01 2.042544474986728378e-02
9.370000000000000284e+01 5.638350217500531780e-02
9.380000000000001137e+01 2.012499452582280912e-02
9.390000000000000568e+01 1.502292630271956017e-02
9.400000000000000000e+01 8.282737822678330059e-03
9.410000000000000853e+01 9.167577673593181598e-02
9.420000000000000284e+01 5.452042608267231721e-02
9.430000000000001137e+01 1.222950313372377223e-01
9.440000000000000568e+01 4.623316870691030270e-03
9.450000000000000000e+01 6.839697325670748666e-03
9.460000000000000853e+01 1.808522978125268188e-02
9.470000000000000284e+01 2.266181538985094501e-02
9.480000000000001137e+01 2.311431066804108814e-01
9.490000000000000568e+01 4.741670732580608588e-02
9.500000000000000000e+01 3.150250913298191513e-02
9.510000000000000853e+01 2.910315825361550757e-01
9.520000000000000284e+01 4.895156870838425142e-03
9.530000000000001137e+01 1.829349090487262033e-02
9.540000000000000568e+01 9.006393690733225516e-03
9.550000000000000000e+01 6.350749509290948280e-02
9.560000000000000853e+01 3.073446800035872783e-02
9.570000000000000284e+01 6.224296334376991369e-02
9.580000000000001137e+01 4.619379435915225290e-02
9.590000000000000568e+01 2.772311964000886975e-02
9.600000000000000000e+01 2.700858065618780973e-02
9.610000000000000853e+01 2.916961114683844225e-01
9.620000000000000284e+01 2.875409970379839142e-01
9.630000000000001137e+01 6.762525254149495679e-02
9.640000000000000568e+01 7.029776717658454965e-02
9.650000000000000000e+01 2.283610236679278760e-02
9.660000000000000853e+01 1.435995028297508413e-01
9.670000000000000284e+01 2.748188738348937565e-02
9.680000000000001137e+01 2.718328583938218676e-02
9.690000000000000568e+01 1.527397665131655424e+00
9.700000000000000000e+01 1.097094846032756754e+00
9.710000000000000853e+01 5.539979338560650779e-02
9.720000000000000284e+01 2.310873470496279947e-01
9.730000000000001137e+01 1.573310855077661528e-03
9.740000000000000568e+01 1.817487983719148423e-02
9.750000000000000000e+01 1.345943005718776564e-01
9.760000000000000853e+01 1.163781893009634000e-01
9.770000000000000284e+01 5.846030002962347705e-02
9.780000000000001137e+01 7.188066481767281524e-02
9.790000000000000568e+01 8.834920665976601917e-02
9.800000000000000000e+01 1.269459406844461458e-01
9.810000000000000853e+01 1.442996684033908128e-01
9.820000000000000284e+01 1.733314269228463100e-01
9.830000000000001137e+01 6.777051385532402161e-01
9.840000000000000568e+01 8.096759504534252472e-02
9.850000000000000000e+01 2.401121806942802805e-01
9.860000000000000853e+01 1.703279347169410207e-01
9.870000000000000284e+01 5.498525409190613278e-02
9.880000000000001137e+01 1.014070417897863265e-02
9.890000000000000568e+01 2.210008087296513532e-02
9.900000000000000000e+01 8.792612575262788444e-02
9.910000000000000853e+01 1.146458139063622969e-02
9.920000000000000284e+01 4.177748145378574335e-02
9.930000000000001137e+01 1.759722789799633702e-02
9.940000000000000568e+01 4.297526882306183793e-02
9.950000000000000000e+01 1.380980483839616170e-02
9.960000000000000853e+01 2.030082956414537912e-02
9.970000000000000284e+01 2.263764982180225746e-03
9.980000000000001137e+01 2.322150170978943065e-03
9.990000000000000568e+01 3.848807507744389598e-03
