0.000000000000000000e+00 2.541735517804898925e-01
1.000000000000000056e-01 1.474964116998289887e+00
2.000000000000000111e-01 2.247622322242091020e+00
3.000000000000000444e-01 2.610442057296712415e-01
4.000000000000000222e-01 1.836573426213811144e-01
5.000000000000000000e-01 2.351052156703287710e-01
6.000000000000000888e-01 4.163615903877113666e-01
7.000000000000000666e-01 1.571236595121156265e-01
8.000000000000000444e-01 3.690597321995414681e-01
9.000000000000000222e-01 1.528199088139017003e-01
1.000000000000000000e+00 2.115773516999414072e-01
1.100000000000000089e+00 2.646343766373757678e-01
1.200000000000000178e+00 6.299989731535815540e-01
1.300000000000000044e+00 3.809996982863599890e-01
1.400000000000000133e+00 6.942844347361922797e-01
1.500000000000000000e+00 4.821359719892128193e-01
1.600000000000000089e+00 2.391006009215769501e-01
1.700000000000000178e+00 4.443746028782285529e-01
1.800000000000000044e+00 2.318352356804062597e-01
1.900000000000000133e+00 1.219147792735943425e-01
2.000000000000000000e+00 3.493384860214403531e-01
2.100000000000000089e+00 1.588935301719841098e+00
2.200000000000000178e+00 1.382635434470303570e+00
2.300000000000000266e+00 8.000323892195998488e-01
2.400000000000000355e+00 3.994626130422223032e-01
2.500000000000000000e+00 2.638294754668520370e-01
2.600000000000000089e+00 1.114718138641882100e-01
2.700000000000000178e+00 1.519260340481676241e-01
2.800000000000000266e+00 4.835511474745918248e-01
2.900000000000000355e+00 2.675399350132166565e-01
3.000000000000000000e+00 4.416831065789145194e-01
3.100000000000000089e+00 6.188997333443162496e-01
3.200000000000000178e+00 2.248275169029350540e+00
3.300000000000000266e+00 5.697878233088764510e-01
3.400000000000000355e+00 3.378321334908228835e+00
3.500000000000000000e+00 1.564214455806292925e+00
3.600000000000000089e+00 9.271196975943177820e-01
3.700000000000000178e+00 3.616332147024170496e-01
3.800000000000000266e+00 5.702866963232372521e-01
3.900000000000000355e+00 3.691286124695393189e-01
4.000000000000000000e+00 6.670345248956746076e+00
4.100000000000000533e+00 1.378857404247376905e+00
4.200000000000000178e+00 4.407626056804581083e+00
4.299999999999999822e+00 9.193186856244944138e+00
4.400000000000000355e+00 1.464347534460602729e+00
4.500000000000000000e+00 1.164967703766241369e+00
4.600000000000000533e+00 8.922514557457353890e-01
4.700000000000000178e+00 2.735879402335770205e+00
4.800000000000000711e+00 1.319631217518652866e+00
4.900000000000000355e+00 3.814209924133644125e-01
5.000000000000000000e+00 1.168358359446891148e+00
5.100000000000000533e+00 5.361035099776275681e-01
5.200000000000000178e+00 1.690646481860497152e-01
5.300000000000000711e+00 2.430538242475850375e-01
5.400000000000000355e+00 7.278682751768948966e-01
5.500000000000000000e+00 5.305462742770701290e-01
5.600000000000000533e+00 5.093215266529574903e-01
5.700000000000000178e+00 3.697231022240622944e-01
5.800000000000000711e+00 6.896324639319324490e-01
5.900000000000000355e+00 6.738173041660074913e-01
6.000000000000000000e+00 1.449072277477380988e+00
6.100000000000000533e+00 1.807990611854988217e+00
6.200000000000000178e+00 1.526855800717510148e+00
6.300000000000000711e+00 1.430014889588657745e+00
6.400000000000000355e+00 2.219570178477263678e+00
6.500000000000000000e+00 5.642280199723686884e+00
6.600000000000000533e+00 2.946712517005399601e+00
6.700000000000000178e+00 1.465971189493082916e+00
6.800000000000000711e+00 1.200892802471291709e+00
6.900000000000000355e+00 2.440409667554226392e+00
7.000000000000000000e+00 7.179364077400911981e+00
7.100000000000000533e+00 4.704832786577399339e+00
7.200000000000000178e+00 2.874579637197661963e+00
7.300000000000000711e+00 9.792917295595755522e-01
7.400000000000000355e+00 1.373247583274388672e+00
7.500000000000000000e+00 7.467813537172195426e-01
7.600000000000000533e+00 6.350616620139871715e-01
7.700000000000000178e+00 1.891326550658165573e-01
7.800000000000000711e+00 1.303514640416154613e-01
7.900000000000000355e+00 2.330827528471142163e+00
8.000000000000000000e+00 3.055931306145390991e+00
8.099999999999999645e+00 9.769216808563280230e-01
8.200000000000001066e+00 7.548563921223111484e-01
8.300000000000000711e+00 2.167964322618132655e+00
8.400000000000000355e+00 1.019529276972283460e+00
8.500000000000000000e+00 6.763673306918890349e-01
8.599999999999999645e+00 1.155335131088934542e-01
8.700000000000001066e+00 1.005903470936190397e-01
8.800000000000000711e+00 7.194549775845521244e-01
8.900000000000000355e+00 1.386605763065803965e+00
9.000000000000000000e+00 9.024200491553806103e+00
9.099999999999999645e+00 1.141678134054943339e+00
9.200000000000001066e+00 5.070421688573351737e+00
9.300000000000000711e+00 2.089592884424580355e+00
9.400000000000000355e+00 2.071085612983946944e-01
9.500000000000000000e+00 7.380665159989535651e-01
9.600000000000001421e+00 1.089209266683859090e+00
9.700000000000001066e+00 1.460865975249457660e-01
9.800000000000000711e+00 8.298187599228629141e-02
9.900000000000000355e+00 1.797498910522928040e-01
1.000000000000000000e+01 8.677471659907178836e-01
1.010000000000000142e+01 1.186131955819848871e+00
1.020000000000000107e+01 1.008075884219048923e+00
1.030000000000000071e+01 1.850188713680775976e+00
1.040000000000000036e+01 1.491500051784391268e+00
1.050000000000000000e+01 8.124838481453701133e-01
1.060000000000000142e+01 4.205194591858909980e+00
1.070000000000000107e+01 4.016568869533288400e+00
1.080000000000000071e+01 3.604328235457991969e-01
1.090000000000000036e+01 6.157402626486900843e-01
1.100000000000000000e+01 9.637424816093359548e-02
1.110000000000000142e+01 5.054357356259000372e-02
1.120000000000000107e+01 7.731807498586621905e-03
1.130000000000000071e+01 4.725160624329120124e-02
1.140000000000000036e+01 7.797624576494305293e-01
1.150000000000000000e+01 2.767256326847890024e-01
1.160000000000000142e+01 3.522057875447556219e-01
1.170000000000000107e+01 1.070449472611040148e-01
1.180000000000000071e+01 6.660716239178617881e-01
1.190000000000000036e+01 1.814888695005820451e-01
1.200000000000000000e+01 5.791430552140047067e-02
1.210000000000000142e+01 2.360923772023232337e-01
1.220000000000000107e+01 5.796060739946866658e-01
1.230000000000000071e+01 1.542072537630352069e-01
1.240000000000000036e+01 1.807614178358232515e-01
1.250000000000000000e+01 3.514279070841364039e-01
1.260000000000000142e+01 4.070712921128360334e-02
1.270000000000000107e+01 8.124852097776184834e-02
1.280000000000000071e+01 3.651441928782943325e-02
1.290000000000000036e+01 1.248750773154616855e-01
1.300000000000000000e+01 1.306605508928184722e-01
1.310000000000000142e+01 6.037532577454034904e-02
1.320000000000000107e+01 3.692496516837798920e-02
1.330000000000000071e+01 2.129044125474993665e-02
1.340000000000000036e+01 3.074040491407891915e-02
1.350000000000000000e+01 2.379885301087326585e-02
1.360000000000000142e+01 2.035325066613870998e-02
1.370000000000000107e+01 3.500586524610577177e-02
1.380000000000000071e+01 1.099248458062746236e-01
1.390000000000000036e+01 3.871545340966242588e-01
1.400000000000000000e+01 1.368737392701369349e-01
1.410000000000000142e+01 2.307435208334782106e-02
1.420000000000000107e+01 4.197597625300052149e-02
1.430000000000000071e+01 3.215840334225523178e-01
1.440000000000000036e+01 1.288478963828737778e-01
1.450000000000000000e+01 2.966458065484236378e-02
1.460000000000000142e+01 3.994820327697744256e-02
1.470000000000000107e+01 1.121174430922859677e-01
1.480000000000000071e+01 6.702028972387848171e-02
1.490000000000000036e+01 3.713834530353563729e-02
1.500000000000000000e+01 5.285021281398344373e-01
1.510000000000000142e+01 2.425597093562595064e-01
1.520000000000000107e+01 4.407369138501872341e-02
1.530000000000000071e+01 3.059084057306704074e-01
1.540000000000000036e+01 1.891128982827992022e-01
1.550000000000000000e+01 4.967727680243876343e-01
1.560000000000000142e+01 3.537171977676802914e-01
1.570000000000000107e+01 3.442928199935671452e-01
1.580000000000000071e+01 8.755635543861710335e-02
1.590000000000000036e+01 3.740248972202355193e-01
1.600000000000000000e+01 5.534920112969934913e-02
1.610000000000000142e+01 2.810952916626418760e-02
1.619999999999999929e+01 1.036913618777210166e-01
1.630000000000000071e+01 5.163399670462088809e-01
1.640000000000000213e+01 3.279383288043379308e-01
1.650000000000000000e+01 2.493224383652688225e-01
1.660000000000000142e+01 2.041055282226073575e-01
1.669999999999999929e+01 3.661054334802151672e-02
1.680000000000000071e+01 3.540746091639029869e-02
1.690000000000000213e+01 5.829499547458624059e-02
1.700000000000000000e+01 5.543976280681328639e-02
1.710000000000000142e+01 7.766700738051607322e-02
1.719999999999999929e+01 2.422066747092804229e-01
1.730000000000000071e+01 1.527454177631216159e-01
1.740000000000000213e+01 1.883842243374301562e-01
1.750000000000000000e+01 1.100901789413089721e-01
1.760000000000000142e+01 3.784798446787393522e-01
1.769999999999999929e+01 5.127816214502745051e-01
1.780000000000000071e+01 9.439196903425294272e-01
1.790000000000000213e+01 1.095628419927792585e+00
1.800000000000000000e+01 6.634685284485541956e-01
1.810000000000000142e+01 9.292521989367207302e-01
1.819999999999999929e+01 2.841331511284278299e+00
1.830000000000000071e+01 5.698710427973977533e-01
1.840000000000000213e+01 3.793434762321198583e+00
1.850000000000000000e+01 1.128134238666988809e+00
1.860000000000000142e+01 2.794814368855260134e-01
1.869999999999999929e+01 2.927553082566295983e-01
1.880000000000000071e+01 9.284279991897020912e-02
1.890000000000000213e+01 6.887195998094287896e-02
1.900000000000000000e+01 1.150138825994762165e-01
1.910000000000000142e+01 4.345977895895570819e-01
1.920000000000000284e+01 4.679867749398308741e-01
1.930000000000000071e+01 1.420805184701618151e-01
1.940000000000000213e+01 1.283672057898409324e+00
1.950000000000000000e+01 1.016946269334405795e+00
1.960000000000000142e+01 9.626138999135641638e-01
1.970000000000000284e+01 1.317324979769368687e+00
1.980000000000000071e+01 1.023779277999461890e+00
1.990000000000000213e+01 3.571346160291209326e+00
2.000000000000000000e+01 1.265935830686027685e+01
2.010000000000000142e+01 6.522202183021386546e+00
2.020000000000000284e+01 4.715189880652651766e+00
2.030000000000000071e+01 2.539291553088485198e-01
2.040000000000000213e+01 7.702777137141825214e-02
2.050000000000000000e+01 1.715860052473326403e-01
2.060000000000000142e+01 7.098656449984722450e+00
2.070000000000000284e+01 5.814662644133204994e-01
2.080000000000000071e+01 8.737391938057983420e-01
2.090000000000000213e+01 1.023828947403542383e-01
2.100000000000000000e+01 6.622015272967028687e-02
2.110000000000000142e+01 4.349137588636882434e-02
2.120000000000000284e+01 2.197810436889809094e-02
2.130000000000000071e+01 8.030186995059324095e-02
2.140000000000000213e+01 4.631101032656401162e-02
2.150000000000000000e+01 4.420757405105917026e-02
2.160000000000000142e+01 3.156620561744561959e-01
2.170000000000000284e+01 3.756687149646124602e-01
2.180000000000000071e+01 1.907223840540425708e-01
2.190000000000000213e+01 1.999603461080785016e-01
2.200000000000000000e+01 4.584514310167630557e-01
2.210000000000000142e+01 1.728537149033816112e-01
2.220000000000000284e+01 6.107996741267546909e-02
2.230000000000000071e+01 2.802784005342164389e-02
2.240000000000000213e+01 8.100037090057665354e-03
2.250000000000000000e+01 1.535300091535110253e-02
2.260000000000000142e+01 7.622199755871646165e-02
2.270000000000000284e+01 5.137620863441347274e-02
2.280000000000000071e+01 2.151585049318152643e-02
2.290000000000000213e+01 6.435028963826239234e-02
2.300000000000000000e+01 3.490756211014131583e-02
2.310000000000000142e+01 5.947377774660339567e-02
2.320000000000000284e+01 1.457406090395999831e-01
2.330000000000000071e+01 2.688355314045808853e-01
2.340000000000000213e+01 7.331070917654196606e-01
2.350000000000000000e+01 2.846904177936595559e-01
2.360000000000000142e+01 2.352610373842615732e-01
2.370000000000000284e+01 5.774320051541378257e-02
2.380000000000000071e+01 7.611512859746148718e-02
2.390000000000000213e+01 2.418560614005825782e-01
2.400000000000000000e+01 1.311736427917797598e-01
2.410000000000000142e+01 1.513059170143585153e+00
2.420000000000000284e+01 9.199820945402719108e-01
2.430000000000000071e+01 9.645502645303376532e-01
2.440000000000000213e+01 1.205406450750051928e+00
2.450000000000000000e+01 1.079490754655339391e+00
2.460000000000000142e+01 9.967016316615164850e-01
2.470000000000000284e+01 1.112776889810365599e+00
2.480000000000000071e+01 4.592412429193978851e-01
2.490000000000000213e+01 7.148598835410029828e+00
2.500000000000000000e+01 6.026535137222078120e+00
2.510000000000000142e+01 3.531085295106273225e+00
2.520000000000000284e+01 1.284997809447693484e+00
2.530000000000000071e+01 1.291794795117332084e+00
2.540000000000000213e+01 1.489842841798814321e+00
2.550000000000000000e+01 8.825634860305860974e-01
2.560000000000000142e+01 2.900933981315084731e-01
2.570000000000000284e+01 2.680339300250127454e-01
2.580000000000000071e+01 6.279291563190907421e-01
2.590000000000000213e+01 1.345204114426202135e+00
2.600000000000000000e+01 8.198369461699186900e+00
2.610000000000000142e+01 3.644285130645538384e+00
2.620000000000000284e+01 3.407774697375752559e+00
2.630000000000000071e+01 3.634051288996408946e+00
2.640000000000000213e+01 4.229825488815437851e+00
2.650000000000000000e+01 5.330012694684460151e+00
2.660000000000000142e+01 1.899681728302018424e+00
2.670000000000000284e+01 2.231877356376204435e+00
2.680000000000000071e+01 4.660110173909662201e+00
2.690000000000000213e+01 2.929773115904126257e+00
2.700000000000000000e+01 2.432281861108864263e+01
2.710000000000000142e+01 2.500688474945357243e+01
2.720000000000000284e+01 2.033616419412552645e+01
2.730000000000000071e+01 4.749302489362321467e+00
2.740000000000000213e+01 6.100764654408314946e+00
2.750000000000000000e+01 1.158455060529693625e+01
2.760000000000000142e+01 5.976592381772412921e+00
2.770000000000000284e+01 8.157072652441733851e+00
2.780000000000000071e+01 1.179863665377931881e+01
2.790000000000000213e+01 5.454976448825767044e+00
2.800000000000000000e+01 1.392272006229942738e+00
2.810000000000000142e+01 4.146919751509497765e+00
2.820000000000000284e+01 1.008490398839484570e+01
2.830000000000000071e+01 2.329071931578662102e+00
2.840000000000000213e+01 3.584233267748136775e+00
2.850000000000000000e+01 9.923098710520031673e+00
2.860000000000000142e+01 4.846227264859096273e+00
2.870000000000000284e+01 6.174863483452230462e+00
2.880000000000000071e+01 8.183426424953513134e+00
2.890000000000000213e+01 4.854552496063259781e+00
2.900000000000000000e+01 1.214772387433947110e+00
2.910000000000000142e+01 3.033329391461001556e+00
2.920000000000000284e+01 5.473548599350459121e+00
2.930000000000000071e+01 1.446646664385847991e+00
2.940000000000000213e+01 1.171207959796328746e+00
2.950000000000000000e+01 7.293055846405632536e+00
2.960000000000000142e+01 4.585560537063267716e+00
2.970000000000000284e+01 3.691573305227604518e+00
2.980000000000000071e+01 3.479578042983871189e+00
2.990000000000000213e+01 7.158556744238521174e-01
3.000000000000000000e+01 1.569730002149585246e+00
3.010000000000000142e+01 2.810172343622312940e+00
3.020000000000000284e+01 1.403673137538661031e+01
3.030000000000000071e+01 1.544658160143559389e+00
3.040000000000000213e+01 7.096086320333058195e-01
3.050000000000000000e+01 7.398067464586293163e-01
3.060000000000000142e+01 1.052423192695940379e+01
3.070000000000000284e+01 4.495809018986492767e+00
3.080000000000000071e+01 3.276510638065870840e+00
3.090000000000000213e+01 2.384103872272366420e+00
3.100000000000000000e+01 1.458066262702317761e+00
3.110000000000000142e+01 9.325289542940535803e-01
3.120000000000000284e+01 5.153363016791335127e+00
3.130000000000000071e+01 2.061431871464499910e+00
3.140000000000000213e+01 2.157864530088468236e+00
3.150000000000000000e+01 2.033430894155207724e+00
3.160000000000000142e+01 1.843629545543556958e+01
3.170000000000000284e+01 5.212553023521027562e+00
3.180000000000000071e+01 2.907148413411885013e+00
3.190000000000000213e+01 1.298622154603601153e+01
3.200000000000000000e+01 1.767317793402546577e+00
3.210000000000000142e+01 1.369676956285770908e+00
3.220000000000000284e+01 4.428283591936091668e+00
3.230000000000000426e+01 2.479463862546214870e+00
3.239999999999999858e+01 2.643211527577522091e+00
3.250000000000000000e+01 7.760614347300318627e+00
3.260000000000000142e+01 5.110683985045499256e+00
3.270000000000000284e+01 6.058286294034023634e+00
3.280000000000000426e+01 2.448960086142964343e+00
3.289999999999999858e+01 1.932319233468223274e+01
3.300000000000000000e+01 7.877468223575018413e+00
3.310000000000000142e+01 5.912846903118384567e+00
3.320000000000000284e+01 6.381827130557237382e+00
3.330000000000000426e+01 7.052964037030574396e+00
3.339999999999999858e+01 1.180285593387783472e+01
3.350000000000000000e+01 2.285680364018906285e+00
3.360000000000000142e+01 1.909565571200517731e+00
3.370000000000000284e+01 3.575910189933608319e+00
3.380000000000000426e+01 1.096934324146107365e+01
3.389999999999999858e+01 5.611618420843337063e+00
3.400000000000000000e+01 3.872761027666802391e+01
3.410000000000000142e+01 1.272199440708907581e+01
3.420000000000000284e+01 6.684678564600170958e+00
3.430000000000000426e+01 2.001620280568970855e+01
3.439999999999999858e+01 7.012624604664633665e+00
3.450000000000000000e+01 1.013450879654450798e+00
3.460000000000000142e+01 3.605012199204676859e-01
3.470000000000000284e+01 2.991537881774696817e-01
3.480000000000000426e+01 5.314914385694692323e-01
3.489999999999999858e+01 6.760964547330704510e-01
3.500000000000000000e+01 1.878355806063850775e+00
3.510000000000000142e+01 5.551986002037828660e-01
3.520000000000000284e+01 1.292774341407123329e+00
3.530000000000000426e+01 2.432941543036075682e+00
3.539999999999999858e+01 1.887882080077565972e+00
3.550000000000000000e+01 1.945637613980108815e+00
3.560000000000000142e+01 1.768757140915034332e-01
3.570000000000000284e+01 1.068744808008068370e+00
3.580000000000000426e+01 3.013387149418801592e+00
3.589999999999999858e+01 3.717957578337142799e+00
3.600000000000000000e+01 2.638201590942548247e+00
3.610000000000000142e+01 1.114872285654448181e+00
3.620000000000000284e+01 1.285050356729376952e+00
3.630000000000000426e+01 2.118888348821836853e+00
3.639999999999999858e+01 1.713295715832391375e-01
3.650000000000000000e+01 1.407043148169527524e-01
3.660000000000000142e+01 1.654775041862371343e-01
3.670000000000000284e+01 1.381910068632174748e-01
3.680000000000000426e+01 4.842448387345177352e-01
3.689999999999999858e+01 1.642262176640535642e+00
3.700000000000000000e+01 6.802732560680083695e-01
3.710000000000000142e+01 7.496246171141879300e-01
3.720000000000000284e+01 1.106804046284271953e-01
3.730000000000000426e+01 1.774866709747888183e-01
3.739999999999999858e+01 2.476309502512902966e-02
3.750000000000000000e+01 5.155003450490389799e-02
3.760000000000000142e+01 1.281333587765720039e-01
3.770000000000000284e+01 2.462556906857225891e-02
3.780000000000000426e+01 6.162770072190795062e-02
3.789999999999999858e+01 2.078112893850470044e-02
3.800000000000000000e+01 5.880236953630229094e-03
3.810000000000000142e+01 2.756301842216147407e-02
3.820000000000000284e+01 7.928698426711505709e-02
3.830000000000000426e+01 1.176798546103230841e-01
3.840000000000000568e+01 4.556042699613122582e-01
3.850000000000000000e+01 2.380236603992358646e-01
3.860000000000000142e+01 1.186787916831752165e-01
3.870000000000000284e+01 9.899903249227441637e-02
3.880000000000000426e+01 3.216292963815413075e-01
3.890000000000000568e+01 2.177385806621520703e-02
3.900000000000000000e+01 7.060292839557054390e-02
3.910000000000000142e+01 5.434209167493116860e-02
3.920000000000000284e+01 1.036097513682352478e-01
3.930000000000000426e+01 2.312307709794877986e-02
3.940000000000000568e+01 6.664532540911370651e-02
3.950000000000000000e+01 3.805906749932851940e-01
3.960000000000000142e+01 1.886745016750206727e-01
3.970000000000000284e+01 3.116298436930166615e-01
3.980000000000000426e+01 1.322933202960234200e-01
3.990000000000000568e+01 3.800776079183845052e-02
4.000000000000000000e+01 3.189867906505564066e-02
4.010000000000000142e+01 2.192357671271880637e-01
4.020000000000000284e+01 4.252279516656602532e+00
4.030000000000000426e+01 2.536977579254887871e+00
4.040000000000000568e+01 2.119667238920886820e+00
4.050000000000000000e+01 2.348255385099822234e+00
4.060000000000000142e+01 3.181098114966543822e+00
4.070000000000000284e+01 2.475811907269711121e+00
4.080000000000000426e+01 6.905975736845057611e+00
4.090000000000000568e+01 1.000326551120164664e+00
4.100000000000000000e+01 3.389710435487017559e+00
4.110000000000000142e+01 6.836027951611504117e-01
4.120000000000000284e+01 5.346673254471490111e-01
4.130000000000000426e+01 1.000992430689921608e+00
4.140000000000000568e+01 1.357866604959285795e-01
4.150000000000000000e+01 3.122257324181426652e-02
4.160000000000000142e+01 7.029868301675469555e-02
4.170000000000000284e+01 3.432986541150767068e-01
4.180000000000000426e+01 4.832165693998655698e-01
4.190000000000000568e+01 3.047122025239580312e-01
4.200000000000000000e+01 2.405642080516523507e+00
4.210000000000000142e+01 3.660678912433956156e-01
4.220000000000000284e+01 5.453418614692298050e-01
4.230000000000000426e+01 1.111675983723122263e+00
4.240000000000000568e+01 1.279850095459915904e+00
4.250000000000000000e+01 2.089620625445927526e+00
4.260000000000000142e+01 1.267072744762199665e+00
4.270000000000000284e+01 6.400697133901372959e-01
4.280000000000000426e+01 4.671713705869489086e-01
4.290000000000000568e+01 6.553356775485459362e-01
4.300000000000000000e+01 3.174522846076793248e-01
4.310000000000000142e+01 4.893279199896914400e-01
4.320000000000000284e+01 1.445880243043292657e-01
4.330000000000000426e+01 1.235847440458957697e-01
4.340000000000000568e+01 8.980985885788586587e-02
4.350000000000000000e+01 6.327204118242953090e-02
4.360000000000000142e+01 9.576538963572504837e-02
4.370000000000000284e+01 5.152817908027371857e-02
4.380000000000000426e+01 2.309432181284451491e-01
4.390000000000000568e+01 4.898499790525848163e-01
4.400000000000000000e+01 2.502770600737722062e-01
4.410000000000000142e+01 2.073375053374541810e-01
4.420000000000000284e+01 5.113467628755304084e-02
4.430000000000000426e+01 1.204560406459259138e-02
4.440000000000000568e+01 3.383985003064086255e-02
4.450000000000000000e+01 3.651958990839394015e-01
4.460000000000000142e+01 1.930333376470090290e-01
4.470000000000000284e+01 2.218411579844319914e-01
4.480000000000000426e+01 1.516109381394962485e-01
4.490000000000000568e+01 1.761212238003352915e-01
4.500000000000000000e+01 1.180110061489967610e-01
4.510000000000000142e+01 8.956130763783304305e-02
4.520000000000000284e+01 8.397503647071273558e-02
4.530000000000000426e+01 1.468318306611566815e-01
4.540000000000000568e+01 1.617419463936523583e+00
4.550000000000000000e+01 1.280458090860494835e-01
4.560000000000000142e+01 2.367608452709347305e-02
4.570000000000000284e+01 1.777911135817309696e-01
4.580000000000000426e+01 9.186531698150485203e-02
4.590000000000000568e+01 9.759574694487341273e-02
4.600000000000000000e+01 7.095496473279629124e-02
4.610000000000000142e+01 3.838020260767639469e-01
4.620000000000000284e+01 1.223897837564111163e-01
4.630000000000000426e+01 1.001025518958934962e-01
4.640000000000000568e+01 6.087489044304376928e-02
4.650000000000000000e+01 6.446371332164205770e-01
4.660000000000000142e+01 8.727332861255371332e-02
4.670000000000000284e+01 1.203779450997790809e-02
4.680000000000000426e+01 2.662781033943749029e-02
4.690000000000000568e+01 3.122344396634266911e-02
4.700000000000000000e+01 1.011478011475758915e-01
4.710000000000000142e+01 2.548119071494992297e-02
4.720000000000000284e+01 3.175388315381285492e-02
4.730000000000000426e+01 4.027798287278402251e-02
4.740000000000000568e+01 3.659117364118821131e-02
4.750000000000000000e+01 8.997417132857832289e-02
4.760000000000000142e+01 3.128884619423800972e-02
4.770000000000000284e+01 2.233932853663899570e-02
4.780000000000000426e+01 9.911077540119821172e-02
4.790000000000000568e+01 4.438007828908951957e-02
4.800000000000000000e+01 3.099055003091616967e-01
4.810000000000000142e+01 7.313562914832916206e-02
4.820000000000000284e+01 1.316212036732674895e-01
4.830000000000000426e+01 3.262311166524027861e-01
4.840000000000000568e+01 1.442521812084724409e-01
4.850000000000000000e+01 1.613824837306937765e-01
4.860000000000000142e+01 5.472976027097872231e-01
4.870000000000000284e+01 1.874817508177076597e+00
4.880000000000000426e+01 3.938451916309825829e-01
4.890000000000000568e+01 3.852179356908526642e-01
4.900000000000000000e+01 9.378734148511402857e-02
4.910000000000000142e+01 4.294728510728443305e-02
4.920000000000000284e+01 5.724338290340386971e-03
4.930000000000000426e+01 1.311460470505542222e-02
4.940000000000000568e+01 5.042043113430837442e-01
4.950000000000000000e+01 6.608492910401853049e-01
4.960000000000000142e+01 5.823239306185530317e-01
4.970000000000000284e+01 9.215068164316642108e-01
4.980000000000000426e+01 1.335411913373884651e+00
4.990000000000000568e+01 6.333781591751740381e-01
5.000000000000000000e+01 2.015393404644345576e+00
5.010000000000000142e+01 2.321067271931292808e+00
5.020000000000000284e+01 1.043712152298452711e+00
5.030000000000000426e+01 6.197946061561424580e-01
5.040000000000000568e+01 7.035522237055057415e-01
5.050000000000000000e+01 1.550242160074804532e-01
5.060000000000000142e+01 1.405089599450922710e-01
5.070000000000000284e+01 2.644134126102671845e-01
5.080000000000000426e+01 6.940261381949590636e-01
5.090000000000000568e+01 1.040255261145498933e+00
5.100000000000000000e+01 5.088806388856337293e-01
5.110000000000000142e+01 1.449241908735650952e+00
5.120000000000000284e+01 3.663550972204737910e+00
5.130000000000000426e+01 2.600821722951208059e+00
5.140000000000000568e+01 1.201559436850950791e+00
5.150000000000000000e+01 5.889515339032195262e-01
5.160000000000000142e+01 3.967915834434833089e-01
5.170000000000000284e+01 5.707071056589481106e-01
5.180000000000000426e+01 8.970879724759510676e-01
5.190000000000000568e+01 9.662637623986659596e-01
5.200000000000000000e+01 3.599497456260203787e+00
5.210000000000000142e+01 1.786574955311453827e+00
5.220000000000000284e+01 1.852446356673807193e+00
5.230000000000000426e+01 7.456887656000489306e-01
5.240000000000000568e+01 1.250512403024496288e+00
5.250000000000000000e+01 2.244595206586951441e+00
5.260000000000000142e+01 1.088688178516731553e-01
5.270000000000000284e+01 4.660512512684985426e-02
5.280000000000000426e+01 7.091675264897894237e-01
5.290000000000000568e+01 2.218829370828917291e+00
5.300000000000000000e+01 1.144549131152075017e+00
5.310000000000000142e+01 3.743698687826216842e-01
5.320000000000000284e+01 1.364722680742548322e+00
5.330000000000000426e+01 1.959469244924752385e+00
5.340000000000000568e+01 1.664428594425963137e+00
5.350000000000000000e+01 7.475445218601094455e-01
5.360000000000000142e+01 2.227814894905943977e+00
5.370000000000000284e+01 1.708369562115955143e+00
5.380000000000000426e+01 4.302015729608802630e+00
5.390000000000000568e+01 1.210489525609719763e+01
5.400000000000000000e+01 1.965087333442064432e+00
5.410000000000000142e+01 1.650791722291287122e+00
5.420000000000000284e+01 2.518226607199051337e+00
5.430000000000000426e+01 3.748027242829973904e+00
5.440000000000000568e+01 2.761245318724316444e+00
5.450000000000000000e+01 8.938447441204945276e-01
5.460000000000000142e+01 8.530400988825426190e-01
5.470000000000000284e+01 1.386215597177059999e+00
5.480000000000000426e+01 1.165806623923101082e+00
5.490000000000000568e+01 1.303852573368109002e+00
5.500000000000000000e+01 4.326974078633396004e-01
5.510000000000000142e+01 4.664448607322986828e-01
5.520000000000000284e+01 2.364767522704988578e-01
5.530000000000000426e+01 8.252267653386392843e-02
5.540000000000000568e+01 1.063813608067995631e+00
5.550000000000000000e+01 2.503007157098406932e-01
5.560000000000000142e+01 6.383589573723424948e-01
5.570000000000000284e+01 4.710514807874880971e-01
5.580000000000000426e+01 2.109247542478073445e+00
5.590000000000000568e+01 8.939455598953081061e-01
5.600000000000000000e+01 1.598540080616012826e+00
5.610000000000000142e+01 2.751724789156372530e+00
5.620000000000000284e+01 7.085790982077511124e+00
5.630000000000000426e+01 4.282169340792220114e-01
5.640000000000000568e+01 5.983217601799629692e-01
5.650000000000000000e+01 5.302670569289421598e-01
5.660000000000000142e+01 2.103994815876120139e-01
5.670000000000000284e+01 1.680078737446643489e+00
5.680000000000000426e+01 1.495226333769526628e+00
5.690000000000000568e+01 3.378045726846786057e+00
5.700000000000000000e+01 1.316948254555481590e+01
5.710000000000000142e+01 1.661128282485319074e+00
5.720000000000000284e+01 1.774790437615785477e+00
5.730000000000000426e+01 5.799648699839891064e-01
5.740000000000000568e+01 5.207582351857090730e-01
5.750000000000000000e+01 2.737492553739089285e-01
5.760000000000000142e+01 3.760246246864518138e-01
5.770000000000000284e+01 3.629565539057257317e-01
5.780000000000000426e+01 4.293387661457530036e-01
5.790000000000000568e+01 2.903365645875544132e-01
5.800000000000000000e+01 4.788532998835833832e-01
5.810000000000000142e+01 1.252729575416724028e+00
5.820000000000000284e+01 5.465184815232281279e-01
5.830000000000000426e+01 3.608381077725680841e-01
5.840000000000000568e+01 1.286117082598180195e-01
5.850000000000000000e+01 9.816625279951948779e-02
5.860000000000000142e+01 4.920281703091514136e-01
5.870000000000000284e+01 4.324718247467146393e-01
5.880000000000000426e+01 6.909006680277558488e-01
5.890000000000000568e+01 3.732203307784153767e-01
5.900000000000000000e+01 8.921623554833029157e-01
5.910000000000000142e+01 6.956327262695557456e-01
5.920000000000000284e+01 4.110495862957886937e-01
5.930000000000000426e+01 1.995439435485397428e-01
5.940000000000000568e+01 9.667989235529940439e-02
5.950000000000000000e+01 5.280111163680453745e-02
5.960000000000000142e+01 2.763302074308651157e-01
5.970000000000000284e+01 4.034603318113216819e-01
5.980000000000000426e+01 1.282478547910104461e-01
5.990000000000000568e+01 5.554978311587815965e-01
6.000000000000000000e+01 5.793810906840398678e-01
6.010000000000000142e+01 8.489330296933793596e-01
6.020000000000000284e+01 1.215210340608597228e+00
6.030000000000000426e+01 1.842363376102054584e+00
6.040000000000000568e+01 3.765464760804486666e-01
6.050000000000000000e+01 8.855297100815066880e-02
6.060000000000000142e+01 1.771737090604383058e-01
6.070000000000000284e+01 2.785832233677670855e-01
6.080000000000000426e+01 2.300524173942836495e-02
6.090000000000000568e+01 3.232318472767098383e-02
6.100000000000000000e+01 1.630838953238021860e-01
6.110000000000000142e+01 7.388159060454979610e-01
6.120000000000000284e+01 4.101935789318941206e-01
6.130000000000000426e+01 3.651590735506747565e-02
6.140000000000000568e+01 7.197051100712896499e-02
6.150000000000000000e+01 7.612278863113461358e-02
6.160000000000000142e+01 2.519573652431261745e-01
6.170000000000000284e+01 2.395704919866970262e-01
6.180000000000000426e+01 2.433300060212497673e-01
6.190000000000000568e+01 2.466658125276195435e-01
6.200000000000000000e+01 1.673532426236233606e-01
6.210000000000000142e+01 1.478068597550679375e-01
6.220000000000000284e+01 1.444578518619018259e-01
6.230000000000000426e+01 6.396056866841156596e-01
6.240000000000000568e+01 2.679877968054401038e-01
6.250000000000000000e+01 2.680717148124761029e-01
6.260000000000000142e+01 2.523377554778130638e-01
6.270000000000000284e+01 3.011302722697127288e-01
6.280000000000000426e+01 1.312361524533726086e-02
6.290000000000000568e+01 1.349994267810669668e-01
6.300000000000000000e+01 1.204738235951515746e+00
6.310000000000000142e+01 2.110771632267984899e+01
6.320000000000000284e+01 1.622350462883641598e+00
6.330000000000000426e+01 2.358844403622114339e+00
6.340000000000000568e+01 1.141240567185654919e+00
6.350000000000000000e+01 2.836963521326718141e+00
6.360000000000000142e+01 1.873500097213210092e+00
6.370000000000000284e+01 5.282253246843522376e-01
6.380000000000000426e+01 3.494230954396718714e-01
6.390000000000000568e+01 4.327039485540977171e-01
6.400000000000000000e+01 4.540153616597555897e-01
6.410000000000000853e+01 7.728461849272245665e-01
6.420000000000000284e+01 4.303069770047462383e-01
6.429999999999999716e+01 2.035978744178171262e-01
6.440000000000000568e+01 1.155744326249202203e+00
6.450000000000000000e+01 5.121159383901027207e-01
6.460000000000000853e+01 3.298414311419696432e+00
6.470000000000000284e+01 1.326223130554770258e+00
6.479999999999999716e+01 3.926090218061476733e+00
6.490000000000000568e+01 8.969027012365338170e-01
6.500000000000000000e+01 4.440242481387610241e+00
6.510000000000000853e+01 2.210581366284183336e+00
6.520000000000000284e+01 6.341043040587293511e+00
6.529999999999999716e+01 5.322641327203711192e+00
6.540000000000000568e+01 1.603398405408500704e-01
6.550000000000000000e+01 7.381698837550122461e-01
6.560000000000000853e+01 3.959232885197529472e-01
6.570000000000000284e+01 3.733741326798287741e-01
6.579999999999999716e+01 2.155684166837165350e+00
6.590000000000000568e+01 6.240987723800119014e+00
6.600000000000000000e+01 1.262665740073257159e-01
6.610000000000000853e+01 1.083858534557016418e+00
6.620000000000000284e+01 1.710450414406627928e-01
6.629999999999999716e+01 1.301294526446702959e-01
6.640000000000000568e+01 2.514118685071630721e-01
6.650000000000000000e+01 1.006438458806767633e+00
6.660000000000000853e+01 2.275440277096739461e+00
6.670000000000000284e+01 6.063141153192198374e+00
6.679999999999999716e+01 2.244953636073010461e+00
6.690000000000000568e+01 2.362414272318952957e+00
6.700000000000000000e+01 4.905302335153278737e-01
6.710000000000000853e+01 3.489408858861638985e-01
6.720000000000000284e+01 2.491368358465350930e-01
6.729999999999999716e+01 3.168878882431659383e-01
6.740000000000000568e+01 2.583227972937923722e-01
6.750000000000000000e+01 4.742494127430446627e-01
6.760000000000000853e+01 4.087516003368111273e-01
6.770000000000000284e+01 6.559071990533189567e-01
6.779999999999999716e+01 1.630745223953468936e-01
6.790000000000000568e+01 2.008144160846250248e+00
6.800000000000000000e+01 3.070929697613823617e+00
6.810000000000000853e+01 4.223395701266523528e-01
6.820000000000000284e+01 1.422698645783418314e+00
6.829999999999999716e+01 7.326969671491815106e+00
6.840000000000000568e+01 1.218157368783168870e+01
6.850000000000000000e+01 4.396809500408885185e+01
6.860000000000000853e+01 1.438145972212742407e+01
6.870000000000000284e+01 3.725208826269450046e+00
6.879999999999999716e+01 8.960036327221791552e+00
6.890000000000000568e+01 4.540433110198748068e+00
6.900000000000000000e+01 7.707087022901871753e-01
6.910000000000000853e+01 7.175294724161027649e-01
6.920000000000000284e+01 4.128797801889673380e+00
6.929999999999999716e+01 8.462896483795950830e-01
6.940000000000000568e+01 3.599277104906823510e+00
6.950000000000000000e+01 4.667359483018982957e-01
6.960000000000000853e+01 5.574759694415566402e-01
6.970000000000000284e+01 1.184465953243887926e+00
6.979999999999999716e+01 1.796100593716887461e+00
6.990000000000000568e+01 6.571938811503449385e-01
7.000000000000000000e+01 3.617251099049990648e-01
7.010000000000000853e+01 1.361689120955731802e+00
7.020000000000000284e+01 2.664117340120274235e+00
7.029999999999999716e+01 3.518509884692757606e+00
7.040000000000000568e+01 2.971569737851178061e+00
7.050000000000000000e+01 1.122696680760036436e+01
7.060000000000000853e+01 4.212803030386996106e+00
7.070000000000000284e+01 5.609124936701470610e+00
7.079999999999999716e+01 4.515948838612443339e+00
7.090000000000000568e+01 2.077605924326129561e+00
7.100000000000000000e+01 4.941941187833017501e+00
7.110000000000000853e+01 2.416581405923817982e+01
7.120000000000000284e+01 6.700607864002085634e+00
7.129999999999999716e+01 4.242123587431357201e+00
7.140000000000000568e+01 1.459864732652580521e+01
7.150000000000000000e+01 9.904074915572586235e+00
7.160000000000000853e+01 1.342164320717729886e+01
7.170000000000000284e+01 6.819272159125388200e+00
7.179999999999999716e+01 1.226561681915781676e+01
7.190000000000000568e+01 5.448673664926872107e+00
7.200000000000000000e+01 2.258403162633507577e+01
7.210000000000000853e+01 8.494733086431201841e+00
7.220000000000000284e+01 4.614011729471333645e+00
7.229999999999999716e+01 3.774190522067476294e+00
7.240000000000000568e+01 2.388174772974686277e+00
7.250000000000000000e+01 5.261391404097286006e+00
7.260000000000000853e+01 3.190078990253231161e+00
7.270000000000000284e+01 1.531400404339869903e+00
7.279999999999999716e+01 8.840499027622262807e-01
7.290000000000000568e+01 7.993351392231846653e-01
7.300000000000000000e+01 7.529425519876926653e-01
7.310000000000000853e+01 3.026286792179023077e+00
7.320000000000000284e+01 1.681079413679984258e+00
7.329999999999999716e+01 1.600779093413664977e+00
7.340000000000000568e+01 6.759643640879288817e+00
7.350000000000000000e+01 9.296308585141636049e-01
7.360000000000000853e+01 4.214971953068167854e-01
7.370000000000000284e+01 1.798699332039355170e+00
7.379999999999999716e+01 1.321282782751370455e+00
7.390000000000000568e+01 1.101730861374215031e+01
7.400000000000000000e+01 2.106783845915452869e+00
7.410000000000000853e+01 8.510122790653507074e-01
7.420000000000000284e+01 4.671486179239548342e+00
7.429999999999999716e+01 8.142728399396048644e+00
7.440000000000000568e+01 2.475471303892207153e+00
7.450000000000000000e+01 5.400413522598629612e+00
7.460000000000000853e+01 8.220373814759390996e+00
7.470000000000000284e+01 1.285407189892502444e+01
7.479999999999999716e+01 7.876812706204207259e+00
7.490000000000000568e+01 9.126793242121044258e+00
7.500000000000000000e+01 5.404612650681746011e+00
7.510000000000000853e+01 1.960848218074496074e+01
7.520000000000000284e+01 8.127198968680486857e+00
7.529999999999999716e+01 1.374528467291726308e+01
7.540000000000000568e+01 1.157865062206200513e+01
7.550000000000000000e+01 1.054681866192117923e+01
7.560000000000000853e+01 2.610676061502137202e+01
7.570000000000000284e+01 4.293056815491837597e+01
7.579999999999999716e+01 1.361124258044858948e+02
7.590000000000000568e+01 1.237303241063535353e+01
7.600000000000000000e+01 6.020449112409674619e+00
7.610000000000000853e+01 9.260488938172159123e+01
7.620000000000000284e+01 8.707872932421333090e+00
7.629999999999999716e+01 1.684972679721167310e+01
7.640000000000000568e+01 8.199929323629415734e+00
7.650000000000000000e+01 8.376029862041381335e+00
7.660000000000000853e+01 4.470077002312122261e+01
7.670000000000000284e+01 7.000913522353103602e+00
7.680000000000001137e+01 5.251065215505597195e+01
7.690000000000000568e+01 3.842629302070383446e+00
7.700000000000000000e+01 1.996531894223583237e+01
7.710000000000000853e+01 6.374716210203319910e+00
7.720000000000000284e+01 2.330349350637607131e+01
7.730000000000001137e+01 1.622272357051017266e+01
7.740000000000000568e+01 3.201484387735818871e+01
7.750000000000000000e+01 2.179676261764472045e+01
7.760000000000000853e+01 7.427809574063104492e+00
7.770000000000000284e+01 1.514810825511640076e+02
7.780000000000001137e+01 3.048669548231847770e+00
7.790000000000000568e+01 9.367840988727962781e+00
7.800000000000000000e+01 8.629548015553814011e+00
7.810000000000000853e+01 1.313766543083582938e+01
7.820000000000000284e+01 1.370097448096048254e+02
7.830000000000001137e+01 1.905521064190373082e+01
7.840000000000000568e+01 1.195515472715099037e+02
7.850000000000000000e+01 2.927278018852897290e+01
7.860000000000000853e+01 2.254547745906228329e+01
7.870000000000000284e+01 2.619596159243534572e+01
7.880000000000001137e+01 9.031128742034385937e+01
7.890000000000000568e+01 2.845467109548201989e+01
7.900000000000000000e+01 5.937910877623537687e+01
7.910000000000000853e+01 8.291729730017713962e+01
7.920000000000000284e+01 1.529971732632473191e+01
7.930000000000001137e+01 1.732911068606100002e+01
7.940000000000000568e+01 4.488613774794216305e+00
7.950000000000000000e+01 3.687508679220105989e+01
7.960000000000000853e+01 1.533399083184176526e+01
7.970000000000000284e+01 3.394794807981122631e+01
7.980000000000001137e+01 3.792892999455571790e+00
7.990000000000000568e+01 2.531276314022586007e+02
8.000000000000000000e+01 3.024814355047236063e+02
8.010000000000000853e+01 4.489706496095307671e+02
8.020000000000000284e+01 1.060770003060988984e+03
8.030000000000001137e+01 4.633524237332169378e+02
8.040000000000000568e+01 8.709027777115022673e+01
8.050000000000000000e+01 1.819429660255641465e+02
8.060000000000000853e+01 2.928844675331985172e+02
8.070000000000000284e+01 2.244413564969827917e+02
8.080000000000001137e+01 2.380726048381499993e+02
8.090000000000000568e+01 8.795185698040805278e+01
8.100000000000000000e+01 2.191485020601921576e+02
8.110000000000000853e+01 1.240477452202164272e+02
8.120000000000000284e+01 1.865368569009701218e+02
8.130000000000001137e+01 8.216263535971743082e+00
8.140000000000000568e+01 4.289973982249159690e+01
8.150000000000000000e+01 8.401211695630495413e+00
8.160000000000000853e+01 3.763823081307964458e+01
8.170000000000000284e+01 5.011896038066994663e+01
8.180000000000001137e+01 4.249425865842772509e+01
8.190000000000000568e+01 6.886400907207932676e+01
8.200000000000000000e+01 1.023395229399482353e+01
8.210000000000000853e+01 4.275773727553352188e+01
8.220000000000000284e+01 2.531209144621326601e+01
8.230000000000001137e+01 1.020700128571221086e+02
8.240000000000000568e+01 9.451737775071542558e+00
8.250000000000000000e+01 5.376407400038644369e+00
8.260000000000000853e+01 1.483004807349928633e+01
8.270000000000000284e+01 1.204176691420890499e+01
8.280000000000001137e+01 1.932447338085299648e+01
8.290000000000000568e+01 1.047129128637487270e+02
8.300000000000000000e+01 6.221824462663965605e+00
8.310000000000000853e+01 1.970954326366205223e+01
8.320000000000000284e+01 3.782723285168538396e+00
8.330000000000001137e+01 1.864957967295322661e+01
8.340000000000000568e+01 5.164174716707996105e+00
8.350000000000000000e+01 1.035478605483177894e+01
8.360000000000000853e+01 2.818765636588004142e+01
8.370000000000000284e+01 1.348792164671523608e+01
8.380000000000001137e+01 6.875944637143592786e+01
8.390000000000000568e+01 1.623426903410919309e+01
8.400000000000000000e+01 3.970389810606861403e+01
8.410000000000000853e+01 6.223179689968626249e+00
8.420000000000000284e+01 4.310092818952085025e+01
8.430000000000001137e+01 7.228763309985772878e+00
8.440000000000000568e+01 4.680578017911217970e+00
8.450000000000000000e+01 5.257114618358110647e+01
8.460000000000000853e+01 5.384972813109057732e+00
8.470000000000000284e+01 1.617722213308583434e+01
8.480000000000001137e+01 2.932597687552942389e+01
8.490000000000000568e+01 2.733457300790874900e+00
8.500000000000000000e+01 1.325369756385197917e+01
8.510000000000000853e+01 6.769874350196989354e+00
8.520000000000000284e+01 4.170029700362709946e+01
8.530000000000001137e+01 2.443674422245271671e+01
8.540000000000000568e+01 5.426790683213529753e+00
8.550000000000000000e+01 1.964572583870162248e+01
8.560000000000000853e+01 9.658393137248804550e+00
8.570000000000000284e+01 2.271010650894708149e+01
8.580000000000001137e+01 1.650497826073610597e+01
8.590000000000000568e+01 2.139357293330874654e+01
8.600000000000000000e+01 1.919414198002822536e+00
8.610000000000000853e+01 5.395292113803882295e+00
8.620000000000000284e+01 7.975907715327092085e+00
8.630000000000001137e+01 2.407902924758082541e+00
8.640000000000000568e+01 1.816070762545618278e+00
8.650000000000000000e+01 1.339096071021342738e+01
8.660000000000000853e+01 1.504162924315742833e+00
8.670000000000000284e+01 1.610329924908894261e+00
8.680000000000001137e+01 7.407898148532261473e-01
8.690000000000000568e+01 2.382347215114583250e+00
8.700000000000000000e+01 3.609561151416660785e+00
8.710000000000000853e+01 6.316878905015880896e+00
8.720000000000000284e+01 1.031437517790230629e+00
8.730000000000001137e+01 8.715381078355701749e-01
8.740000000000000568e+01 2.394890312561333445e+00
8.750000000000000000e+01 6.745263163988087785e-01
8.760000000000000853e+01 1.549248418089701929e+00
8.770000000000000284e+01 9.215932474484987980e-01
8.780000000000001137e+01 3.440880004705906270e+00
8.790000000000000568e+01 2.023637545471376864e+00
8.800000000000000000e+01 1.315829366907503850e+00
8.810000000000000853e+01 1.805731097319927647e+00
8.820000000000000284e+01 2.138573463339114245e+00
8.830000000000001137e+01 2.900350845504008568e+00
8.840000000000000568e+01 3.703121127274047630e+00
8.850000000000000000e+01 5.208676970790574678e+00
8.860000000000000853e+01 4.821992891393730218e+00
8.870000000000000284e+01 9.491259833111639566e+00
8.880000000000001137e+01 1.314442525134401052e+01
8.890000000000000568e+01 2.308879289893355224e+00
8.900000000000000000e+01 7.053242025171808649e+00
8.910000000000000853e+01 1.072621750518570138e+01
8.920000000000000284e+01 6.842231961475851776e+00
8.930000000000001137e+01 4.997891461679512304e+01
8.940000000000000568e+01 6.511134175305132388e+00
8.950000000000000000e+01 2.811147420038479172e+00
8.960000000000000853e+01 4.235875464006631397e+00
8.970000000000000284e+01 2.466869488489172468e+01
8.980000000000001137e+01 9.940676578749982895e+00
8.990000000000000568e+01 2.771586894646764421e+01
9.000000000000000000e+01 9.288562946352891814e+00
9.010000000000000853e+01 3.125273878281109141e+00
9.020000000000000284e+01 6.221454400211299252e+00
9.030000000000001137e+01 6.705603169425521370e-01
9.040000000000000568e+01 2.100463225145457358e+00
9.050000000000000000e+01 1.921164734797576878e+00
9.060000000000000853e+01 1.330739220542348278e+00
9.070000000000000284e+01 2.864781011009686740e+00
9.080000000000001137e+01 5.846057624590728086e-01
9.090000000000000568e+01 4.404316140448453210e-01
9.100000000000000000e+01 2.376718710239520416e+00
9.110000000000000853e+01 9.010127115314926494e-01
9.120000000000000284e+01 4.200288451040699034e-01
9.130000000000001137e+01 6.533851685869377368e-01
9.140000000000000568e+01 2.204239261028912156e-01
9.150000000000000000e+01 2.764336354896367975e+00
9.160000000000000853e+01 2.376262759254785362e+00
9.170000000000000284e+01 4.038699714115963957e+00
9.180000000000001137e+01 6.477533943270035621e+00
9.190000000000000568e+01 8.539131607629046883e+00
9.200000000000000000e+01 2.358663991863389953e+01
9.210000000000000853e+01 5.620368345499500151e+00
9.220000000000000284e+01 2.680760161090276483e+00
9.230000000000001137e+01 9.487971373711950873e-01
9.240000000000000568e+01 3.718026577463968607e+01
9.250000000000000000e+01 5.959119626904512579e+00
9.260000000000000853e+01 1.991496880564454841e+00
9.270000000000000284e+01 5.098424774484665578e-01
9.280000000000001137e+01 1.116012149566983025e+00
9.290000000000000568e+01 1.054963323864229530e+00
9.300000000000000000e+01 1.014734468057905820e-01
9.310000000000000853e+01 2.151418148848481260e-01
9.320000000000000284e+01 1.247818109539017145e-01
9.330000000000001137e+01 1.016271994014581459e+00
9.340000000000000568e+01 1.062927040133302414e+00
9.350000000000000000e+01 1.642154540865482071e+00
9.360000000000000853e+01 1.227536616265945124e+00
9.370000000000000284e+01 4.530897735590246000e+00
9.380000000000001137e+01 7.116114516156035741e-01
9.390000000000000568e+01 5.693243216431689291e-01
9.400000000000000000e+01 1.977383905268830233e-01
9.410000000000000853e+01 1.529336466931374150e-01
9.420000000000000284e+01 2.605188168457012732e-01
9.430000000000001137e+01 4.206640128002193890e+00
9.440000000000000568e+01 3.727638416029899204e-01
9.450000000000000000e+01 1.207411969909983007e+00
9.460000000000000853e+01 1.731809862255857091e+00
9.470000000000000284e+01 7.311656932217677762e-02
9.480000000000001137e+01 1.235163058782512285e-01
9.490000000000000568e+01 6.451490305906107947e-01
9.500000000000000000e+01 1.874498401075377629e-01
9.510000000000000853e+01 9.164046202261667551e-01
9.520000000000000284e+01 4.199648457816055114e+00
9.530000000000001137e+01 3.132389793301656233e+00
9.540000000000000568e+01 1.328005381591208733e+00
9.550000000000000000e+01 2.523362551392670738e+00
9.560000000000000853e+01 4.778512754257274509e+00
9.570000000000000284e+01 3.557415338970134400e+00
9.580000000000001137e+01 3.387908147676035320e+00
9.590000000000000568e+01 1.391845693471242651e+00
9.600000000000000000e+01 1.216032075200073725e+00
9.610000000000000853e+01 8.265642302454578871e-01
9.620000000000000284e+01 2.580879197622459320e-01
9.630000000000001137e+01 4.179988973932313168e-01
9.640000000000000568e+01 2.321738175883548139e-01
9.650000000000000000e+01 1.458672578139020015e-01
9.660000000000000853e+01 4.129233046636821003e-01
9.670000000000000284e+01 1.120327304029145266e+00
9.680000000000001137e+01 1.863185069837663743e+00
9.690000000000000568e+01 7.367180273071580743e-01
9.700000000000000000e+01 1.505767685666757227e+00
9.710000000000000853e+01 8.130199004161836607e-01
9.720000000000000284e+01 1.164878844379086331e+01
9.730000000000001137e+01 7.569863383263116141e+00
9.740000000000000568e+01 9.314839342982264014e-01
9.750000000000000000e+01 9.019993938563646008e-02
9.760000000000000853e+01 6.508772567578174906e-02
9.770000000000000284e+01 4.693251522466997394e-01
9.780000000000001137e+01 2.798623762854228758e+00
9.790000000000000568e+01 5.142416532315363664e-01
9.800000000000000000e+01 2.770327377201877717e-01
9.810000000000000853e+01 2.101495250859425068e-01
9.820000000000000284e+01 2.151887139925676151e-01
9.830000000000001137e+01 3.082287295805760108e-01
9.840000000000000568e+01 4.525605281621600251e-02
9.850000000000000000e+01 2.975608839638823611e-01
9.860000000000000853e+01 1.493998274774028800e-01
9.870000000000000284e+01 8.639946350749060366e-01
9.880000000000001137e+01 1.280394587581875632e-01
9.890000000000000568e+01 4.684111835051498196e-01
9.900000000000000000e+01 1.082557317777224359e-01
9.910000000000000853e+01 4.690801722859188061e-01
9.920000000000000284e+01 1.655118397928706797e-01
9.930000000000001137e+01 4.673135392136179012e-01
9.940000000000000568e+01 6.368149653139644484e-02
9.950000000000000000e+01 7.833851429787742904e-03
9.960000000000000853e+01 9.954167254295395381e-03
9.970000000000000284e+01 3.410320266307072939e-02
9.980000000000001137e+01 4.797641826499348117e-01
9.990000000000000568e+01 8.288814762495670674e-02
