0.000000000000000000e+00 8.146472977016038231e-01
1.000000000000000056e-01 7.969851150493620917e-01
2.000000000000000111e-01 8.208572472567586820e-01
3.000000000000000444e-01 1.097198540128854427e+00
4.000000000000000222e-01 1.169939569861841777e+00
5.000000000000000000e-01 1.127731382825673867e+00
6.000000000000000888e-01 8.057469537687035332e-01
7.000000000000000666e-01 8.725357537460590729e-01
8.000000000000000444e-01 8.016177933821386770e-01
9.000000000000000222e-01 7.530761612579022213e-01
1.000000000000000000e+00 8.447885288075217547e-01
1.100000000000000089e+00 5.744151381519996269e-01
1.200000000000000178e+00 8.099246128138116729e-01
1.300000000000000044e+00 6.973440714623797554e-01
1.400000000000000133e+00 8.002896760894112616e-01
1.500000000000000000e+00 5.562911425274288391e-01
1.600000000000000089e+00 6.354721598892749679e-01
1.700000000000000178e+00 5.869394205736742087e-01
1.800000000000000044e+00 8.726707547819487765e-01
1.900000000000000133e+00 8.556815396068563340e-01
2.000000000000000000e+00 7.017859445901503124e-01
2.100000000000000089e+00 7.066271850504486363e-01
2.200000000000000178e+00 5.857004137078125616e-01
2.300000000000000266e+00 8.275833965115645396e-01
2.400000000000000355e+00 1.074046883379660811e+00
2.500000000000000000e+00 1.224008708701055603e+00
2.600000000000000089e+00 1.174005715954937301e+00
2.700000000000000178e+00 9.298422288553319648e-01
2.800000000000000266e+00 1.294854305780178017e+00
2.900000000000000355e+00 1.300986701628492836e+00
3.000000000000000000e+00 1.203867722661266182e+00
3.100000000000000089e+00 1.566812123257328881e+00
3.200000000000000178e+00 1.237902191365608306e+00
3.300000000000000266e+00 1.585351755565726162e+00
3.400000000000000355e+00 1.947380165574013278e+00
3.500000000000000000e+00 9.376122371363865282e-01
3.600000000000000089e+00 1.001605742944161381e+00
3.700000000000000178e+00 1.435145155118569882e+00
3.800000000000000266e+00 1.377380153390173723e+00
3.900000000000000355e+00 1.071025703834363352e+00
4.000000000000000000e+00 1.629660715596501941e+00
4.100000000000000533e+00 2.413811668274737254e+00
4.200000000000000178e+00 1.898325588809801845e+00
4.299999999999999822e+00 1.717821447646365796e+00
4.400000000000000355e+00 2.243014120956203783e+00
4.500000000000000000e+00 1.749483607687255970e+00
4.600000000000000533e+00 1.935603938816774727e+00
4.700000000000000178e+00 1.568871769035246944e+00
4.800000000000000711e+00 8.534553737694204889e-01
4.900000000000000355e+00 1.027074683593478976e+00
5.000000000000000000e+00 1.097166432421763371e+00
5.100000000000000533e+00 1.007768387954453448e+00
5.200000000000000178e+00 1.074988483394770933e+00
5.300000000000000711e+00 1.102034939219826093e+00
5.400000000000000355e+00 1.612430298802610906e+00
5.500000000000000000e+00 1.369587216948619179e+00
5.600000000000000533e+00 1.191488783317204314e+00
5.700000000000000178e+00 1.243129940922228949e+00
5.800000000000000711e+00 1.010753339801361950e+00
5.900000000000000355e+00 1.755217602729326698e+00
6.000000000000000000e+00 2.123573317965556040e+00
6.100000000000000533e+00 2.005515335493169626e+00
6.200000000000000178e+00 1.875508503786553094e+00
6.300000000000000711e+00 1.830482619796093058e+00
6.400000000000000355e+00 1.528263426580897422e+00
6.500000000000000000e+00 1.888594845660715116e+00
6.600000000000000533e+00 2.203771281535328530e+00
6.700000000000000178e+00 2.217176962307919386e+00
6.800000000000000711e+00 1.713945516829224136e+00
6.900000000000000355e+00 1.904987708159539661e+00
7.000000000000000000e+00 4.639571369589289063e+00
7.100000000000000533e+00 4.170370898495998624e+00
7.200000000000000178e+00 2.585703665608490631e+00
7.300000000000000711e+00 2.692693124736547539e+00
7.400000000000000355e+00 2.260415344262162396e+00
7.500000000000000000e+00 1.762894081624146292e+00
7.600000000000000533e+00 1.212009556233387242e+00
7.700000000000000178e+00 9.304883928609160026e-01
7.800000000000000711e+00 1.244002940207778130e+00
7.900000000000000355e+00 2.197127491005425703e+00
8.000000000000000000e+00 2.559715268720356374e+00
8.099999999999999645e+00 1.597401769727783805e+00
8.200000000000001066e+00 3.695652803511806361e+00
8.300000000000000711e+00 2.104316179969644374e+00
8.400000000000000355e+00 1.912946983676853119e+00
8.500000000000000000e+00 2.223365363610621426e+00
8.599999999999999645e+00 2.160717545987812738e+00
8.700000000000001066e+00 1.450637354214112662e+00
8.800000000000000711e+00 1.635141087387801839e+00
8.900000000000000355e+00 1.753387540143761969e+00
9.000000000000000000e+00 1.631537590395166548e+00
9.099999999999999645e+00 1.234303418963363930e+00
9.200000000000001066e+00 1.586865708260430496e+00
9.300000000000000711e+00 1.030600135075012691e+00
9.400000000000000355e+00 1.076953734899370962e+00
9.500000000000000000e+00 1.224057569910198318e+00
9.600000000000001421e+00 1.200579141420181406e+00
9.700000000000001066e+00 1.100046491128515269e+00
9.800000000000000711e+00 8.598074686243638576e-01
9.900000000000000355e+00 8.298540167343849694e-01
1.000000000000000000e+01 1.579330347426662451e+00
1.010000000000000142e+01 2.309608623924995552e+00
1.020000000000000107e+01 1.626629627459749372e+00
1.030000000000000071e+01 1.658715910344115141e+00
1.040000000000000036e+01 1.639706058149599022e+00
1.050000000000000000e+01 1.132037002358739164e+00
1.060000000000000142e+01 1.159575531868155540e+00
1.070000000000000107e+01 1.688438409085777581e+00
1.080000000000000071e+01 1.862827129216165556e+00
1.090000000000000036e+01 2.113825161283623633e+00
1.100000000000000000e+01 1.469261322188981200e+00
1.110000000000000142e+01 1.060963363275946980e+00
1.120000000000000107e+01 1.476241662459292225e+00
1.130000000000000071e+01 1.615974509509454649e+00
1.140000000000000036e+01 2.026040935513407693e+00
1.150000000000000000e+01 2.150655408128740120e+00
1.160000000000000142e+01 2.007281050457414562e+00
1.170000000000000107e+01 1.788590200793318763e+00
1.180000000000000071e+01 1.675280871646314562e+00
1.190000000000000036e+01 2.879606152575929112e+00
1.200000000000000000e+01 2.691918164496494015e+00
1.210000000000000142e+01 1.868210674328781407e+00
1.220000000000000107e+01 2.262343708971647160e+00
1.230000000000000071e+01 2.562250908112429393e+00
1.240000000000000036e+01 1.693257047249486780e+00
1.250000000000000000e+01 1.782042026705950244e+00
1.260000000000000142e+01 1.774850706956045299e+00
1.270000000000000107e+01 1.893477641210878470e+00
1.280000000000000071e+01 3.102119182943668729e+00
1.290000000000000036e+01 3.198895553102861999e+00
1.300000000000000000e+01 3.337315139900410621e+00
1.310000000000000142e+01 1.793846520464182026e+00
1.320000000000000107e+01 2.326033648183323255e+00
1.330000000000000071e+01 1.432134609155135685e+00
1.340000000000000036e+01 1.844887115319687299e+00
1.350000000000000000e+01 1.701216374623727434e+00
1.360000000000000142e+01 2.553186646043076991e+00
1.370000000000000107e+01 1.345404560857218712e+00
1.380000000000000071e+01 1.613040055475497780e+00
1.390000000000000036e+01 1.608898143954973214e+00
1.400000000000000000e+01 1.206610004412351556e+00
1.410000000000000142e+01 1.925477440650479766e+00
1.420000000000000107e+01 1.908025893080950830e+00
1.430000000000000071e+01 1.297816937937924520e+00
1.440000000000000036e+01 1.347647473784992167e+00
1.450000000000000000e+01 1.523336607364894180e+00
1.460000000000000142e+01 2.089312672738150134e+00
1.470000000000000107e+01 2.775929414035406939e+00
1.480000000000000071e+01 3.082730138410580523e+00
1.490000000000000036e+01 1.914041819716963078e+00
1.500000000000000000e+01 1.916400425452648992e+00
1.510000000000000142e+01 1.978854212814867397e+00
1.520000000000000107e+01 1.871424661476696061e+00
1.530000000000000071e+01 4.136891066549474694e+00
1.540000000000000036e+01 1.702493576803096653e+00
1.550000000000000000e+01 2.228622667036318283e+00
1.560000000000000142e+01 2.236221909281837839e+00
1.570000000000000107e+01 2.040300184901465474e+00
1.580000000000000071e+01 1.738119184165794806e+00
1.590000000000000036e+01 1.415675788008391001e+00
1.600000000000000000e+01 1.541216544662038501e+00
1.610000000000000142e+01 1.436003343552059830e+00
1.619999999999999929e+01 2.096619975296340588e+00
1.630000000000000071e+01 1.954691184150215255e+00
1.640000000000000213e+01 2.880700285302777885e+00
1.650000000000000000e+01 2.015597166509329519e+00
1.660000000000000142e+01 1.524427427566708904e+00
1.669999999999999929e+01 1.490988841355355365e+00
1.680000000000000071e+01 1.235598961697080833e+00
1.690000000000000213e+01 1.023094670306807563e+00
1.700000000000000000e+01 1.279571298935112900e+00
1.710000000000000142e+01 1.259719064754139639e+00
1.719999999999999929e+01 1.308303482387519701e+00
1.730000000000000071e+01 1.529562560167263330e+00
1.740000000000000213e+01 1.073494833821123651e+00
1.750000000000000000e+01 9.049184900893852967e-01
1.760000000000000142e+01 1.539718027931924027e+00
1.769999999999999929e+01 1.977747534314224120e+00
1.780000000000000071e+01 1.463349649261524776e+00
1.790000000000000213e+01 1.336442749554914045e+00
1.800000000000000000e+01 1.209291620063928985e+00
1.810000000000000142e+01 1.039098288857380314e+00
1.819999999999999929e+01 1.239295359845868916e+00
1.830000000000000071e+01 1.598080176734222757e+00
1.840000000000000213e+01 1.289429854557454069e+00
1.850000000000000000e+01 8.272881696060897516e-01
1.860000000000000142e+01 8.724510692626877839e-01
1.869999999999999929e+01 1.440184055582309997e+00
1.880000000000000071e+01 1.043231388241136148e+00
1.890000000000000213e+01 1.514520488037901513e+00
1.900000000000000000e+01 1.330359300319147620e+00
1.910000000000000142e+01 1.107744221410406960e+00
1.920000000000000284e+01 9.268807781559514902e-01
1.930000000000000071e+01 1.204772358816860178e+00
1.940000000000000213e+01 1.650878799246281892e+00
1.950000000000000000e+01 1.205124423027507996e+00
1.960000000000000142e+01 1.298316202484662174e+00
1.970000000000000284e+01 2.541176245943884915e+00
1.980000000000000071e+01 2.327089689394409522e+00
1.990000000000000213e+01 1.904080916008336954e+00
2.000000000000000000e+01 1.506685761460061501e+00
2.010000000000000142e+01 1.181042397652833253e+00
2.020000000000000284e+01 9.292646146845964239e-01
2.030000000000000071e+01 8.632013097156522319e-01
2.040000000000000213e+01 1.522730485577079795e+00
2.050000000000000000e+01 9.321076755780942635e-01
2.060000000000000142e+01 9.203646636759678090e-01
2.070000000000000284e+01 8.999338744182304728e-01
2.080000000000000071e+01 7.194966141853702535e-01
2.090000000000000213e+01 7.748661419789971694e-01
2.100000000000000000e+01 5.080920775525684663e-01
2.110000000000000142e+01 5.474330374953699785e-01
2.120000000000000284e+01 5.944549428484561249e-01
2.130000000000000071e+01 5.015369808995382428e-01
2.140000000000000213e+01 6.746049335267505498e-01
2.150000000000000000e+01 6.717277808246774340e-01
2.160000000000000142e+01 6.487835343415476741e-01
2.170000000000000284e+01 1.224510084121044118e+00
2.180000000000000071e+01 1.391395789265218230e+00
2.190000000000000213e+01 1.221714633494511704e+00
2.200000000000000000e+01 7.797747122471546666e-01
2.210000000000000142e+01 7.794610668076727977e-01
2.220000000000000284e+01 7.761821674171491825e-01
2.230000000000000071e+01 7.191958195325600656e-01
2.240000000000000213e+01 5.383163247981218591e-01
2.250000000000000000e+01 5.909001349678845161e-01
2.260000000000000142e+01 5.036601917639085269e-01
2.270000000000000284e+01 8.322560396937177529e-01
2.280000000000000071e+01 4.371399760504866561e-01
2.290000000000000213e+01 3.819848737800817240e-01
2.300000000000000000e+01 5.656617999437193456e-01
2.310000000000000142e+01 5.674605107707796359e-01
2.320000000000000284e+01 5.988528581745418133e-01
2.330000000000000071e+01 8.494914979495010732e-01
2.340000000000000213e+01 4.662342178262188219e-01
2.350000000000000000e+01 5.758030570141603466e-01
2.360000000000000142e+01 7.856536960262335834e-01
2.370000000000000284e+01 5.505387525556889594e-01
2.380000000000000071e+01 7.127577025382149101e-01
2.390000000000000213e+01 9.274266510244281170e-01
2.400000000000000000e+01 7.270901175558167617e-01
2.410000000000000142e+01 6.862945196573271289e-01
2.420000000000000284e+01 7.047372708795408558e-01
2.430000000000000071e+01 6.594648159260434461e-01
2.440000000000000213e+01 8.094686358133029724e-01
2.450000000000000000e+01 5.778182664687013803e-01
2.460000000000000142e+01 8.110470955470451271e-01
2.470000000000000284e+01 4.982461955119668051e-01
2.480000000000000071e+01 4.150109478039502031e-01
2.490000000000000213e+01 4.491771124387485270e-01
2.500000000000000000e+01 8.375244456686991024e-01
2.510000000000000142e+01 5.365659491078529353e-01
2.520000000000000284e+01 7.023424475541677481e-01
2.530000000000000071e+01 3.894544766717293882e-01
2.540000000000000213e+01 4.203588556537828369e-01
2.550000000000000000e+01 4.221329090123919214e-01
2.560000000000000142e+01 5.519974320096185938e-01
2.570000000000000284e+01 1.027820393888209560e+00
2.580000000000000071e+01 4.374229282906632599e-01
2.590000000000000213e+01 4.289010480039146533e-01
2.600000000000000000e+01 4.612317210964314018e-01
2.610000000000000142e+01 7.878193162382643999e-01
2.620000000000000284e+01 6.008678652565077050e-01
2.630000000000000071e+01 6.162835806581017373e-01
2.640000000000000213e+01 4.913690729149807757e-01
2.650000000000000000e+01 3.158648019136305884e-01
2.660000000000000142e+01 3.384065817924326036e-01
2.670000000000000284e+01 4.074569161026697084e-01
2.680000000000000071e+01 4.850403172011348296e-01
2.690000000000000213e+01 8.426585636499395182e-01
2.700000000000000000e+01 8.593443166257023202e-01
2.710000000000000142e+01 7.830762846360000973e-01
2.720000000000000284e+01 8.215744909873484714e-01
2.730000000000000071e+01 8.690070707057245825e-01
2.740000000000000213e+01 7.195275769317523995e-01
2.750000000000000000e+01 7.147900763929434520e-01
2.760000000000000142e+01 5.088052399151206107e-01
2.770000000000000284e+01 6.747912884446038984e-01
2.780000000000000071e+01 7.254922432799996157e-01
2.790000000000000213e+01 6.964460858671626120e-01
2.800000000000000000e+01 6.251612453785302392e-01
2.810000000000000142e+01 9.869458868265380547e-01
2.820000000000000284e+01 9.696593626244653930e-01
2.830000000000000071e+01 6.124587644746810611e-01
2.840000000000000213e+01 6.546393003766693974e-01
2.850000000000000000e+01 9.718762596400707388e-01
2.860000000000000142e+01 9.264571220590619438e-01
2.870000000000000284e+01 6.327910992940579682e-01
2.880000000000000071e+01 9.797711292259158045e-01
2.890000000000000213e+01 7.021430714047891541e-01
2.900000000000000000e+01 7.265052211573581609e-01
2.910000000000000142e+01 7.833478339726286377e-01
2.920000000000000284e+01 6.253537537602921192e-01
2.930000000000000071e+01 5.161140681200929725e-01
2.940000000000000213e+01 5.279090933392227569e-01
2.950000000000000000e+01 6.526983260127489084e-01
2.960000000000000142e+01 4.764937846198528670e-01
2.970000000000000284e+01 6.217095291445852157e-01
2.980000000000000071e+01 8.744113233834535093e-01
2.990000000000000213e+01 7.495586067483833714e-01
3.000000000000000000e+01 7.755229677301404001e-01
3.010000000000000142e+01 8.061492297880975544e-01
3.020000000000000284e+01 1.187941098490220337e+00
3.030000000000000071e+01 7.813730798978638648e-01
3.040000000000000213e+01 5.631694355836963650e-01
3.050000000000000000e+01 4.755310479179550853e-01
3.060000000000000142e+01 4.956953806737842694e-01
3.070000000000000284e+01 6.430986858972083109e-01
3.080000000000000071e+01 4.187235583043724674e-01
3.090000000000000213e+01 3.866050554550530260e-01
3.100000000000000000e+01 3.850326495381679037e-01
3.110000000000000142e+01 4.828187059259698710e-01
3.120000000000000284e+01 7.064956401176103462e-01
3.130000000000000071e+01 8.040698615773019808e-01
3.140000000000000213e+01 6.061540079587726115e-01
3.150000000000000000e+01 4.585367735396970179e-01
3.160000000000000142e+01 4.094618014578962351e-01
3.170000000000000284e+01 6.782148491619593988e-01
3.180000000000000071e+01 4.479885645254992332e-01
3.190000000000000213e+01 7.567423595324216379e-01
3.200000000000000000e+01 6.252374512717027155e-01
3.210000000000000142e+01 3.312890991821589304e-01
3.220000000000000284e+01 3.384646933576098693e-01
3.230000000000000426e+01 5.179509650329287007e-01
3.239999999999999858e+01 4.938344480193369579e-01
3.250000000000000000e+01 2.965311065211475028e-01
3.260000000000000142e+01 5.367175695147931025e-01
3.270000000000000284e+01 5.984288566568658485e-01
3.280000000000000426e+01 5.252652527557729600e-01
3.289999999999999858e+01 5.149164865407138691e-01
3.300000000000000000e+01 6.770677113177350215e-01
3.310000000000000142e+01 6.295937330023512191e-01
3.320000000000000284e+01 8.284515090155285533e-01
3.330000000000000426e+01 6.433659648042592272e-01
3.339999999999999858e+01 4.371355224871987244e-01
3.350000000000000000e+01 3.897466390503253608e-01
3.360000000000000142e+01 3.312353897634697231e-01
3.370000000000000284e+01 3.961380585825056699e-01
3.380000000000000426e+01 3.520045838487448342e-01
3.389999999999999858e+01 2.769164189658611663e-01
3.400000000000000000e+01 4.383590969437512475e-01
3.410000000000000142e+01 6.190205308683884855e-01
3.420000000000000284e+01 7.355737029038168506e-01
3.430000000000000426e+01 7.950034890204213944e-01
3.439999999999999858e+01 1.047812024000354780e+00
3.450000000000000000e+01 1.086169922697135970e+00
3.460000000000000142e+01 5.323305793800106045e-01
3.470000000000000284e+01 8.338935305781113305e-01
3.480000000000000426e+01 9.784121057531747212e-01
3.489999999999999858e+01 7.557555508675894984e-01
3.500000000000000000e+01 4.764432723835740902e-01
3.510000000000000142e+01 6.721461137487219073e-01
3.520000000000000284e+01 9.397029288654500379e-01
3.530000000000000426e+01 1.105800378604628875e+00
3.539999999999999858e+01 6.338173141938316935e-01
3.550000000000000000e+01 6.243211536683412888e-01
3.560000000000000142e+01 6.122460681751082934e-01
3.570000000000000284e+01 3.922631128891009844e-01
3.580000000000000426e+01 4.205788092640191933e-01
3.589999999999999858e+01 6.274799971789800646e-01
3.600000000000000000e+01 1.015585251511283538e+00
3.610000000000000142e+01 6.992704352407175250e-01
3.620000000000000284e+01 1.202307123307753356e+00
3.630000000000000426e+01 7.252910982788134397e-01
3.639999999999999858e+01 5.154727108544595593e-01
3.650000000000000000e+01 5.576144757046398448e-01
3.660000000000000142e+01 4.638964658801919549e-01
3.670000000000000284e+01 5.050969826427611498e-01
3.680000000000000426e+01 9.797941023703148344e-01
3.689999999999999858e+01 6.239971897271884282e-01
3.700000000000000000e+01 6.668416980640140546e-01
3.710000000000000142e+01 6.165031332023033217e-01
3.720000000000000284e+01 5.533960518172206244e-01
3.730000000000000426e+01 6.354812908476680233e-01
3.739999999999999858e+01 9.598831273310576284e-01
3.750000000000000000e+01 8.869621227153510201e-01
3.760000000000000142e+01 8.050442993647221046e-01
3.770000000000000284e+01 7.932366322087293087e-01
3.780000000000000426e+01 6.511291807534207443e-01
3.789999999999999858e+01 4.905648910526105300e-01
3.800000000000000000e+01 4.389910210745144314e-01
3.810000000000000142e+01 4.240123790921090929e-01
3.820000000000000284e+01 7.084868021987855702e-01
3.830000000000000426e+01 6.810905781700138384e-01
3.840000000000000568e+01 6.139508900593080298e-01
3.850000000000000000e+01 8.363729898353806647e-01
3.860000000000000142e+01 1.080238102863453564e+00
3.870000000000000284e+01 8.459448933749419419e-01
3.880000000000000426e+01 7.429720248922057069e-01
3.890000000000000568e+01 6.478178697340251091e-01
3.900000000000000000e+01 5.767899498978245054e-01
3.910000000000000142e+01 3.995350913328664100e-01
3.920000000000000284e+01 4.902021513757961468e-01
3.930000000000000426e+01 9.112854251595635668e-01
3.940000000000000568e+01 7.703695743249329153e-01
3.950000000000000000e+01 8.909123113228771818e-01
3.960000000000000142e+01 1.020335860228777758e+00
3.970000000000000284e+01 8.265474929770816326e-01
3.980000000000000426e+01 9.731646681716149550e-01
3.990000000000000568e+01 4.039558145342776463e-01
4.000000000000000000e+01 3.966899802664948238e-01
4.010000000000000142e+01 6.030932658071390673e-01
4.020000000000000284e+01 1.064695937187631669e+00
4.030000000000000426e+01 1.157664362275820480e+00
4.040000000000000568e+01 1.028812494941868438e+00
4.050000000000000000e+01 6.097052649588765583e-01
4.060000000000000142e+01 7.843514237295945435e-01
4.070000000000000284e+01 1.081818832106650641e+00
4.080000000000000426e+01 1.211703278549401963e+00
4.090000000000000568e+01 9.236622569310699582e-01
4.100000000000000000e+01 8.395362346990190572e-01
4.110000000000000142e+01 9.296048189822315733e-01
4.120000000000000284e+01 7.822133464691625182e-01
4.130000000000000426e+01 7.395603625306975681e-01
4.140000000000000568e+01 5.929133317211930931e-01
4.150000000000000000e+01 5.644014270115176313e-01
4.160000000000000142e+01 9.818234471321596324e-01
4.170000000000000284e+01 7.385739063321562492e-01
4.180000000000000426e+01 8.533430618929355171e-01
4.190000000000000568e+01 9.081777327758616680e-01
4.200000000000000000e+01 8.228550392919510292e-01
4.210000000000000142e+01 5.991276088803642041e-01
4.220000000000000284e+01 7.858707920824313797e-01
4.230000000000000426e+01 1.183982992846039251e+00
4.240000000000000568e+01 9.819234522908760754e-01
4.250000000000000000e+01 8.551078849539502924e-01
4.260000000000000142e+01 5.624854427015629765e-01
4.270000000000000284e+01 9.315163036022672260e-01
4.280000000000000426e+01 6.520432970900023051e-01
4.290000000000000568e+01 7.921937047363595275e-01
4.300000000000000000e+01 9.668196183829268486e-01
4.310000000000000142e+01 9.369632684749253926e-01
4.320000000000000284e+01 6.963307369886573284e-01
4.330000000000000426e+01 5.760194450302630331e-01
4.340000000000000568e+01 8.633175943947126729e-01
4.350000000000000000e+01 8.446056492929806536e-01
4.360000000000000142e+01 1.000248015389773260e+00
4.370000000000000284e+01 9.455450519533659115e-01
4.380000000000000426e+01 6.608462298967548998e-01
4.390000000000000568e+01 7.233329294444620361e-01
4.400000000000000000e+01 5.914748623497878555e-01
4.410000000000000142e+01 6.378003313138628227e-01
4.420000000000000284e+01 1.004209907657790612e+00
4.430000000000000426e+01 6.378334136920579267e-01
4.440000000000000568e+01 4.325488922787981139e-01
4.450000000000000000e+01 5.597454259489993422e-01
4.460000000000000142e+01 5.943439155203591451e-01
4.470000000000000284e+01 4.760915933878492878e-01
4.480000000000000426e+01 5.200346125479373693e-01
4.490000000000000568e+01 6.006118558574000676e-01
4.500000000000000000e+01 5.830113301621060451e-01
4.510000000000000142e+01 4.203559249985798218e-01
4.520000000000000284e+01 4.566682169708670691e-01
4.530000000000000426e+01 6.412290677658085691e-01
4.540000000000000568e+01 5.610870154474542071e-01
4.550000000000000000e+01 5.928312294931428195e-01
4.560000000000000142e+01 5.470538848305048774e-01
4.570000000000000284e+01 5.961040867039220092e-01
4.580000000000000426e+01 6.396001146284421290e-01
4.590000000000000568e+01 8.318607267198170341e-01
4.600000000000000000e+01 1.166283165287596235e+00
4.610000000000000142e+01 1.156126378837573743e+00
4.620000000000000284e+01 5.122837861481901456e-01
4.630000000000000426e+01 4.337841667687877822e-01
4.640000000000000568e+01 5.673488225471895463e-01
4.650000000000000000e+01 5.338925565002272666e-01
4.660000000000000142e+01 6.200456250983054085e-01
4.670000000000000284e+01 6.178672058058716221e-01
4.680000000000000426e+01 6.851957860619041218e-01
4.690000000000000568e+01 4.646312537579548874e-01
4.700000000000000000e+01 8.365959801344751146e-01
4.710000000000000142e+01 7.654521111630409047e-01
4.720000000000000284e+01 2.975047010779551804e-01
4.730000000000000426e+01 2.750624600435996325e-01
4.740000000000000568e+01 3.829919356346276893e-01
4.750000000000000000e+01 3.899522286934896664e-01
4.760000000000000142e+01 4.967175996582328112e-01
4.770000000000000284e+01 6.932283311289346717e-01
4.780000000000000426e+01 7.685780281276173298e-01
4.790000000000000568e+01 5.252520382459187065e-01
4.800000000000000000e+01 4.470687489021787919e-01
4.810000000000000142e+01 3.796796182813286236e-01
4.820000000000000284e+01 3.777099671716789842e-01
4.830000000000000426e+01 4.741507983148727789e-01
4.840000000000000568e+01 4.322449020523052576e-01
4.850000000000000000e+01 4.526371560027430130e-01
4.860000000000000142e+01 4.552332014036827301e-01
4.870000000000000284e+01 5.982952468782181121e-01
4.880000000000000426e+01 5.786531161409870228e-01
4.890000000000000568e+01 5.306405994143974514e-01
4.900000000000000000e+01 5.359735109063668013e-01
4.910000000000000142e+01 5.609287984910269476e-01
4.920000000000000284e+01 4.091639924403280837e-01
4.930000000000000426e+01 3.000003434258701751e-01
4.940000000000000568e+01 4.581892088379602712e-01
4.950000000000000000e+01 3.927706312181599158e-01
4.960000000000000142e+01 5.981930213710697775e-01
4.970000000000000284e+01 6.070357615425955311e-01
4.980000000000000426e+01 5.823546748458321431e-01
4.990000000000000568e+01 7.012764325738504168e-01
5.000000000000000000e+01 1.026820559761957741e+00
5.010000000000000142e+01 1.190415907455957933e+00
5.020000000000000284e+01 2.072136758142806734e+00
5.030000000000000426e+01 1.669067980092056480e+00
5.040000000000000568e+01 1.057479606834021979e+00
5.050000000000000000e+01 9.651577470631234057e-01
5.060000000000000142e+01 8.601137420660880384e-01
5.070000000000000284e+01 5.639480658591138340e-01
5.080000000000000426e+01 9.132611881023442457e-01
5.090000000000000568e+01 1.518909157313059088e+00
5.100000000000000000e+01 1.066303122428759353e+00
5.110000000000000142e+01 1.160868940574311337e+00
5.120000000000000284e+01 1.470871971175818915e+00
5.130000000000000426e+01 1.394604760066494809e+00
5.140000000000000568e+01 1.147162791562383655e+00
5.150000000000000000e+01 9.016242980974735755e-01
5.160000000000000142e+01 8.688169617368721731e-01
5.170000000000000284e+01 1.021592819869405533e+00
5.180000000000000426e+01 1.260360875983171036e+00
5.190000000000000568e+01 1.407635038896611013e+00
5.200000000000000000e+01 1.085069847555217848e+00
5.210000000000000142e+01 1.165048011481595092e+00
5.220000000000000284e+01 8.901796507758245047e-01
5.230000000000000426e+01 9.793655960625834433e-01
5.240000000000000568e+01 1.132018453147055626e+00
5.250000000000000000e+01 7.015304507035038384e-01
5.260000000000000142e+01 8.476839018823416616e-01
5.270000000000000284e+01 9.692515158614410931e-01
5.280000000000000426e+01 9.277345928846003620e-01
5.290000000000000568e+01 1.122733169663753250e+00
5.300000000000000000e+01 1.002012885333984249e+00
5.310000000000000142e+01 8.271007127532681302e-01
5.320000000000000284e+01 5.439662047400887213e-01
5.330000000000000426e+01 7.711947136851589057e-01
5.340000000000000568e+01 8.468213771748617225e-01
5.350000000000000000e+01 8.691671821613543569e-01
5.360000000000000142e+01 5.072797714569263761e-01
5.370000000000000284e+01 7.200649422673972566e-01
5.380000000000000426e+01 6.594475933400273382e-01
5.390000000000000568e+01 9.991743860203681216e-01
5.400000000000000000e+01 1.389273193129167305e+00
5.410000000000000142e+01 1.248915105931498237e+00
5.420000000000000284e+01 9.117040901169781719e-01
5.430000000000000426e+01 8.152253899654117175e-01
5.440000000000000568e+01 9.176714282835677361e-01
5.450000000000000000e+01 1.617333001339064324e+00
5.460000000000000142e+01 1.503556515271095906e+00
5.470000000000000284e+01 3.672686152923153369e+00
5.480000000000000426e+01 7.471533713835215584e-01
5.490000000000000568e+01 4.415379846524852825e-01
5.500000000000000000e+01 6.012237405140115065e-01
5.510000000000000142e+01 7.166891480134178760e-01
5.520000000000000284e+01 6.023257977838455401e-01
5.530000000000000426e+01 5.268194895188039739e-01
5.540000000000000568e+01 7.502852524759919817e-01
5.550000000000000000e+01 9.034003054040471437e-01
5.560000000000000142e+01 6.683587493877878316e-01
5.570000000000000284e+01 4.297330853204556766e-01
5.580000000000000426e+01 7.778402446969511219e-01
5.590000000000000568e+01 6.938967618629856560e-01
5.600000000000000000e+01 8.232092105398204351e-01
5.610000000000000142e+01 1.229571743921042071e+00
5.620000000000000284e+01 1.235366230334410842e+00
5.630000000000000426e+01 7.250318593494823327e-01
5.640000000000000568e+01 8.962207859922894926e-01
5.650000000000000000e+01 8.368862741266591687e-01
5.660000000000000142e+01 5.589303893270186618e-01
5.670000000000000284e+01 5.455075731305610853e-01
5.680000000000000426e+01 4.373650594730591479e-01
5.690000000000000568e+01 7.461176626960830394e-01
5.700000000000000000e+01 7.888076021024462703e-01
5.710000000000000142e+01 1.096707005125385104e+00
5.720000000000000284e+01 1.277580684950079704e+00
5.730000000000000426e+01 7.098688873216797424e-01
5.740000000000000568e+01 4.226133138564394098e-01
5.750000000000000000e+01 7.854427509030641463e-01
5.760000000000000142e+01 8.997377720929237155e-01
5.770000000000000284e+01 9.723341131316923791e-01
5.780000000000000426e+01 9.457511813055519134e-01
5.790000000000000568e+01 1.375139163177765633e+00
5.800000000000000000e+01 1.571614648046712581e+00
5.810000000000000142e+01 1.323785039172952427e+00
5.820000000000000284e+01 8.688486834324501418e-01
5.830000000000000426e+01 8.760318361865422343e-01
5.840000000000000568e+01 9.092869484870539365e-01
5.850000000000000000e+01 9.068712952987034726e-01
5.860000000000000142e+01 1.009915366312111873e+00
5.870000000000000284e+01 1.245689327310302685e+00
5.880000000000000426e+01 1.015373591583887958e+00
5.890000000000000568e+01 1.046829759776070956e+00
5.900000000000000000e+01 1.154215148819574432e+00
5.910000000000000142e+01 1.456136082156155531e+00
5.920000000000000284e+01 1.040299773239891756e+00
5.930000000000000426e+01 9.662101497882281675e-01
5.940000000000000568e+01 3.178517027907292736e+00
5.950000000000000000e+01 1.275066923673834118e+00
5.960000000000000142e+01 2.096654723698336387e+00
5.970000000000000284e+01 2.658867558360140659e+00
5.980000000000000426e+01 2.115170706349121410e+00
5.990000000000000568e+01 1.194145796960611294e+00
6.000000000000000000e+01 2.494624451352920769e+00
6.010000000000000142e+01 2.107022338945971462e+00
6.020000000000000284e+01 1.692203259658566106e+00
6.030000000000000426e+01 1.457764108473829534e+00
6.040000000000000568e+01 1.310190487546083249e+00
6.050000000000000000e+01 1.365782819791538705e+00
6.060000000000000142e+01 1.232679878991901568e+00
6.070000000000000284e+01 1.093541174324820675e+00
6.080000000000000426e+01 1.071798500708820212e+00
6.090000000000000568e+01 1.417621825449356221e+00
6.100000000000000000e+01 1.741271620432028211e+00
6.110000000000000142e+01 1.395590983441202138e+00
6.120000000000000284e+01 1.692122777508727083e+00
6.130000000000000426e+01 1.289069248414649316e+00
6.140000000000000568e+01 1.473583658165518617e+00
6.150000000000000000e+01 1.607078452854444395e+00
6.160000000000000142e+01 9.271159639087029891e-01
6.170000000000000284e+01 9.719005240540454782e-01
6.180000000000000426e+01 1.559369941823652406e+00
6.190000000000000568e+01 1.100351294770871569e+00
6.200000000000000000e+01 1.086253084739122299e+00
6.210000000000000142e+01 1.539118410238899726e+00
6.220000000000000284e+01 1.434103885554314228e+00
6.230000000000000426e+01 1.387209260908384145e+00
6.240000000000000568e+01 1.380695034929709575e+00
6.250000000000000000e+01 1.538947407566033210e+00
6.260000000000000142e+01 2.575042565674777517e+00
6.270000000000000284e+01 1.319714210993087056e+00
6.280000000000000426e+01 1.114828584896401020e+00
6.290000000000000568e+01 1.052588483156774890e+00
6.300000000000000000e+01 1.448942614233840853e+00
6.310000000000000142e+01 1.819890075110656591e+00
6.320000000000000284e+01 1.773999443202425974e+00
6.330000000000000426e+01 1.222271207823488304e+00
6.340000000000000568e+01 1.689244397718583812e+00
6.350000000000000000e+01 1.563555887546999701e+00
6.360000000000000142e+01 2.304171189677939324e+00
6.370000000000000284e+01 1.481858178667314396e+00
6.380000000000000426e+01 1.400093768100079794e+00
6.390000000000000568e+01 1.355736345189387126e+00
6.400000000000000000e+01 1.293409746763211965e+00
6.410000000000000853e+01 1.627309455002279970e+00
6.420000000000000284e+01 1.168325884968977935e+00
6.429999999999999716e+01 1.039666421334675128e+00
6.440000000000000568e+01 9.495663018506103059e-01
6.450000000000000000e+01 1.064706821645759138e+00
6.460000000000000853e+01 1.680525203305200943e+00
6.470000000000000284e+01 1.432658855387892727e+00
6.479999999999999716e+01 1.378362981953852762e+00
6.490000000000000568e+01 2.469324256011184993e+00
6.500000000000000000e+01 1.321379571083128646e+00
6.510000000000000853e+01 1.507475393102998940e+00
6.520000000000000284e+01 1.386126524737643306e+00
6.529999999999999716e+01 1.580568535218308979e+00
6.540000000000000568e+01 8.110501604938622489e-01
6.550000000000000000e+01 1.206499144308904148e+00
6.560000000000000853e+01 1.733213982026402977e+00
6.570000000000000284e+01 1.730124844469181467e+00
6.579999999999999716e+01 1.566416403721139661e+00
6.590000000000000568e+01 1.636897533953856509e+00
6.600000000000000000e+01 2.510199778453408026e+00
6.610000000000000853e+01 3.054867786797375029e+00
6.620000000000000284e+01 2.660728205521700751e+00
6.629999999999999716e+01 1.745770426116927787e+00
6.640000000000000568e+01 2.183005313315649509e+00
6.650000000000000000e+01 2.294468632047398149e+00
6.660000000000000853e+01 3.988732289020800348e+00
6.670000000000000284e+01 3.928053153589879276e+00
6.679999999999999716e+01 2.557135129943192808e+00
6.690000000000000568e+01 1.801140544748821792e+00
6.700000000000000000e+01 2.378690001485546546e+00
6.710000000000000853e+01 1.249872417915644185e+00
6.720000000000000284e+01 1.478506327095791661e+00
6.729999999999999716e+01 1.239763980531867649e+00
6.740000000000000568e+01 9.178140939991064062e-01
6.750000000000000000e+01 1.305770343985603654e+00
6.760000000000000853e+01 9.534966066358119274e-01
6.770000000000000284e+01 1.510993588194238457e+00
6.779999999999999716e+01 1.470157172553897551e+00
6.790000000000000568e+01 9.184610258313383735e-01
6.800000000000000000e+01 1.865263787946011664e+00
6.810000000000000853e+01 1.632277670710121642e+00
6.820000000000000284e+01 1.375938638929356639e+00
6.829999999999999716e+01 1.242370883178944618e+00
6.840000000000000568e+01 1.903836064522377747e+00
6.850000000000000000e+01 1.524723673416019443e+00
6.860000000000000853e+01 1.643339842574035092e+00
6.870000000000000284e+01 1.809721099384579146e+00
6.879999999999999716e+01 1.962391435091775715e+00
6.890000000000000568e+01 3.017597313691385175e+00
6.900000000000000000e+01 2.476893310936828296e+00
6.910000000000000853e+01 1.524065881455982430e+00
6.920000000000000284e+01 1.322165732003853345e+00
6.929999999999999716e+01 1.629644657979049116e+00
6.940000000000000568e+01 2.179969253569308041e+00
6.950000000000000000e+01 1.049936089750695301e+00
6.960000000000000853e+01 1.043598032423361577e+00
6.970000000000000284e+01 1.135274265020584039e+00
6.979999999999999716e+01 8.337492465063449654e-01
6.990000000000000568e+01 1.355708693638471463e+00
7.000000000000000000e+01 7.794247019443845126e-01
7.010000000000000853e+01 1.004846965621357446e+00
7.020000000000000284e+01 7.170853836007318183e-01
7.029999999999999716e+01 9.025163570883250053e-01
7.040000000000000568e+01 1.104803686348081238e+00
7.050000000000000000e+01 1.395541152620735526e+00
7.060000000000000853e+01 6.490698496457810718e-01
7.070000000000000284e+01 5.571732411116202544e-01
7.079999999999999716e+01 8.526321120100506246e-01
7.090000000000000568e+01 7.195529335717356645e-01
7.100000000000000000e+01 9.062535577894980099e-01
7.110000000000000853e+01 8.686402200650588101e-01
7.120000000000000284e+01 1.269923751648359245e+00
7.129999999999999716e+01 7.087540587403441394e-01
7.140000000000000568e+01 7.073193234559969067e-01
7.150000000000000000e+01 7.828909221475283120e-01
7.160000000000000853e+01 1.254337695891629023e+00
7.170000000000000284e+01 1.143261177895607217e+00
7.179999999999999716e+01 1.038911303336848890e+00
7.190000000000000568e+01 7.820330871339493672e-01
7.200000000000000000e+01 5.200007277703214692e-01
7.210000000000000853e+01 6.984817002959829990e-01
7.220000000000000284e+01 8.276914279665279484e-01
7.229999999999999716e+01 8.164645022497931670e-01
7.240000000000000568e+01 5.254363104462183021e-01
7.250000000000000000e+01 6.996137416276781984e-01
7.260000000000000853e+01 5.476832562031946905e-01
7.270000000000000284e+01 4.589834393801872081e-01
7.279999999999999716e+01 5.480265024994046552e-01
7.290000000000000568e+01 5.023464242075887931e-01
7.300000000000000000e+01 7.340496457825040899e-01
7.310000000000000853e+01 8.119361504903228610e-01
7.320000000000000284e+01 7.936711845828238188e-01
7.329999999999999716e+01 6.018131108275518448e-01
7.340000000000000568e+01 8.640851427537797891e-01
7.350000000000000000e+01 7.407789010155345633e-01
7.360000000000000853e+01 3.841349714462169995e-01
7.370000000000000284e+01 8.267401990248444132e-01
7.379999999999999716e+01 9.494097426214551660e-01
7.390000000000000568e+01 6.266516690851133831e-01
7.400000000000000000e+01 6.772689514147858247e-01
7.410000000000000853e+01 7.699438626966189636e-01
7.420000000000000284e+01 4.793588684252172438e-01
7.429999999999999716e+01 9.723615290984450876e-01
7.440000000000000568e+01 7.995854201950047813e-01
7.450000000000000000e+01 8.268030898157354702e-01
7.460000000000000853e+01 1.005892531703573400e+00
7.470000000000000284e+01 1.033580483586885146e+00
7.479999999999999716e+01 1.047666780647471763e+00
7.490000000000000568e+01 1.003345889955717274e+00
7.500000000000000000e+01 1.707211919835843750e+00
7.510000000000000853e+01 1.302097743267440766e+00
7.520000000000000284e+01 1.588968229767696805e+00
7.529999999999999716e+01 1.286098516978228856e+00
7.540000000000000568e+01 1.080839237278240050e+00
7.550000000000000000e+01 9.641126060865949920e-01
7.560000000000000853e+01 1.063628035962616014e+00
7.570000000000000284e+01 1.085146190759898710e+00
7.579999999999999716e+01 1.455553119858508770e+00
7.590000000000000568e+01 1.576365204889820237e+00
7.600000000000000000e+01 5.981856045089180007e-01
7.610000000000000853e+01 7.816121888382521199e-01
7.620000000000000284e+01 5.719940920636037429e-01
7.629999999999999716e+01 5.861120203869236711e-01
7.640000000000000568e+01 8.942893917553530470e-01
7.650000000000000000e+01 8.944515468611966558e-01
7.660000000000000853e+01 1.241636429527748664e+00
7.670000000000000284e+01 1.356877528498874774e+00
7.680000000000001137e+01 1.118340553814756166e+00
7.690000000000000568e+01 1.250965771192887210e+00
7.700000000000000000e+01 8.938532821652708238e-01
7.710000000000000853e+01 1.373357625763507173e+00
7.720000000000000284e+01 1.064421215177398627e+00
7.730000000000001137e+01 7.754737082035650930e-01
7.740000000000000568e+01 7.451063748378968787e-01
7.750000000000000000e+01 1.318947535159182616e+00
7.760000000000000853e+01 1.335501149226122175e+00
7.770000000000000284e+01 1.527821788998511732e+00
7.780000000000001137e+01 1.432011561479289874e+00
7.790000000000000568e+01 1.569185981805166108e+00
7.800000000000000000e+01 2.179038277655557909e+00
7.810000000000000853e+01 1.675315725256625754e+00
7.820000000000000284e+01 2.006924071442822477e+00
7.830000000000001137e+01 1.589411163333432464e+00
7.840000000000000568e+01 1.645246965533477157e+00
7.850000000000000000e+01 1.802106154022398821e+00
7.860000000000000853e+01 1.220582728426879093e+00
7.870000000000000284e+01 9.914570907941498978e-01
7.880000000000001137e+01 1.202311113685708754e+00
7.890000000000000568e+01 8.794956574762942125e-01
7.900000000000000000e+01 6.590650820866557069e-01
7.910000000000000853e+01 7.506191053552746517e-01
7.920000000000000284e+01 1.124819536769865680e+00
7.930000000000001137e+01 1.607941085281590299e+00
7.940000000000000568e+01 1.057948026281297027e+00
7.950000000000000000e+01 1.138498358784569175e+00
7.960000000000000853e+01 9.067804842403597299e-01
7.970000000000000284e+01 1.242599839781699300e+00
7.980000000000001137e+01 1.285813773441129459e+00
7.990000000000000568e+01 1.853352195082394793e+00
8.000000000000000000e+01 2.220769454160163914e+00
8.010000000000000853e+01 2.559255613657576589e+00
8.020000000000000284e+01 5.706966293353440633e+00
8.030000000000001137e+01 3.847553138854814314e+00
8.040000000000000568e+01 2.143434971431046332e+00
8.050000000000000000e+01 1.886265940940505148e+00
8.060000000000000853e+01 1.451615750834894136e+00
8.070000000000000284e+01 2.464241474997549197e+00
8.080000000000001137e+01 1.579353832201614516e+00
8.090000000000000568e+01 1.393817634600799105e+00
8.100000000000000000e+01 1.381666052954529267e+00
8.110000000000000853e+01 1.287956659658470393e+00
8.120000000000000284e+01 1.691351198656046995e+00
8.130000000000001137e+01 1.693045345688071635e+00
8.140000000000000568e+01 9.824124151922473125e-01
8.150000000000000000e+01 1.084368568714129122e+00
8.160000000000000853e+01 1.133504035454204528e+00
8.170000000000000284e+01 8.872825656893563728e-01
8.180000000000001137e+01 7.304545732055636176e-01
8.190000000000000568e+01 1.434616415158078251e+00
8.200000000000000000e+01 9.253197997295158350e-01
8.210000000000000853e+01 9.269132293485715657e-01
8.220000000000000284e+01 1.472773795123549334e+00
8.230000000000001137e+01 1.152998288125799631e+00
8.240000000000000568e+01 8.990675397193204077e-01
8.250000000000000000e+01 6.182335842811628179e-01
8.260000000000000853e+01 9.198274544004506614e-01
8.270000000000000284e+01 8.007068683885274485e-01
8.280000000000001137e+01 1.105110787276865958e+00
8.290000000000000568e+01 8.525204483711206205e-01
8.300000000000000000e+01 9.128183400751069820e-01
8.310000000000000853e+01 8.032813143767104647e-01
8.320000000000000284e+01 6.436065656704406113e-01
8.330000000000001137e+01 6.180013939317531291e-01
8.340000000000000568e+01 7.100396306832588156e-01
8.350000000000000000e+01 7.073026108774049803e-01
8.360000000000000853e+01 4.971354111078866156e-01
8.370000000000000284e+01 1.158082885018658414e+00
8.380000000000001137e+01 1.083627053322590461e+00
8.390000000000000568e+01 1.046975007437279004e+00
8.400000000000000000e+01 1.112428711475420773e+00
8.410000000000000853e+01 1.115655897058304369e+00
8.420000000000000284e+01 1.262057544283890165e+00
8.430000000000001137e+01 1.073134481194824907e+00
8.440000000000000568e+01 8.109413667467029185e-01
8.450000000000000000e+01 1.068580198414717408e+00
8.460000000000000853e+01 1.119325092683090439e+00
8.470000000000000284e+01 7.748293863432923478e-01
8.480000000000001137e+01 1.370809331292778266e+00
8.490000000000000568e+01 1.135837733082489587e+00
8.500000000000000000e+01 1.374700171303866680e+00
8.510000000000000853e+01 1.004043408600845178e+00
8.520000000000000284e+01 7.688434196140586652e-01
8.530000000000001137e+01 7.870943877812458522e-01
8.540000000000000568e+01 6.970605285685559371e-01
8.550000000000000000e+01 8.089393457214494321e-01
8.560000000000000853e+01 1.383488519442391373e+00
8.570000000000000284e+01 1.128589925739407640e+00
8.580000000000001137e+01 1.510712616248098605e+00
8.590000000000000568e+01 1.595336950894858052e+00
8.600000000000000000e+01 1.172178404742486357e+00
8.610000000000000853e+01 1.082523195463828580e+00
8.620000000000000284e+01 1.050113538477497999e+00
8.630000000000001137e+01 1.317539769062144650e+00
8.640000000000000568e+01 9.812596755182301234e-01
8.650000000000000000e+01 1.126493566786870737e+00
8.660000000000000853e+01 9.732149204060939196e-01
8.670000000000000284e+01 9.910172547517123176e-01
8.680000000000001137e+01 6.628390405083866010e-01
8.690000000000000568e+01 7.437001218881181819e-01
8.700000000000000000e+01 1.175529802406914959e+00
8.710000000000000853e+01 1.066101078238168798e+00
8.720000000000000284e+01 9.604703367519010770e-01
8.730000000000001137e+01 5.736047314642804817e-01
8.740000000000000568e+01 8.926967916234951339e-01
8.750000000000000000e+01 1.033679541484464615e+00
8.760000000000000853e+01 1.219345068680512068e+00
8.770000000000000284e+01 6.485105588942537969e-01
8.780000000000001137e+01 6.579929926399001872e-01
8.790000000000000568e+01 1.198235677507535790e+00
8.800000000000000000e+01 8.858279682609349059e-01
8.810000000000000853e+01 1.124426008486366424e+00
8.820000000000000284e+01 1.709438286861298062e+00
8.830000000000001137e+01 1.213425263548521649e+00
8.840000000000000568e+01 1.519434771703120468e+00
8.850000000000000000e+01 1.388596631982174756e+00
8.860000000000000853e+01 7.530496647176254665e-01
8.870000000000000284e+01 1.177310863706977351e+00
8.880000000000001137e+01 1.254843154258583615e+00
8.890000000000000568e+01 8.341924409015394337e-01
8.900000000000000000e+01 1.254380840162084176e+00
8.910000000000000853e+01 1.092139788637453757e+00
8.920000000000000284e+01 1.192705390614962946e+00
8.930000000000001137e+01 1.224421182131895547e+00
8.940000000000000568e+01 1.526285462466746123e+00
8.950000000000000000e+01 1.305006377480258051e+00
8.960000000000000853e+01 1.294742007671257911e+00
8.970000000000000284e+01 1.361969499401059824e+00
8.980000000000001137e+01 2.105314684996704155e+00
8.990000000000000568e+01 3.421274058147472541e+00
9.000000000000000000e+01 3.415658503207307906e+00
9.010000000000000853e+01 3.062395326705666498e+00
9.020000000000000284e+01 4.603143222170703375e+00
9.030000000000001137e+01 3.870577085773444281e+00
9.040000000000000568e+01 1.775636182086672621e+00
9.050000000000000000e+01 1.483716560709811283e+00
9.060000000000000853e+01 1.016760121804790362e+00
9.070000000000000284e+01 1.689987851182452649e+00
9.080000000000001137e+01 2.078103922071687037e+00
9.090000000000000568e+01 1.579439828224230569e+00
9.100000000000000000e+01 1.844652171322056278e+00
9.110000000000000853e+01 1.049841479586261395e+00
9.120000000000000284e+01 9.591350396781067600e-01
9.130000000000001137e+01 1.562411856410574007e+00
9.140000000000000568e+01 1.000081627784854321e+00
9.150000000000000000e+01 1.274462304077470298e+00
9.160000000000000853e+01 1.853517865994674940e+00
9.170000000000000284e+01 1.177042584973519546e+00
9.180000000000001137e+01 1.459736005990956320e+00
9.190000000000000568e+01 1.431539166032983257e+00
9.200000000000000000e+01 1.500586447735578144e+00
9.210000000000000853e+01 9.941798050810425336e-01
9.220000000000000284e+01 7.687968733904653185e-01
9.230000000000001137e+01 9.610419862126544643e-01
9.240000000000000568e+01 1.245396821570925017e+00
9.250000000000000000e+01 8.735568215743574338e-01
9.260000000000000853e+01 9.209814976890259297e-01
9.270000000000000284e+01 1.159213070560072723e+00
9.280000000000001137e+01 6.166419706096498698e-01
9.290000000000000568e+01 1.166638784016148733e+00
9.300000000000000000e+01 9.856750451019956616e-01
9.310000000000000853e+01 6.588114413849783801e-01
9.320000000000000284e+01 6.687071548168497248e-01
9.330000000000001137e+01 8.264185903330835137e-01
9.340000000000000568e+01 6.447920577858650137e-01
9.350000000000000000e+01 6.941499722187071120e-01
9.360000000000000853e+01 1.036848831386906644e+00
9.370000000000000284e+01 1.071329914537450634e+00
9.380000000000001137e+01 1.228192271704847460e+00
9.390000000000000568e+01 1.138667846953684393e+00
9.400000000000000000e+01 5.435260767627556611e-01
9.410000000000000853e+01 7.081030156294014777e-01
9.420000000000000284e+01 8.960429551289568195e-01
9.430000000000001137e+01 7.338958997844986509e-01
9.440000000000000568e+01 6.493480079104865244e-01
9.450000000000000000e+01 9.826878383495959435e-01
9.460000000000000853e+01 7.773766166840784253e-01
9.470000000000000284e+01 1.109082819995266700e+00
9.480000000000001137e+01 1.170696892066265482e+00
9.490000000000000568e+01 1.019306354768646505e+00
9.500000000000000000e+01 9.127334286507473582e-01
9.510000000000000853e+01 1.358681676649224901e+00
9.520000000000000284e+01 1.329603104593657603e+00
9.530000000000001137e+01 3.508242456312240076e+00
9.540000000000000568e+01 1.847439348956988470e+00
9.550000000000000000e+01 1.621086772265362574e+00
9.560000000000000853e+01 1.427024429066299893e+00
9.570000000000000284e+01 1.821876268135389720e+00
9.580000000000001137e+01 1.425462851235995920e+00
9.590000000000000568e+01 1.356697131705283610e+00
9.600000000000000000e+01 1.183135846714847172e+00
9.610000000000000853e+01 1.098864935303420554e+00
9.620000000000000284e+01 1.220480869717491812e+00
9.630000000000001137e+01 1.465614231831216197e+00
9.640000000000000568e+01 1.013466366185868051e+00
9.650000000000000000e+01 8.332827352912350882e-01
9.660000000000000853e+01 1.241576876194615764e+00
9.670000000000000284e+01 8.462196636235156388e-01
9.680000000000001137e+01 9.905195053966611152e-01
9.690000000000000568e+01 7.172351494937548866e-01
9.700000000000000000e+01 6.810534652206815531e-01
9.710000000000000853e+01 7.750471063880931544e-01
9.720000000000000284e+01 8.538352262199813136e-01
9.730000000000001137e+01 9.947822366773447778e-01
9.740000000000000568e+01 9.158494417080157435e-01
9.750000000000000000e+01 4.852385998215774099e-01
9.760000000000000853e+01 7.129198117014804437e-01
9.770000000000000284e+01 6.842705548754036693e-01
9.780000000000001137e+01 1.458969002898622414e+00
9.790000000000000568e+01 1.484353361942093441e+00
9.800000000000000000e+01 9.003748963994206989e-01
9.810000000000000853e+01 7.660056826276815389e-01
9.820000000000000284e+01 6.082470804082910076e-01
9.830000000000001137e+01 9.742776266699285648e-01
9.840000000000000568e+01 7.816927008429208623e-01
9.850000000000000000e+01 1.034328782366035648e+00
9.860000000000000853e+01 1.072133691887232843e+00
9.870000000000000284e+01 1.107448960723357745e+00
9.880000000000001137e+01 8.921045838210218681e-01
9.890000000000000568e+01 1.027557846483583948e+00
9.900000000000000000e+01 9.060153171635743075e-01
9.910000000000000853e+01 8.732349928273342998e-01
9.920000000000000284e+01 1.111602476973439835e+00
9.930000000000001137e+01 1.048247581911758486e+00
9.940000000000000568e+01 1.170145185671177757e+00
9.950000000000000000e+01 8.450044653675098383e-01
9.960000000000000853e+01 7.144301502548573435e-01
9.970000000000000284e+01 1.377401234054737245e+00
9.980000000000001137e+01 3.306654354125611484e+00
9.990000000000000568e+01 1.312944843069616008e+00
