0.000000000000000000e+00 2.680786076665491624e+00
1.000000000000000056e-01 1.962264865652520118e+00
2.000000000000000111e-01 4.529903900085381352e+00
3.000000000000000444e-01 5.391836426692080408e+00
4.000000000000000222e-01 5.998967761159978984e+00
5.000000000000000000e-01 5.995222157733545387e+00
6.000000000000000888e-01 4.949627213400355608e+00
7.000000000000000666e-01 4.945333129233834057e+00
8.000000000000000444e-01 3.826508649442907029e+00
9.000000000000000222e-01 4.253958629046013407e+00
1.000000000000000000e+00 2.562837196457138145e+00
1.100000000000000089e+00 6.824284444787137582e-02
1.200000000000000178e+00 5.928213584872953357e-01
1.300000000000000044e+00 3.394056361689430812e+00
1.400000000000000133e+00 3.020873389026259570e+00
1.500000000000000000e+00 2.447280040619484343e+00
1.600000000000000089e+00 2.943134085155006296e+00
1.700000000000000178e+00 2.764510787548175585e+00
1.800000000000000044e+00 4.055773338604711675e+00
1.900000000000000133e+00 1.544393000129930194e+00
2.000000000000000000e+00 2.090645064304863077e+00
2.100000000000000089e+00 4.466943341583556659e+00
2.200000000000000178e+00 4.805035720956370326e+00
2.300000000000000266e+00 2.866618922592170104e+00
2.400000000000000355e+00 1.603407234567046480e+00
2.500000000000000000e+00 1.244618151690457530e+00
2.600000000000000089e+00 3.034983953145355073e+00
2.700000000000000178e+00 1.759007624422785909e+00
2.800000000000000266e+00 1.241709221352526926e+00
2.900000000000000355e+00 1.325404898386018493e+00
3.000000000000000000e+00 3.293195472927506806e+00
3.100000000000000089e+00 1.486347016891189643e+00
3.200000000000000178e+00 1.048516960420557087e+00
3.300000000000000266e+00 9.967479899081687078e-01
3.400000000000000355e+00 4.680815109190531453e-01
3.500000000000000000e+00 3.814782110770718049e-01
3.600000000000000089e+00 1.019047679283559660e+00
3.700000000000000178e+00 6.163143914450294192e-01
3.800000000000000266e+00 4.669995680058497411e-01
3.900000000000000355e+00 3.863962269038316300e-01
4.000000000000000000e+00 6.140133052799854330e-01
4.100000000000000533e+00 3.370580557820148093e-01
4.200000000000000178e+00 2.680836783560966996e-01
4.299999999999999822e+00 8.025640981569746035e-01
4.400000000000000355e+00 3.859057271705477188e-01
4.500000000000000000e+00 2.530240160181581044e-01
4.600000000000000533e+00 3.456970364338016743e-01
4.700000000000000178e+00 3.253632793555438774e-01
4.800000000000000711e+00 5.291141739909891450e-01
4.900000000000000355e+00 3.481079856894717106e-01
5.000000000000000000e+00 6.367961421044809889e-01
5.100000000000000533e+00 2.063878767551037274e+00
5.200000000000000178e+00 2.904956952474277987e+00
5.300000000000000711e+00 1.573432509095538778e+00
5.400000000000000355e+00 2.634062829633169844e+00
5.500000000000000000e+00 1.609604569587522516e+00
5.600000000000000533e+00 1.994203554572477000e+00
5.700000000000000178e+00 2.180405182567385580e+00
5.800000000000000711e+00 2.988596833581658174e+00
5.900000000000000355e+00 4.812479699895605201e+00
6.000000000000000000e+00 1.044172167095602566e+00
6.100000000000000533e+00 8.695325514129532696e-01
6.200000000000000178e+00 8.953063645130943105e-01
6.300000000000000711e+00 6.000873969758999671e-01
6.400000000000000355e+00 2.941194928229604599e+00
6.500000000000000000e+00 2.007590461607625887e+00
6.600000000000000533e+00 1.276166200162148767e+00
6.700000000000000178e+00 9.872099748143903231e-01
6.800000000000000711e+00 5.868066092926530475e-01
6.900000000000000355e+00 3.690852269594365520e+00
7.000000000000000000e+00 4.155494000108403974e+00
7.100000000000000533e+00 2.603245299591201434e+00
7.200000000000000178e+00 2.453743305582558598e+00
7.300000000000000711e+00 2.145335211197472614e+00
7.400000000000000355e+00 3.164478319562217923e+00
7.500000000000000000e+00 1.690906392657121726e+00
7.600000000000000533e+00 3.800065843738782423e+00
7.700000000000000178e+00 3.514357694371734286e+00
7.800000000000000711e+00 1.598187050239768814e+00
7.900000000000000355e+00 3.360630124352986581e+00
8.000000000000000000e+00 2.358513043814493226e+00
8.099999999999999645e+00 1.170143604843421059e+00
8.200000000000001066e+00 8.874940901096641799e-01
8.300000000000000711e+00 8.169065944117499534e-01
8.400000000000000355e+00 1.964646805331997870e+00
8.500000000000000000e+00 9.726001530768311198e-01
8.599999999999999645e+00 6.609603562747546901e-01
8.700000000000001066e+00 3.668679155430707994e-01
8.800000000000000711e+00 7.308805798863984293e-01
8.900000000000000355e+00 7.555958187975995166e-01
9.000000000000000000e+00 5.055127427411524321e-01
9.099999999999999645e+00 4.575437884630180196e-01
9.200000000000001066e+00 5.001186782741735559e-01
9.300000000000000711e+00 8.144943869603398223e-01
9.400000000000000355e+00 4.372996203282364935e-01
9.500000000000000000e+00 6.051169073887495697e-01
9.600000000000001421e+00 6.957634008346896826e-01
9.700000000000001066e+00 6.567598573938131512e-01
9.800000000000000711e+00 8.002977430560477279e-01
9.900000000000000355e+00 5.543416569630345014e-01
1.000000000000000000e+01 3.399412254672058431e-01
1.010000000000000142e+01 2.971254674580182664e-01
1.020000000000000107e+01 3.425063599113843948e-01
1.030000000000000071e+01 1.837429245642812348e-01
1.040000000000000036e+01 1.477285272749419842e-01
1.050000000000000000e+01 4.078753683537466035e-01
1.060000000000000142e+01 5.018585896379380573e-01
1.070000000000000107e+01 5.209117551380476607e-01
1.080000000000000071e+01 4.658898664007666279e-01
1.090000000000000036e+01 6.381597422773480632e-01
1.100000000000000000e+01 7.481317266908596997e-01
1.110000000000000142e+01 3.540051612305433193e-01
1.120000000000000107e+01 4.270139249709747342e-01
1.130000000000000071e+01 1.096229477448154688e+00
1.140000000000000036e+01 5.890013426482552106e-01
1.150000000000000000e+01 3.681482910239056716e-01
1.160000000000000142e+01 8.706632991754332807e-01
1.170000000000000107e+01 8.287922584675804227e-01
1.180000000000000071e+01 3.999312390271704820e-01
1.190000000000000036e+01 3.821689097581874583e-01
1.200000000000000000e+01 2.527989530265506990e-01
1.210000000000000142e+01 3.917688223429363070e-01
1.220000000000000107e+01 4.527654419303086542e-01
1.230000000000000071e+01 7.343945793110698839e-01
1.240000000000000036e+01 9.540825242612001045e-01
1.250000000000000000e+01 8.645509259092204468e-01
1.260000000000000142e+01 1.498837699919442157e+00
1.270000000000000107e+01 7.385603322815622596e-01
1.280000000000000071e+01 4.865145683476576055e-01
1.290000000000000036e+01 7.091582515291936506e-01
1.300000000000000000e+01 5.072399275719692291e-01
1.310000000000000142e+01 3.323308912704299733e-01
1.320000000000000107e+01 5.603631213139663725e-01
1.330000000000000071e+01 1.219191872356906403e+00
1.340000000000000036e+01 3.342559983533829993e+00
1.350000000000000000e+01 1.519068726169993111e+00
1.360000000000000142e+01 9.673887092935159471e-01
1.370000000000000107e+01 8.767601612742093042e-01
1.380000000000000071e+01 1.436445095272763872e+00
1.390000000000000036e+01 1.630111866936047482e+00
1.400000000000000000e+01 3.645735192411789782e+00
1.410000000000000142e+01 1.246841386622801195e+00
1.420000000000000107e+01 8.822814704123228546e-01
1.430000000000000071e+01 7.277560110678251704e-01
1.440000000000000036e+01 2.067741081887347843e+00
1.450000000000000000e+01 1.283261363029280844e+00
1.460000000000000142e+01 1.004968983544231920e+00
1.470000000000000107e+01 1.265049868600239824e+00
1.480000000000000071e+01 1.759918802187486309e+00
1.490000000000000036e+01 8.247286278268392001e-01
1.500000000000000000e+01 3.891226279073615180e-01
1.510000000000000142e+01 2.647752404210746979e-01
1.520000000000000107e+01 3.225405594290626232e-01
1.530000000000000071e+01 1.746950460145032524e-01
1.540000000000000036e+01 2.192595035123310054e-01
1.550000000000000000e+01 4.083707923711013543e-01
1.560000000000000142e+01 3.079234673845671622e-01
1.570000000000000107e+01 2.296924513697565784e-01
1.580000000000000071e+01 1.577196939023524092e-01
1.590000000000000036e+01 1.123783987574047682e-01
1.600000000000000000e+01 9.377854811156705050e-02
1.610000000000000142e+01 8.583436531294973137e-02
1.619999999999999929e+01 7.246921258891259043e-02
1.630000000000000071e+01 1.443451185022632255e-01
1.640000000000000213e+01 4.706343328656607816e-02
1.650000000000000000e+01 1.257558037854458188e-01
1.660000000000000142e+01 1.762626421370610263e-01
1.669999999999999929e+01 2.040636903723039297e-01
1.680000000000000071e+01 3.202919728663524146e-01
1.690000000000000213e+01 1.637142481727162924e-01
1.700000000000000000e+01 3.430623652367386645e-01
1.710000000000000142e+01 2.138746538028688526e-01
1.719999999999999929e+01 2.671148919183171100e-01
1.730000000000000071e+01 5.253785553265343244e-01
1.740000000000000213e+01 1.428062885309016317e-01
1.750000000000000000e+01 1.924465993832126798e-01
1.760000000000000142e+01 3.564436676059140052e-01
1.769999999999999929e+01 3.475141080408653549e-01
1.780000000000000071e+01 3.824829361236801173e-01
1.790000000000000213e+01 4.632563235457938799e-01
1.800000000000000000e+01 9.220932939050279220e-01
1.810000000000000142e+01 5.149467508953956552e-01
1.819999999999999929e+01 9.747872960124311925e-01
1.830000000000000071e+01 4.122623196339647023e-01
1.840000000000000213e+01 5.661682402941308201e-01
1.850000000000000000e+01 2.484300970251971941e-01
1.860000000000000142e+01 7.656338415161429989e-01
1.869999999999999929e+01 1.012206207298970373e+00
1.880000000000000071e+01 9.070484278957582358e-01
1.890000000000000213e+01 2.554803230211624143e-01
1.900000000000000000e+01 6.029902348115032673e-01
1.910000000000000142e+01 2.358827399950616521e-01
1.920000000000000284e+01 3.102246571772787065e-01
1.930000000000000071e+01 8.797042851010616893e-01
1.940000000000000213e+01 2.078955645982613731e+00
1.950000000000000000e+01 6.518589647480280691e-01
1.960000000000000142e+01 6.376582022764828439e-01
1.970000000000000284e+01 3.899074450621670129e-01
1.980000000000000071e+01 5.308385377364975843e-01
1.990000000000000213e+01 4.676109484747942302e-01
2.000000000000000000e+01 6.118799835620559735e-01
2.010000000000000142e+01 8.793191114202394409e-01
2.020000000000000284e+01 5.996980877807031041e-01
2.030000000000000071e+01 8.704708161959567869e-01
2.040000000000000213e+01 4.114451017362160679e-01
2.050000000000000000e+01 4.723918640240141742e-01
2.060000000000000142e+01 3.918720827920283423e-01
2.070000000000000284e+01 4.776801494174989782e-01
2.080000000000000071e+01 1.084889990080461608e+00
2.090000000000000213e+01 2.548280684614691038e-01
2.100000000000000000e+01 1.604518187631521764e-01
2.110000000000000142e+01 5.804900578580015624e-01
2.120000000000000284e+01 8.597708779102384291e-01
2.130000000000000071e+01 1.694950574230945917e-01
2.140000000000000213e+01 2.027405214672095557e-01
2.150000000000000000e+01 1.214135653889691496e-01
2.160000000000000142e+01 1.170972349459118850e-01
2.170000000000000284e+01 2.428850306521608826e-01
2.180000000000000071e+01 1.065832107547935587e-01
2.190000000000000213e+01 1.419086045877056279e-01
2.200000000000000000e+01 1.355863256435675124e-01
2.210000000000000142e+01 1.170039906357751708e-01
2.220000000000000284e+01 5.694174432317972157e-01
2.230000000000000071e+01 2.803334243901644540e-01
2.240000000000000213e+01 1.410005976999921806e-01
2.250000000000000000e+01 2.755536578588312357e-01
2.260000000000000142e+01 1.156237155006030054e-01
2.270000000000000284e+01 1.034578249572359748e-01
2.280000000000000071e+01 1.750416936242805699e-01
2.290000000000000213e+01 1.446696793786029500e-01
2.300000000000000000e+01 2.159629420337195183e-01
2.310000000000000142e+01 4.597206786604673412e-01
2.320000000000000284e+01 5.174991946494051920e-01
2.330000000000000071e+01 3.250560354088338766e-01
2.340000000000000213e+01 4.066414245036460984e-01
2.350000000000000000e+01 8.654282861194109167e-01
2.360000000000000142e+01 2.288867029810858877e+00
2.370000000000000284e+01 1.210359899967187181e+00
2.380000000000000071e+01 9.373812521270020737e-01
2.390000000000000213e+01 1.388781042763631346e+00
2.400000000000000000e+01 7.423107689088660477e-01
2.410000000000000142e+01 9.367436717372844557e-01
2.420000000000000284e+01 1.131144473600136813e+00
2.430000000000000071e+01 1.021959504592351520e+00
2.440000000000000213e+01 6.249192894694398648e-01
2.450000000000000000e+01 6.682978176613307841e-01
2.460000000000000142e+01 1.017645467204151943e+00
2.470000000000000284e+01 1.056773932250824055e+00
2.480000000000000071e+01 7.772884513436034704e-01
2.490000000000000213e+01 1.310685841738093993e+00
2.500000000000000000e+01 1.083807079166370091e+00
2.510000000000000142e+01 1.004198343904082469e+00
2.520000000000000284e+01 9.158068910557282116e-01
2.530000000000000071e+01 1.287375771710120853e+00
2.540000000000000213e+01 1.403732090347969530e+00
2.550000000000000000e+01 3.693470589729304088e-01
2.560000000000000142e+01 4.497982172853404736e-01
2.570000000000000284e+01 4.407688964712271340e-01
2.580000000000000071e+01 3.549971823954903294e-01
2.590000000000000213e+01 3.488799948403314977e-01
2.600000000000000000e+01 1.790946027176826549e-01
2.610000000000000142e+01 2.145900380945369168e-01
2.620000000000000284e+01 6.527990101889696861e-01
2.630000000000000071e+01 7.959582620924129381e-01
2.640000000000000213e+01 4.363131183841801319e-01
2.650000000000000000e+01 6.625571539709270708e-01
2.660000000000000142e+01 1.708986829308422606e-01
2.670000000000000284e+01 1.341324042877231892e-01
2.680000000000000071e+01 2.107901322568841440e-01
2.690000000000000213e+01 3.984584068167859039e-01
2.700000000000000000e+01 2.047124378601319905e-01
2.710000000000000142e+01 2.868999540426424577e-01
2.720000000000000284e+01 4.422913938424574143e-01
2.730000000000000071e+01 4.848852455146623885e-01
2.740000000000000213e+01 3.968259581108125600e-01
2.750000000000000000e+01 8.592816346884708523e-01
2.760000000000000142e+01 6.156027272525324001e-01
2.770000000000000284e+01 3.013898459059120571e-01
2.780000000000000071e+01 5.179673714558225006e-01
2.790000000000000213e+01 6.739452694053840176e-01
2.800000000000000000e+01 1.412266310608385200e-01
2.810000000000000142e+01 1.548963651746852049e-02
2.820000000000000284e+01 2.123057415609715115e-01
2.830000000000000071e+01 4.323534741621043453e-01
2.840000000000000213e+01 3.251078507186007105e-01
2.850000000000000000e+01 2.964974297330862929e-01
2.860000000000000142e+01 3.921020778060751444e-01
2.870000000000000284e+01 3.155524295522323386e-01
2.880000000000000071e+01 1.976600784563125934e+00
2.890000000000000213e+01 9.783312832586534835e-01
2.900000000000000000e+01 8.394590726359398847e-01
2.910000000000000142e+01 4.863544516979763643e-01
2.920000000000000284e+01 2.149699077891367160e+00
2.930000000000000071e+01 4.324375291302901658e+00
2.940000000000000213e+01 2.595556536731922659e+00
2.950000000000000000e+01 2.181869678418310254e+00
2.960000000000000142e+01 1.178071669229905361e+00
2.970000000000000284e+01 4.568542821892473960e+00
2.980000000000000071e+01 3.851476570972547808e+00
2.990000000000000213e+01 2.210883666106102208e+00
3.000000000000000000e+01 3.017608663306692751e+00
3.010000000000000142e+01 2.068504128830035427e+00
3.020000000000000284e+01 1.759504500162950125e+00
3.030000000000000071e+01 4.161180680534426912e+00
3.040000000000000213e+01 4.097333329774332178e+00
3.050000000000000000e+01 4.426227206584444573e+00
3.060000000000000142e+01 3.618211956174501864e+00
3.070000000000000284e+01 2.407554171175633861e+00
3.080000000000000071e+01 3.136847475303405464e+00
3.090000000000000213e+01 1.501579285604474512e+00
3.100000000000000000e+01 1.338467789587800993e+00
3.110000000000000142e+01 8.349625802979923073e-01
3.120000000000000284e+01 1.923305259695507807e+00
3.130000000000000071e+01 1.074862068196707154e+00
3.140000000000000213e+01 1.369941057840121434e+00
3.150000000000000000e+01 1.614059723311713102e+00
3.160000000000000142e+01 1.704352627063736580e+00
3.170000000000000284e+01 8.197358753376171592e-01
3.180000000000000071e+01 2.681694148461287730e-01
3.190000000000000213e+01 1.103418817309224975e+00
3.200000000000000000e+01 1.520079149919378869e+00
3.210000000000000142e+01 3.164259451127147127e+00
3.220000000000000284e+01 2.212850802132547035e+00
3.230000000000000426e+01 1.288471714664703338e+00
3.239999999999999858e+01 8.498806253151015566e-01
3.250000000000000000e+01 9.327684695157547612e-01
3.260000000000000142e+01 1.528114118845087521e+00
3.270000000000000284e+01 3.840683424355999520e-01
3.280000000000000426e+01 6.043997234688740505e-01
3.289999999999999858e+01 6.919796163020310864e-01
3.300000000000000000e+01 6.981370162875530916e-01
3.310000000000000142e+01 6.795604834019902674e-01
3.320000000000000284e+01 8.659900569326115516e-01
3.330000000000000426e+01 3.520958610294308011e-01
3.339999999999999858e+01 5.544118302913314533e-01
3.350000000000000000e+01 7.124031728439451649e-01
3.360000000000000142e+01 4.444060478961744942e-01
3.370000000000000284e+01 2.054224051501047921e+00
3.380000000000000426e+01 1.010838781093773564e+00
3.389999999999999858e+01 1.367746443875903939e+00
3.400000000000000000e+01 8.476280617930439520e-01
3.410000000000000142e+01 2.304672526384295150e-01
3.420000000000000284e+01 4.421431758893136221e-01
3.430000000000000426e+01 1.159899597518079473e+00
3.439999999999999858e+01 8.343574382979446202e-01
3.450000000000000000e+01 1.339694538568373394e+00
3.460000000000000142e+01 2.055328247641870831e+00
3.470000000000000284e+01 2.393320187323422221e+00
3.480000000000000426e+01 1.720377196449037749e+00
3.489999999999999858e+01 1.845428000830002357e+00
3.500000000000000000e+01 1.564431557590273636e+00
3.510000000000000142e+01 1.696334802539081865e+00
3.520000000000000284e+01 1.541421481156620255e+00
3.530000000000000426e+01 2.212258204571364573e+00
3.539999999999999858e+01 2.248527990818785405e+00
3.550000000000000000e+01 1.603875829829573441e+00
3.560000000000000142e+01 2.051873548295951366e+00
3.570000000000000284e+01 1.419437880691351461e+00
3.580000000000000426e+01 1.516643434710356564e+00
3.589999999999999858e+01 7.586128304140361545e-01
3.600000000000000000e+01 7.506107292327748315e-01
3.610000000000000142e+01 1.887880168653154556e+00
3.620000000000000284e+01 8.174307300307223079e-01
3.630000000000000426e+01 2.339627571445861864e+00
3.639999999999999858e+01 1.713107587390464870e+00
3.650000000000000000e+01 3.280307578046569361e+00
3.660000000000000142e+01 1.879842061198089498e+00
3.670000000000000284e+01 1.152659072672173712e+00
3.680000000000000426e+01 7.563341200625482985e-01
3.689999999999999858e+01 6.375456851905998423e-01
3.700000000000000000e+01 3.812693888175029966e-01
3.710000000000000142e+01 6.907877877561584556e-01
3.720000000000000284e+01 3.422622329659149032e-01
3.730000000000000426e+01 9.322300395151211783e-01
3.739999999999999858e+01 5.786296226139170384e-01
3.750000000000000000e+01 1.013794365791819141e+00
3.760000000000000142e+01 1.859245074737011505e+00
3.770000000000000284e+01 4.010579028270612745e-01
3.780000000000000426e+01 4.522973174134003460e-01
3.789999999999999858e+01 5.116622710425134946e-01
3.800000000000000000e+01 4.800363927114837392e-01
3.810000000000000142e+01 7.601976094103195525e-01
3.820000000000000284e+01 2.772739474109459645e-01
3.830000000000000426e+01 2.619557123513637231e-01
3.840000000000000568e+01 7.847212779847414499e-01
3.850000000000000000e+01 5.491339210123321601e-01
3.860000000000000142e+01 6.537702239138837301e-01
3.870000000000000284e+01 6.335384285362229140e-02
3.880000000000000426e+01 6.383277204351250900e-01
3.890000000000000568e+01 6.105276190194534047e-01
3.900000000000000000e+01 9.046290100210537810e-01
3.910000000000000142e+01 1.460206719766581784e+00
3.920000000000000284e+01 9.037303446196862655e-01
3.930000000000000426e+01 1.020556966160332868e+00
3.940000000000000568e+01 2.009731025026285423e+00
3.950000000000000000e+01 1.369506937328525797e+00
3.960000000000000142e+01 1.207897374414966807e+00
3.970000000000000284e+01 1.998304431880698395e+00
3.980000000000000426e+01 7.773214496318807676e-01
3.990000000000000568e+01 7.147679547901402142e-01
4.000000000000000000e+01 2.360222141747589653e-01
4.010000000000000142e+01 2.457596046205413887e-01
4.020000000000000284e+01 2.117536674353697634e+00
4.030000000000000426e+01 1.189592923381116440e+00
4.040000000000000568e+01 1.386577334979044451e+00
4.050000000000000000e+01 1.074701903240217638e+00
4.060000000000000142e+01 9.489630514454562293e-01
4.070000000000000284e+01 1.357153877610164150e+00
4.080000000000000426e+01 8.409606131801781181e-01
4.090000000000000568e+01 1.127687855061914934e+00
4.100000000000000000e+01 1.031767847145767858e+00
4.110000000000000142e+01 4.524525656048900224e+00
4.120000000000000284e+01 4.878115151306245068e+00
4.130000000000000426e+01 5.967873096048530002e+00
4.140000000000000568e+01 3.085138080483327716e+00
4.150000000000000000e+01 3.674085279804750748e+00
4.160000000000000142e+01 2.686179240630167442e+00
4.170000000000000284e+01 2.730411064967277923e+00
4.180000000000000426e+01 2.158202162188648909e+00
4.190000000000000568e+01 1.363896546767351392e+00
4.200000000000000000e+01 6.416590089440751266e-01
4.210000000000000142e+01 6.786596820085558646e-01
4.220000000000000284e+01 6.966756949503022378e-01
4.230000000000000426e+01 6.507982066574953262e-01
4.240000000000000568e+01 5.926065874386983179e-01
4.250000000000000000e+01 7.414670718620995915e-01
4.260000000000000142e+01 3.506456711249332781e-01
4.270000000000000284e+01 5.670565761095943680e-01
4.280000000000000426e+01 4.892438771486405935e-01
4.290000000000000568e+01 1.767720419964920742e-01
4.300000000000000000e+01 6.823399713566877800e-01
4.310000000000000142e+01 4.258407043957115889e-01
4.320000000000000284e+01 6.069853541257695939e-01
4.330000000000000426e+01 6.497004507403048024e-01
4.340000000000000568e+01 1.784693966421240507e-01
4.350000000000000000e+01 7.242436441977169181e-01
4.360000000000000142e+01 6.225393878177055695e-01
4.370000000000000284e+01 1.422200503006411987e+00
4.380000000000000426e+01 1.356136549926773682e+00
4.390000000000000568e+01 2.903958275911097120e-01
4.400000000000000000e+01 3.046330234595808206e-01
4.410000000000000142e+01 3.311594643127520610e-01
4.420000000000000284e+01 1.277791827568439453e+00
4.430000000000000426e+01 1.361346752286931805e+00
4.440000000000000568e+01 2.278762215114543466e+00
4.450000000000000000e+01 2.459165723015505733e+00
4.460000000000000142e+01 1.126366924609940368e+00
4.470000000000000284e+01 6.160123307160385586e-01
4.480000000000000426e+01 1.083141994550441911e+00
4.490000000000000568e+01 2.266678674121469061e+00
4.500000000000000000e+01 2.199420037839814768e+00
4.510000000000000142e+01 2.125357066726099475e+00
4.520000000000000284e+01 2.492504813867385316e+00
4.530000000000000426e+01 1.926868008505881136e+00
4.540000000000000568e+01 2.319813768709033663e+00
4.550000000000000000e+01 3.177291848089443427e+00
4.560000000000000142e+01 4.162723022866155809e+00
4.570000000000000284e+01 3.701065885504184472e+00
4.580000000000000426e+01 5.315220372366529666e+00
4.590000000000000568e+01 3.475074872106616031e+00
4.600000000000000000e+01 1.663633976639142809e+00
4.610000000000000142e+01 2.002853478138214349e+00
4.620000000000000284e+01 1.307091790605064974e+00
4.630000000000000426e+01 3.102039176612993998e+00
4.640000000000000568e+01 6.835912428897056303e-01
4.650000000000000000e+01 1.144799812839127462e+00
4.660000000000000142e+01 5.800794327240548220e-01
4.670000000000000284e+01 4.201410116857260957e-01
4.680000000000000426e+01 4.765727898542567176e-01
4.690000000000000568e+01 5.376676197844573180e-01
4.700000000000000000e+01 1.828656994225736687e+00
4.710000000000000142e+01 1.114829336573412100e+00
4.720000000000000284e+01 2.433623674768129685e+00
4.730000000000000426e+01 2.339985433856358821e+00
4.740000000000000568e+01 2.885000472195517585e+00
4.750000000000000000e+01 4.834929201504169605e+00
4.760000000000000142e+01 2.773447608976190804e+00
4.770000000000000284e+01 3.905178549869699367e+00
4.780000000000000426e+01 2.192353899935809647e+00
4.790000000000000568e+01 1.526232296579569159e+00
4.800000000000000000e+01 2.428398343846372320e+00
4.810000000000000142e+01 2.228029505938082799e+00
4.820000000000000284e+01 2.393975834824429771e+00
4.830000000000000426e+01 2.282934174066653110e+00
4.840000000000000568e+01 5.073961559677696798e+00
4.850000000000000000e+01 6.269217077391179949e+00
4.860000000000000142e+01 6.935218749746241862e+00
4.870000000000000284e+01 4.056469194297362080e+00
4.880000000000000426e+01 2.016142098879834421e+00
4.890000000000000568e+01 3.568484834118684557e+00
4.900000000000000000e+01 1.998658092730956515e+00
4.910000000000000142e+01 1.257479382121056144e+00
4.920000000000000284e+01 2.460326289809060096e+00
4.930000000000000426e+01 3.703046385890802927e+00
4.940000000000000568e+01 3.705387638944576789e+00
4.950000000000000000e+01 1.929477357090332301e+00
4.960000000000000142e+01 3.366007710187464586e+00
4.970000000000000284e+01 1.631677108982442226e+00
4.980000000000000426e+01 1.363153516336150339e+00
4.990000000000000568e+01 1.587885690392851767e+00
5.000000000000000000e+01 1.583119588092594121e+00
5.010000000000000142e+01 6.738958512416379776e-01
5.020000000000000284e+01 5.659800266709289485e-01
5.030000000000000426e+01 1.273262807194830426e+00
5.040000000000000568e+01 2.207569886107191071e+00
5.050000000000000000e+01 1.909776320740389943e+00
5.060000000000000142e+01 1.205876177951419992e+00
5.070000000000000284e+01 1.547845619530163974e+00
5.080000000000000426e+01 7.175799896874339723e-01
5.090000000000000568e+01 4.655450539853521752e-01
5.100000000000000000e+01 4.343631481794619775e-01
5.110000000000000142e+01 1.003446465006832877e+00
5.120000000000000284e+01 9.425093207251366012e-01
5.130000000000000426e+01 1.489087999977853016e+00
5.140000000000000568e+01 1.419339036037281510e+00
5.150000000000000000e+01 2.354129243385754133e+00
5.160000000000000142e+01 1.447562532427357107e+00
5.170000000000000284e+01 1.831387133530254507e+00
5.180000000000000426e+01 1.843304655818986060e+00
5.190000000000000568e+01 1.085848903636211560e+00
5.200000000000000000e+01 1.535611780668942217e+00
5.210000000000000142e+01 1.501637490238693529e+00
5.220000000000000284e+01 1.123980033395021172e+00
5.230000000000000426e+01 7.318270220682353555e-01
5.240000000000000568e+01 8.222683811535883569e-01
5.250000000000000000e+01 1.530713274350237185e+00
5.260000000000000142e+01 2.118939547386856859e+00
5.270000000000000284e+01 1.095065080412968017e+00
5.280000000000000426e+01 3.675312487953521501e-01
5.290000000000000568e+01 7.868936272222476491e-01
5.300000000000000000e+01 6.635828174085373066e-01
5.310000000000000142e+01 6.236052721933886822e-01
5.320000000000000284e+01 8.693464221849712681e-01
5.330000000000000426e+01 8.201446084897253685e-01
5.340000000000000568e+01 1.115632061720959634e+00
5.350000000000000000e+01 1.484739511034279813e+00
5.360000000000000142e+01 7.901747730546931914e-01
5.370000000000000284e+01 1.059365981093335352e+00
5.380000000000000426e+01 3.065904441350877807e+00
5.390000000000000568e+01 4.407602206546686219e+00
5.400000000000000000e+01 2.416579962521735325e+01
5.410000000000000142e+01 7.871527315828212856e+00
5.420000000000000284e+01 3.872920634594617439e+00
5.430000000000000426e+01 1.072117205814139940e+00
5.440000000000000568e+01 1.283954105225752373e+00
5.450000000000000000e+01 1.000470035719352335e+00
5.460000000000000142e+01 1.247167297748539738e+00
5.470000000000000284e+01 1.198282585086609009e+00
5.480000000000000426e+01 1.485054082482781590e+00
5.490000000000000568e+01 8.860640268602988368e-01
5.500000000000000000e+01 1.069762954606662486e+00
5.510000000000000142e+01 4.388491826601043644e-01
5.520000000000000284e+01 7.358459776736502311e-01
5.530000000000000426e+01 5.725403340349888293e-01
5.540000000000000568e+01 8.552140784815278618e-01
5.550000000000000000e+01 1.245975296772098506e+00
5.560000000000000142e+01 3.323460925818457201e-01
5.570000000000000284e+01 4.618764385979146070e-01
5.580000000000000426e+01 6.660434025798886992e-01
5.590000000000000568e+01 7.187867302425319238e-01
5.600000000000000000e+01 6.743479572605779460e-01
5.610000000000000142e+01 1.271172779326793512e+00
5.620000000000000284e+01 4.289637884791892564e-01
5.630000000000000426e+01 2.572630704333978557e-01
5.640000000000000568e+01 3.017186622747125568e-01
5.650000000000000000e+01 8.998593802185043122e-01
5.660000000000000142e+01 6.848783174025609988e-01
5.670000000000000284e+01 6.054168900236308604e-01
5.680000000000000426e+01 3.864934949236427664e-01
5.690000000000000568e+01 3.268114161341808543e-01
5.700000000000000000e+01 5.148577190848461216e-01
5.710000000000000142e+01 4.416533535121605070e-01
5.720000000000000284e+01 6.528888082524542114e-01
5.730000000000000426e+01 7.667966200604041660e-01
5.740000000000000568e+01 5.313361852623483816e-01
5.750000000000000000e+01 4.782189925777076689e-01
5.760000000000000142e+01 4.422852621040762044e-01
5.770000000000000284e+01 6.426442732940684799e-01
5.780000000000000426e+01 3.551490639293988227e-01
5.790000000000000568e+01 4.224411987216512565e-01
5.800000000000000000e+01 4.892069070332249470e-01
5.810000000000000142e+01 1.713541653469820569e-01
5.820000000000000284e+01 6.261160810675675537e-01
5.830000000000000426e+01 3.740603160706738040e-01
5.840000000000000568e+01 7.599193221728481884e-01
5.850000000000000000e+01 5.073488151502529853e-01
5.860000000000000142e+01 5.365071117447033355e-01
5.870000000000000284e+01 9.539298463362060332e-01
5.880000000000000426e+01 1.059440931168408984e+00
5.890000000000000568e+01 8.050059021149110761e-01
5.900000000000000000e+01 4.889158067984399891e-01
5.910000000000000142e+01 7.847843576068292970e-01
5.920000000000000284e+01 5.788893956647788164e-01
5.930000000000000426e+01 1.435885647707685064e-01
5.940000000000000568e+01 5.311149772826129212e-01
5.950000000000000000e+01 2.774578529009141259e-01
5.960000000000000142e+01 2.356448947135495187e-01
5.970000000000000284e+01 4.268327108188141317e-01
5.980000000000000426e+01 3.172210390357644849e-01
5.990000000000000568e+01 2.318851004645912373e-01
6.000000000000000000e+01 2.270783952368801706e-01
6.010000000000000142e+01 1.754838619973002056e-01
6.020000000000000284e+01 2.844737401051526948e-01
6.030000000000000426e+01 5.222020946106696870e-01
6.040000000000000568e+01 6.615338181021500619e-01
6.050000000000000000e+01 4.399826290529504358e-01
6.060000000000000142e+01 6.622851266440564766e-01
6.070000000000000284e+01 3.150003631684230032e-01
6.080000000000000426e+01 2.909174686802300513e-01
6.090000000000000568e+01 4.767008634251451715e-01
6.100000000000000000e+01 4.335625860782706398e-01
6.110000000000000142e+01 5.279602342966084327e-01
6.120000000000000284e+01 1.011227872304767850e+00
6.130000000000000426e+01 6.328618425507379630e-01
6.140000000000000568e+01 6.349885292119535896e-01
6.150000000000000000e+01 1.001640154939932081e+00
6.160000000000000142e+01 1.228949747014369098e+00
6.170000000000000284e+01 4.108794380391433410e-01
6.180000000000000426e+01 7.700664787816460244e-01
6.190000000000000568e+01 6.900215095139028421e-01
6.200000000000000000e+01 4.070155578254954776e-01
6.210000000000000142e+01 4.894084681237187429e-01
6.220000000000000284e+01 3.085352922620139826e-01
6.230000000000000426e+01 7.517189222230729051e-01
6.240000000000000568e+01 4.541477384369427273e-01
6.250000000000000000e+01 1.392250264766626833e+00
6.260000000000000142e+01 9.857082282046810695e-01
6.270000000000000284e+01 7.556934831550946585e-01
6.280000000000000426e+01 7.970578910374570558e-01
6.290000000000000568e+01 6.643779789240357170e-01
6.300000000000000000e+01 4.450303061273995220e-01
6.310000000000000142e+01 5.960001875981428832e-01
6.320000000000000284e+01 9.707253450241122295e-01
6.330000000000000426e+01 2.998785775550434352e-01
6.340000000000000568e+01 9.379022002206275355e-01
6.350000000000000000e+01 2.403437353044534930e-01
6.360000000000000142e+01 4.416658884179875955e-01
6.370000000000000284e+01 2.585835462363866299e-01
6.380000000000000426e+01 5.688584643940590713e-01
6.390000000000000568e+01 1.353676638315571557e-01
6.400000000000000000e+01 3.399978569559705122e-01
6.410000000000000853e+01 1.357500015237075586e-01
6.420000000000000284e+01 1.603410079477969319e-01
6.429999999999999716e+01 2.181208611916629903e-01
6.440000000000000568e+01 5.954480502371295447e-01
6.450000000000000000e+01 4.153277000134863783e+00
6.460000000000000853e+01 3.425567742459215026e+01
6.470000000000000284e+01 1.462093165085345703e+00
6.479999999999999716e+01 4.967131898318599137e-01
6.490000000000000568e+01 4.164827757886174764e-01
6.500000000000000000e+01 3.316302834959948265e-01
6.510000000000000853e+01 1.598244742625470338e-01
6.520000000000000284e+01 1.924267217736242153e-01
6.529999999999999716e+01 7.801111550124079086e-01
6.540000000000000568e+01 9.379577385575113002e-01
6.550000000000000000e+01 8.853492155242868034e-01
6.560000000000000853e+01 4.355607163888121081e-01
6.570000000000000284e+01 4.829410646578166655e-01
6.579999999999999716e+01 1.221175120469921271e+00
6.590000000000000568e+01 1.054030630483254960e+00
6.600000000000000000e+01 2.556496917021767512e+00
6.610000000000000853e+01 1.552443314979660371e+00
6.620000000000000284e+01 5.695389408933392295e-01
6.629999999999999716e+01 4.658380514515353399e-01
6.640000000000000568e+01 4.309444505387902136e-01
6.650000000000000000e+01 1.787383930998337200e-01
6.660000000000000853e+01 3.225115972958038091e-01
6.670000000000000284e+01 5.116456581160020445e-01
6.679999999999999716e+01 1.076332200815870443e+00
6.690000000000000568e+01 2.058141054395378866e+00
6.700000000000000000e+01 3.561303637201312933e-01
6.710000000000000853e+01 4.075247312661925414e-01
6.720000000000000284e+01 3.860096732712631207e-01
6.729999999999999716e+01 6.193641658119142246e-01
6.740000000000000568e+01 5.435078420519141584e-01
6.750000000000000000e+01 7.345806184511866066e-01
6.760000000000000853e+01 8.480523635862661225e-01
6.770000000000000284e+01 5.654828500048831863e-01
6.779999999999999716e+01 2.791904939146566123e-01
6.790000000000000568e+01 1.202617471256228532e+00
6.800000000000000000e+01 1.384458080969320326e+00
6.810000000000000853e+01 1.166217742129439516e+00
6.820000000000000284e+01 8.418913116835960997e-01
6.829999999999999716e+01 1.424223829804140751e+00
6.840000000000000568e+01 1.537148940186579882e+00
6.850000000000000000e+01 4.298896267185468578e-01
6.860000000000000853e+01 9.321772643623774668e-01
6.870000000000000284e+01 9.707171403847110192e-01
6.879999999999999716e+01 6.754416119124043716e-01
6.890000000000000568e+01 1.297205098343383600e+00
6.900000000000000000e+01 5.061469345793170316e-01
6.910000000000000853e+01 1.551323478982979120e-01
6.920000000000000284e+01 2.658349624994867932e-01
6.929999999999999716e+01 6.045140363481888990e-01
6.940000000000000568e+01 3.471414356636042808e-01
6.950000000000000000e+01 1.583700022932058304e-01
6.960000000000000853e+01 2.558800930997331413e-01
6.970000000000000284e+01 5.160094693553364253e-01
6.979999999999999716e+01 2.148021383959548003e-01
6.990000000000000568e+01 1.362590522745926180e-01
7.000000000000000000e+01 4.309377021209787051e-01
7.010000000000000853e+01 3.964873206407295569e-01
7.020000000000000284e+01 5.140158798180810562e-01
7.029999999999999716e+01 1.451508151512807820e-01
7.040000000000000568e+01 1.639457867809729075e-01
7.050000000000000000e+01 1.211501905944837865e-01
7.060000000000000853e+01 1.765383645007374547e-01
7.070000000000000284e+01 1.367447139871627859e-01
7.079999999999999716e+01 2.441680681189499491e-01
7.090000000000000568e+01 4.841010305763343013e-01
7.100000000000000000e+01 2.591945457397840102e-01
7.110000000000000853e+01 2.546003981131646499e-01
7.120000000000000284e+01 4.285196194708295603e-01
7.129999999999999716e+01 4.454518577864725049e-01
7.140000000000000568e+01 1.634146012266536552e+00
7.150000000000000000e+01 7.989568010658713026e-01
7.160000000000000853e+01 5.836206483412124113e-01
7.170000000000000284e+01 1.095311904712401807e+00
7.179999999999999716e+01 1.058384051980075791e+00
7.190000000000000568e+01 1.901317851037208184e+00
7.200000000000000000e+01 1.444290107593616090e+00
7.210000000000000853e+01 2.196970194200905002e+00
7.220000000000000284e+01 1.306501207062053416e+00
7.229999999999999716e+01 3.995606161683887603e+00
7.240000000000000568e+01 1.625177134807803236e+00
7.250000000000000000e+01 1.434777669458765059e+00
7.260000000000000853e+01 1.463557799042868979e+00
7.270000000000000284e+01 2.310442805419659074e+00
7.279999999999999716e+01 3.126843644279810430e+00
7.290000000000000568e+01 1.467970595450742932e+00
7.300000000000000000e+01 1.502633659776731134e+00
7.310000000000000853e+01 1.769119956223858425e+00
7.320000000000000284e+01 5.167202485459032602e-01
7.329999999999999716e+01 5.120535872296547719e-01
7.340000000000000568e+01 8.273897843373930749e-01
7.350000000000000000e+01 6.570786872083514973e-01
7.360000000000000853e+01 6.665420227612327553e-01
7.370000000000000284e+01 6.208343864502264831e-01
7.379999999999999716e+01 8.567551094651595367e-01
7.390000000000000568e+01 3.055304732220611164e-01
7.400000000000000000e+01 2.479996978365190674e-01
7.410000000000000853e+01 7.093130709021028268e-01
7.420000000000000284e+01 9.910769286527036925e-01
7.429999999999999716e+01 3.885314596161822953e-01
7.440000000000000568e+01 2.599164208498436768e-01
7.450000000000000000e+01 2.020601908954448578e-01
7.460000000000000853e+01 3.292297786922817049e-01
7.470000000000000284e+01 1.999535950311017440e-01
7.479999999999999716e+01 6.051959680392511309e-01
7.490000000000000568e+01 5.879504604636482945e-01
7.500000000000000000e+01 5.476905326713297217e-01
7.510000000000000853e+01 1.252738057299970453e+00
7.520000000000000284e+01 9.787065762128634161e-02
7.529999999999999716e+01 1.171974976823415782e+00
7.540000000000000568e+01 1.015618375349850000e+00
7.550000000000000000e+01 3.945641858586209083e-01
7.560000000000000853e+01 1.914244946054531882e+00
7.570000000000000284e+01 5.036723505958626834e-01
7.579999999999999716e+01 1.151154335662810668e+00
7.590000000000000568e+01 5.398161966461151318e-01
7.600000000000000000e+01 7.731914657668943480e-01
7.610000000000000853e+01 7.627757640398830086e-01
7.620000000000000284e+01 3.100084552986750452e-01
7.629999999999999716e+01 3.485974241672374352e-01
7.640000000000000568e+01 9.408989512958458867e-01
7.650000000000000000e+01 8.542517782766104739e-01
7.660000000000000853e+01 5.484488051995370927e-01
7.670000000000000284e+01 3.603686562673292793e-01
7.680000000000001137e+01 4.605292588989121083e-01
7.690000000000000568e+01 5.329715111387353099e-01
7.700000000000000000e+01 2.554845205920607265e-01
7.710000000000000853e+01 3.155860894777552939e-01
7.720000000000000284e+01 9.087210724957698327e-01
7.730000000000001137e+01 6.660632901244952775e-01
7.740000000000000568e+01 1.445519615290358439e+00
7.750000000000000000e+01 1.614711902358898499e+00
7.760000000000000853e+01 1.480554052279775989e+00
7.770000000000000284e+01 9.575273540241608927e-01
7.780000000000001137e+01 4.238345854261096890e-01
7.790000000000000568e+01 7.498931243842662520e-01
7.800000000000000000e+01 3.911884781180399173e-01
7.810000000000000853e+01 2.685893949467757502e-01
7.820000000000000284e+01 7.790086807614390318e-01
7.830000000000001137e+01 1.491110583967353298e+00
7.840000000000000568e+01 1.689641530026156691e+00
7.850000000000000000e+01 1.350087219287739337e+00
7.860000000000000853e+01 1.614386903214267477e+00
7.870000000000000284e+01 4.967693200798322550e+00
7.880000000000001137e+01 3.150440606140144872e+00
7.890000000000000568e+01 1.987625074904539879e+00
7.900000000000000000e+01 1.602325157450602777e+00
7.910000000000000853e+01 2.662979637881671913e+00
7.920000000000000284e+01 1.597714442418524339e+00
7.930000000000001137e+01 1.970931047897711119e+00
7.940000000000000568e+01 6.574501245264063876e-01
7.950000000000000000e+01 1.913106662874992647e+00
7.960000000000000853e+01 1.241057531762133959e+00
7.970000000000000284e+01 7.848494015469806850e-01
7.980000000000001137e+01 7.398424194863798542e-01
7.990000000000000568e+01 4.816745058354975073e-02
8.000000000000000000e+01 3.182657125313408941e-01
8.010000000000000853e+01 1.042432853150064176e+00
8.020000000000000284e+01 2.073647095237602045e+00
8.030000000000001137e+01 2.292427286378547979e+00
8.040000000000000568e+01 4.645914817073743541e-01
8.050000000000000000e+01 1.515905165573945501e+00
8.060000000000000853e+01 1.405586440579816854e+00
8.070000000000000284e+01 1.204651151607158299e+00
8.080000000000001137e+01 1.687456377650329742e+00
8.090000000000000568e+01 1.302833219374733620e+00
8.100000000000000000e+01 9.890403195616982446e-01
8.110000000000000853e+01 7.132776471174023802e-01
8.120000000000000284e+01 8.442279684586830868e-01
8.130000000000001137e+01 1.927436588015321473e+00
8.140000000000000568e+01 7.719126452542331984e-01
8.150000000000000000e+01 9.215931221971613851e-01
8.160000000000000853e+01 7.530640216013327892e-01
8.170000000000000284e+01 1.216758631447164118e+00
8.180000000000001137e+01 6.131645009824064907e-01
8.190000000000000568e+01 8.881516614484044059e-01
8.200000000000000000e+01 1.203824945842862260e+00
8.210000000000000853e+01 1.520817520729653038e+00
8.220000000000000284e+01 2.931474509313165555e+00
8.230000000000001137e+01 2.016617582072604442e+00
8.240000000000000568e+01 1.244320324703655389e+00
8.250000000000000000e+01 8.284775735283081977e-01
8.260000000000000853e+01 1.453927860088122026e+00
8.270000000000000284e+01 2.253818904597111317e+00
8.280000000000001137e+01 4.174464895993938107e+00
8.290000000000000568e+01 2.983504089266277415e+00
8.300000000000000000e+01 2.801630376711656822e+00
8.310000000000000853e+01 3.430935876645305527e+00
8.320000000000000284e+01 5.148883775298304322e+00
8.330000000000001137e+01 4.551285983507203703e+00
8.340000000000000568e+01 4.217950082619070784e+00
8.350000000000000000e+01 3.514480870822039638e+00
8.360000000000000853e+01 3.343589685919980514e+00
8.370000000000000284e+01 2.031359393234115629e+00
8.380000000000001137e+01 9.099960772984362345e-01
8.390000000000000568e+01 6.746157327672374082e-01
8.400000000000000000e+01 7.729331680409889938e-01
8.410000000000000853e+01 1.332092228479686780e+00
8.420000000000000284e+01 1.733830349005332838e+00
8.430000000000001137e+01 1.835526703135709869e+00
8.440000000000000568e+01 4.528699580330567409e-01
8.450000000000000000e+01 3.795830471159350461e-01
8.460000000000000853e+01 5.726870414138689469e-01
8.470000000000000284e+01 1.791578393930729929e+00
8.480000000000001137e+01 9.605856147243945209e-01
8.490000000000000568e+01 2.047580075615447193e+00
8.500000000000000000e+01 8.691005357647119123e-01
8.510000000000000853e+01 5.591945192653197116e-01
8.520000000000000284e+01 2.485499539488912613e-01
8.530000000000001137e+01 1.013796950705078803e+00
8.540000000000000568e+01 3.407728600570516075e+00
8.550000000000000000e+01 5.873850932294476301e+00
8.560000000000000853e+01 3.405252610045334194e+00
8.570000000000000284e+01 2.343984727457146366e+00
8.580000000000001137e+01 2.548697896415863973e+00
8.590000000000000568e+01 1.559036172313534196e+00
8.600000000000000000e+01 1.848653250086025324e+00
8.610000000000000853e+01 2.428275087601373450e+00
8.620000000000000284e+01 2.241802414901117757e+00
8.630000000000001137e+01 1.347250468278859747e+00
8.640000000000000568e+01 1.653997182938297783e+00
8.650000000000000000e+01 2.145185618505705882e+00
8.660000000000000853e+01 8.179009489297759394e-01
8.670000000000000284e+01 2.797044615881517426e+00
8.680000000000001137e+01 2.353261022880559050e+00
8.690000000000000568e+01 1.529948398072364490e+00
8.700000000000000000e+01 2.007770039448736554e+00
8.710000000000000853e+01 1.832409462130275113e+00
8.720000000000000284e+01 3.104120072877227798e+00
8.730000000000001137e+01 2.326463154048357129e+00
8.740000000000000568e+01 3.697651813460361314e+00
8.750000000000000000e+01 1.466621485769924682e+00
8.760000000000000853e+01 3.938676052884477752e+00
8.770000000000000284e+01 2.811111926221440793e+00
8.780000000000001137e+01 2.436594799978932802e+00
8.790000000000000568e+01 2.508502165605939194e+00
8.800000000000000000e+01 1.221268203412451125e+00
8.810000000000000853e+01 9.058186177699388830e-01
8.820000000000000284e+01 2.367806576629388982e+00
8.830000000000001137e+01 3.594117735177253525e+00
8.840000000000000568e+01 2.479623313632353998e+00
8.850000000000000000e+01 1.170446394427241632e+00
8.860000000000000853e+01 2.510997457114295894e+00
8.870000000000000284e+01 4.691588559053596619e+00
8.880000000000001137e+01 5.288041408669998056e+00
8.890000000000000568e+01 4.574959770465849118e+00
8.900000000000000000e+01 6.757646365596592375e+00
8.910000000000000853e+01 6.258870345968094995e+00
8.920000000000000284e+01 6.678151610838424901e+00
8.930000000000001137e+01 8.294973277759503105e+00
8.940000000000000568e+01 8.156124027270326593e+00
8.950000000000000000e+01 8.504284075195656101e+00
8.960000000000000853e+01 8.261898421613054211e+00
8.970000000000000284e+01 8.998822761210336196e+00
8.980000000000001137e+01 1.092572208595441197e+01
8.990000000000000568e+01 7.162216761554837774e+00
9.000000000000000000e+01 9.897673253321505271e+00
9.010000000000000853e+01 1.313300795552696165e+01
9.020000000000000284e+01 1.214362321733290528e+01
9.030000000000001137e+01 1.401649861084286819e+01
9.040000000000000568e+01 1.436636984332507616e+01
9.050000000000000000e+01 3.975491080615399397e+01
9.060000000000000853e+01 1.751843234355110823e+01
9.070000000000000284e+01 1.214856527522506013e+01
9.080000000000001137e+01 9.408075480627930531e+00
9.090000000000000568e+01 7.833177029080943043e+00
9.100000000000000000e+01 1.013363779335968751e+01
9.110000000000000853e+01 8.732823853534240399e+00
9.120000000000000284e+01 6.444258982929810031e+00
9.130000000000001137e+01 8.337574571203258955e+00
9.140000000000000568e+01 4.944191394587143407e+00
9.150000000000000000e+01 6.397409264236136650e+00
9.160000000000000853e+01 6.847425507835515290e+00
9.170000000000000284e+01 7.571299985495124396e+00
9.180000000000001137e+01 5.897290290130689172e+00
9.190000000000000568e+01 5.968295702348321186e+00
9.200000000000000000e+01 5.515717741117981632e+00
9.210000000000000853e+01 6.080587251984368002e+00
9.220000000000000284e+01 6.435392086352476504e+00
9.230000000000001137e+01 7.516042141278813205e+00
9.240000000000000568e+01 8.098245687894198852e+00
9.250000000000000000e+01 5.884232927164653404e+00
9.260000000000000853e+01 5.758607889693172943e+00
9.270000000000000284e+01 3.510417573906488453e+00
9.280000000000001137e+01 1.822978779696753815e+00
9.290000000000000568e+01 1.887208032914540201e+00
9.300000000000000000e+01 2.713017478119194248e+00
9.310000000000000853e+01 4.424358795202370409e+00
9.320000000000000284e+01 5.737902133681431316e+00
9.330000000000001137e+01 4.517338031515008900e+00
9.340000000000000568e+01 2.615851791503391421e+00
9.350000000000000000e+01 1.163866720540153610e+00
9.360000000000000853e+01 3.971944283732391057e+00
9.370000000000000284e+01 2.065286240334401224e+00
9.380000000000001137e+01 1.642873445683924016e+00
9.390000000000000568e+01 2.015947256065920179e+00
9.400000000000000000e+01 1.554313093513499222e+00
9.410000000000000853e+01 1.925658104829171879e+00
9.420000000000000284e+01 8.625560053174065045e-01
9.430000000000001137e+01 6.751303177335148398e-01
9.440000000000000568e+01 1.054358051395538398e+00
9.450000000000000000e+01 2.774007016095395350e+00
9.460000000000000853e+01 2.679139930011239290e+00
9.470000000000000284e+01 2.580031196034551222e+00
9.480000000000001137e+01 1.347680359451195908e+00
9.490000000000000568e+01 2.646122449897460704e+00
9.500000000000000000e+01 4.345182342850731239e+00
9.510000000000000853e+01 3.755566866810972737e+00
9.520000000000000284e+01 3.077224927015385969e+00
9.530000000000001137e+01 1.818604942478164954e+00
9.540000000000000568e+01 4.746199827635980917e+00
9.550000000000000000e+01 4.767168568081920910e+00
9.560000000000000853e+01 2.270871028345374576e+00
9.570000000000000284e+01 2.898047071049718593e+00
9.580000000000001137e+01 1.132366977371691785e+00
9.590000000000000568e+01 3.016027405111340265e+00
9.600000000000000000e+01 3.654546920788363629e+00
9.610000000000000853e+01 3.119500994441848363e+00
9.620000000000000284e+01 4.808076686477771311e+00
9.630000000000001137e+01 5.540568322888299591e+00
9.640000000000000568e+01 6.153196825634632994e+00
9.650000000000000000e+01 2.459118642329459092e+00
9.660000000000000853e+01 2.893802381395992551e+00
9.670000000000000284e+01 3.564695577981921826e+00
9.680000000000001137e+01 1.252401304957061035e+00
9.690000000000000568e+01 3.586038795143699165e+00
9.700000000000000000e+01 1.190927585996278015e+00
9.710000000000000853e+01 1.257612540122396760e+00
9.720000000000000284e+01 1.806060008622304425e+00
9.730000000000001137e+01 5.694581290702650511e-01
9.740000000000000568e+01 2.380207065361908736e+00
9.750000000000000000e+01 4.093061571378194152e+00
9.760000000000000853e+01 1.137665672271001016e+00
9.770000000000000284e+01 6.959506487986671930e-01
9.780000000000001137e+01 9.697696597123652840e-01
9.790000000000000568e+01 7.739912904576538022e-01
9.800000000000000000e+01 4.205604026961245467e-01
9.810000000000000853e+01 6.364458719633007133e-01
9.820000000000000284e+01 5.452271816511372604e-01
9.830000000000001137e+01 9.055985155722866553e-01
9.840000000000000568e+01 1.689105673240647532e+00
9.850000000000000000e+01 1.649911018315322941e+00
9.860000000000000853e+01 3.585329926648903154e+00
9.870000000000000284e+01 2.281015525550164291e+00
9.880000000000001137e+01 2.016042153682574334e+00
9.890000000000000568e+01 1.128625058140754644e+00
9.900000000000000000e+01 1.491366531511730376e+00
9.910000000000000853e+01 1.940902423941939903e+00
9.920000000000000284e+01 3.293234652198932633e+00
9.930000000000001137e+01 1.249781439009276518e+00
9.940000000000000568e+01 1.114779947286317796e+00
9.950000000000000000e+01 1.803287647528776239e+00
9.960000000000000853e+01 2.579985435649384318e+00
9.970000000000000284e+01 1.795971245278875639e+00
9.980000000000001137e+01 1.928423567001271710e+00
9.990000000000000568e+01 3.049434541085796369e+00
