0.000000000000000000e+00 3.110448116347195313e+00
1.000000000000000056e-01 2.848926026400433908e+00
2.000000000000000111e-01 2.905990722403275051e+00
3.000000000000000444e-01 1.006050819279677988e+00
4.000000000000000222e-01 1.852674316162413293e+00
5.000000000000000000e-01 4.820337667180217167e+00
6.000000000000000888e-01 2.569029442704529043e+00
7.000000000000000666e-01 7.000173462452586648e+00
8.000000000000000444e-01 3.378960070061103771e+00
9.000000000000000222e-01 2.136504181659383050e+00
1.000000000000000000e+00 2.070050704914518036e+00
1.100000000000000089e+00 3.254017800630767621e+00
1.200000000000000178e+00 2.002095272454620378e+00
1.300000000000000044e+00 3.133605518938934686e+00
1.400000000000000133e+00 6.788605061480868841e+00
1.500000000000000000e+00 9.216354209327349167e+00
1.600000000000000089e+00 1.672095337272355664e+01
1.700000000000000178e+00 1.034652658021185268e+01
1.800000000000000044e+00 5.279582316952950549e+00
1.900000000000000133e+00 4.499306416348863635e+00
2.000000000000000000e+00 9.318220506686319737e+00
2.100000000000000089e+00 1.682150957701197314e+01
2.200000000000000178e+00 1.035979364817085369e+01
2.300000000000000266e+00 8.066366707242231371e+00
2.400000000000000355e+00 7.748923964453940272e+00
2.500000000000000000e+00 4.230564735778503227e+00
2.600000000000000089e+00 5.206628024661490883e+00
2.700000000000000178e+00 2.319809944016603342e+00
2.800000000000000266e+00 2.508147976043948901e+00
2.900000000000000355e+00 1.686926517252161695e+00
3.000000000000000000e+00 3.194538633261542859e+00
3.100000000000000089e+00 4.192208274614409369e+00
3.200000000000000178e+00 8.493412299964035128e+00
3.300000000000000266e+00 7.385029372468892461e+00
3.400000000000000355e+00 2.871995532824338682e+01
3.500000000000000000e+00 1.707470610007847966e+01
3.600000000000000089e+00 5.721798257340116933e+00
3.700000000000000178e+00 6.027475720364096290e+00
3.800000000000000266e+00 1.040945569643848545e+00
3.900000000000000355e+00 1.932988323787950824e+00
4.000000000000000000e+00 8.316577667243370442e+00
4.100000000000000533e+00 6.903291315423519592e+00
4.200000000000000178e+00 2.850868968782863178e+01
4.299999999999999822e+00 3.211246375619516158e+01
4.400000000000000355e+00 1.223331690464366694e+01
4.500000000000000000e+00 1.154954140675551955e+01
4.600000000000000533e+00 9.847612175790647626e+00
4.700000000000000178e+00 1.106903167134022148e+01
4.800000000000000711e+00 7.138637089548929282e+00
4.900000000000000355e+00 6.840882102936840070e+00
5.000000000000000000e+00 1.519574163605934736e+01
5.100000000000000533e+00 4.975792980198972870e+00
5.200000000000000178e+00 6.367813416000676519e+00
5.300000000000000711e+00 6.736222136960430262e+00
5.400000000000000355e+00 7.557130452317594838e+00
5.500000000000000000e+00 6.047232079606526867e+00
5.600000000000000533e+00 2.600398771037943924e+00
5.700000000000000178e+00 6.363084042758322401e-01
5.800000000000000711e+00 5.407454789852225829e+00
5.900000000000000355e+00 1.640984054930755320e+01
6.000000000000000000e+00 3.716992253357234688e+01
6.100000000000000533e+00 4.953948103644866308e+01
6.200000000000000178e+00 5.695788833872209267e+01
6.300000000000000711e+00 4.317862417935516106e+01
6.400000000000000355e+00 7.079820638774745589e+01
6.500000000000000000e+00 9.986966183348837944e+01
6.600000000000000533e+00 7.253106327156906730e+01
6.700000000000000178e+00 6.346067197816357464e+01
6.800000000000000711e+00 6.060829513484906528e+01
6.900000000000000355e+00 5.047467032717814561e+01
7.000000000000000000e+00 9.753566811632023814e+01
7.100000000000000533e+00 5.798653573440807207e+01
7.200000000000000178e+00 4.004641033749629031e+01
7.300000000000000711e+00 3.984954165548931115e+01
7.400000000000000355e+00 2.929587844718295386e+01
7.500000000000000000e+00 3.615483642018678978e+01
7.600000000000000533e+00 1.950677878979198709e+01
7.700000000000000178e+00 3.177542011460197546e+00
7.800000000000000711e+00 4.157290727744243242e+00
7.900000000000000355e+00 2.747791990798983264e+01
8.000000000000000000e+00 1.952363071032264585e+01
8.099999999999999645e+00 9.331491381647003536e+00
8.200000000000001066e+00 1.664361621359928023e+01
8.300000000000000711e+00 1.879706812009082384e+01
8.400000000000000355e+00 2.390530157664122157e+01
8.500000000000000000e+00 1.676258502415910101e+01
8.599999999999999645e+00 7.038154170483145400e+00
8.700000000000001066e+00 6.464242830345615864e+00
8.800000000000000711e+00 1.099088104114782638e+01
8.900000000000000355e+00 1.260199682426553558e+01
9.000000000000000000e+00 1.677161857786630605e+01
9.099999999999999645e+00 9.576389014723616810e+00
9.200000000000001066e+00 1.089936187776519816e+01
9.300000000000000711e+00 4.854770176868598242e+00
9.400000000000000355e+00 2.048014079251093023e+00
9.500000000000000000e+00 4.852949483542961850e+00
9.600000000000001421e+00 4.164718499538283325e+00
9.700000000000001066e+00 2.143843920726588692e+00
9.800000000000000711e+00 1.326883965316186798e+00
9.900000000000000355e+00 2.693717540146695733e+00
1.000000000000000000e+01 4.701786332976861438e+00
1.010000000000000142e+01 9.216812459595695728e+00
1.020000000000000107e+01 9.120325019103491471e+00
1.030000000000000071e+01 1.883655770501478344e+01
1.040000000000000036e+01 1.505685844381519267e+01
1.050000000000000000e+01 1.496407197360304586e+01
1.060000000000000142e+01 3.273408310008102262e+01
1.070000000000000107e+01 1.552442503145702624e+01
1.080000000000000071e+01 1.008774268442380873e+01
1.090000000000000036e+01 6.305369889608250844e+00
1.100000000000000000e+01 5.320609633085148005e+00
1.110000000000000142e+01 1.206915293432962333e+00
1.120000000000000107e+01 2.718684247976139723e-01
1.130000000000000071e+01 1.931626963269492014e+00
1.140000000000000036e+01 6.913158803674493313e+00
1.150000000000000000e+01 1.128485603800953818e+01
1.160000000000000142e+01 1.157912543905310443e+01
1.170000000000000107e+01 1.060634560432911933e+01
1.180000000000000071e+01 1.070285293045542652e+01
1.190000000000000036e+01 4.453416310733641303e+00
1.200000000000000000e+01 3.822436044258608945e+00
1.210000000000000142e+01 9.354216563988430266e+00
1.220000000000000107e+01 4.746080391796768438e+00
1.230000000000000071e+01 4.015214739761101548e+00
1.240000000000000036e+01 7.012199560593723291e+00
1.250000000000000000e+01 4.923553515580273654e+00
1.260000000000000142e+01 1.817996025896346790e+00
1.270000000000000107e+01 1.896963590079207229e+00
1.280000000000000071e+01 9.020171316008137596e-01
1.290000000000000036e+01 4.309336852378091720e+00
1.300000000000000000e+01 3.473965156399797305e+00
1.310000000000000142e+01 1.914182488301745089e+00
1.320000000000000107e+01 2.447534964137020097e+00
1.330000000000000071e+01 1.696678460074690031e+00
1.340000000000000036e+01 3.171736779245498905e+00
1.350000000000000000e+01 3.681226040580603542e-01
1.360000000000000142e+01 6.130234810386131494e-01
1.370000000000000107e+01 3.725137696153040245e-01
1.380000000000000071e+01 2.955884686856555810e+00
1.390000000000000036e+01 5.927000303435320028e+00
1.400000000000000000e+01 1.812925170293521626e+00
1.410000000000000142e+01 1.553169773345174143e+00
1.420000000000000107e+01 1.835661090351812907e+00
1.430000000000000071e+01 5.069137391637664081e+00
1.440000000000000036e+01 8.453697024503150637e-01
1.450000000000000000e+01 5.151124489409103502e-01
1.460000000000000142e+01 9.481597747479048044e-01
1.470000000000000107e+01 4.348927010008324601e+00
1.480000000000000071e+01 1.266087181731313960e+00
1.490000000000000036e+01 2.789139307827249059e+00
1.500000000000000000e+01 1.095242847722204793e+01
1.510000000000000142e+01 7.468518528604526807e+00
1.520000000000000107e+01 3.917152868065127524e+00
1.530000000000000071e+01 4.702079795955083519e+00
1.540000000000000036e+01 1.999038259923878735e+00
1.550000000000000000e+01 5.390558309942470316e+00
1.560000000000000142e+01 6.520449676912553727e+00
1.570000000000000107e+01 6.276874742062413581e+00
1.580000000000000071e+01 4.343014236258753158e+00
1.590000000000000036e+01 5.659184147882571736e+00
1.600000000000000000e+01 2.386992627492384944e+00
1.610000000000000142e+01 1.149925012614193776e+00
1.619999999999999929e+01 2.298474447114133845e+00
1.630000000000000071e+01 2.717865390305950424e+00
1.640000000000000213e+01 3.578505869515991478e+00
1.650000000000000000e+01 5.034902177939915902e+00
1.660000000000000142e+01 3.948571406261804917e+00
1.669999999999999929e+01 1.082638999730231477e+00
1.680000000000000071e+01 1.581362620205767566e+00
1.690000000000000213e+01 1.594747744450715654e+00
1.700000000000000000e+01 1.348513641118882278e+00
1.710000000000000142e+01 8.024504041328903714e-01
1.719999999999999929e+01 5.024664904734288395e-01
1.730000000000000071e+01 7.299113777810207759e-01
1.740000000000000213e+01 7.113968236169393444e-01
1.750000000000000000e+01 9.216350845552557791e-01
1.760000000000000142e+01 6.562509276939539893e-01
1.769999999999999929e+01 7.963743103265373824e-01
1.780000000000000071e+01 2.125857847575798321e+00
1.790000000000000213e+01 2.648053034571848041e+00
1.800000000000000000e+01 1.184112588044695435e+00
1.810000000000000142e+01 1.917581333698595847e+00
1.819999999999999929e+01 2.188474199002261145e+00
1.830000000000000071e+01 3.399063442669481017e+00
1.840000000000000213e+01 1.581702717324399821e+01
1.850000000000000000e+01 4.327915292759023203e+00
1.860000000000000142e+01 3.555554197864716937e+00
1.869999999999999929e+01 4.845020450448314087e+00
1.880000000000000071e+01 9.105618836677192851e-01
1.890000000000000213e+01 4.223565466566409632e-01
1.900000000000000000e+01 3.391105796233277458e-01
1.910000000000000142e+01 1.104162264389079384e+00
1.920000000000000284e+01 9.489574592275578091e-01
1.930000000000000071e+01 5.352610415574012848e-01
1.940000000000000213e+01 2.202006375179496711e+00
1.950000000000000000e+01 7.747867700444813766e-01
1.960000000000000142e+01 2.222480208184181460e+00
1.970000000000000284e+01 1.220172875468240603e+00
1.980000000000000071e+01 1.277805492820097699e+00
1.990000000000000213e+01 1.157100772883049355e+00
2.000000000000000000e+01 3.814051719112506955e+00
2.010000000000000142e+01 4.060292052808437191e+00
2.020000000000000284e+01 5.354632045459320366e+00
2.030000000000000071e+01 7.617018387861237416e-01
2.040000000000000213e+01 1.546099488923086407e-01
2.050000000000000000e+01 5.417926281683329570e-01
2.060000000000000142e+01 2.613252672690113965e+00
2.070000000000000284e+01 7.437151352755274614e-01
2.080000000000000071e+01 9.180481270078201250e-01
2.090000000000000213e+01 5.795706220121761287e-01
2.100000000000000000e+01 2.169386508728820551e-01
2.110000000000000142e+01 1.746116310876990874e-01
2.120000000000000284e+01 1.887287984905050009e-01
2.130000000000000071e+01 5.644171926775033432e-01
2.140000000000000213e+01 4.065049259055474318e-01
2.150000000000000000e+01 3.203933963914432637e-01
2.160000000000000142e+01 7.984932550050679589e-01
2.170000000000000284e+01 1.737985947114537355e+00
2.180000000000000071e+01 1.364243628036761580e+00
2.190000000000000213e+01 3.644780132917436077e+00
2.200000000000000000e+01 6.489642555826835135e+00
2.210000000000000142e+01 1.630709221999817826e+00
2.220000000000000284e+01 1.818451242004634372e+00
2.230000000000000071e+01 8.297967726788683107e-01
2.240000000000000213e+01 4.028857253319498843e-01
2.250000000000000000e+01 3.158956320927546746e-01
2.260000000000000142e+01 1.320856577666839282e+00
2.270000000000000284e+01 1.895298550137874127e-01
2.280000000000000071e+01 4.770625597335849677e-01
2.290000000000000213e+01 4.889673656774736754e-01
2.300000000000000000e+01 2.867971884144112638e-01
2.310000000000000142e+01 7.605943091361050401e-01
2.320000000000000284e+01 7.410173670739296226e-01
2.330000000000000071e+01 1.836060966899400793e+00
2.340000000000000213e+01 1.070896420171198349e+00
2.350000000000000000e+01 1.702833020332005454e+00
2.360000000000000142e+01 1.545311125162427413e+00
2.370000000000000284e+01 3.652040149283867776e-01
2.380000000000000071e+01 4.825386086240093242e-01
2.390000000000000213e+01 5.917228435083388138e-01
2.400000000000000000e+01 3.725531539171339501e-01
2.410000000000000142e+01 3.645995255148893222e+00
2.420000000000000284e+01 4.782724712978431714e-01
2.430000000000000071e+01 2.429673412564254953e-01
2.440000000000000213e+01 1.937558788933729514e-01
2.450000000000000000e+01 6.451632389661499101e-01
2.460000000000000142e+01 5.231136069895848673e-01
2.470000000000000284e+01 2.340678637818518204e-01
2.480000000000000071e+01 5.907042572993569107e-02
2.490000000000000213e+01 4.853482229599856423e-01
2.500000000000000000e+01 1.281719726084197930e+00
2.510000000000000142e+01 6.224754170924031715e-01
2.520000000000000284e+01 2.460812942350759092e-01
2.530000000000000071e+01 7.427651517441974383e-02
2.540000000000000213e+01 2.780593457459504259e-01
2.550000000000000000e+01 2.063204458063297442e-01
2.560000000000000142e+01 1.668643970202848270e-01
2.570000000000000284e+01 1.909070201472919948e-01
2.580000000000000071e+01 8.935583928662912956e-02
2.590000000000000213e+01 2.314200056887885104e-01
2.600000000000000000e+01 1.147648633745378399e+00
2.610000000000000142e+01 9.405327315163038993e-01
2.620000000000000284e+01 2.859455870125778287e-01
2.630000000000000071e+01 3.070071845096906671e-01
2.640000000000000213e+01 3.784554030799556212e-01
2.650000000000000000e+01 4.113330046982177635e-01
2.660000000000000142e+01 4.316622170725668561e-01
2.670000000000000284e+01 8.423451326964496999e-02
2.680000000000000071e+01 2.297367969542208066e-01
2.690000000000000213e+01 9.641009533389575947e-02
2.700000000000000000e+01 6.977747047975543238e-01
2.710000000000000142e+01 2.072998270523456199e+00
2.720000000000000284e+01 9.732931085765951229e-01
2.730000000000000071e+01 7.053959903170413659e-01
2.740000000000000213e+01 1.833806565779229070e+00
2.750000000000000000e+01 1.000744230719476491e+00
2.760000000000000142e+01 6.216450099011371355e-01
2.770000000000000284e+01 4.991238080083663653e-01
2.780000000000000071e+01 5.125563795053452720e-01
2.790000000000000213e+01 2.443296331822927270e-01
2.800000000000000000e+01 1.637156962436745189e-01
2.810000000000000142e+01 4.786032742505507698e-01
2.820000000000000284e+01 4.101260778535602003e-01
2.830000000000000071e+01 1.365244362032992376e-01
2.840000000000000213e+01 1.142525817756430279e-01
2.850000000000000000e+01 1.211700111261629464e+00
2.860000000000000142e+01 6.640843379029579552e-01
2.870000000000000284e+01 6.642777347590205217e-01
2.880000000000000071e+01 7.968969738485187637e-01
2.890000000000000213e+01 2.140543344898374611e-01
2.900000000000000000e+01 3.719987349024132528e-01
2.910000000000000142e+01 1.125836984611405356e+00
2.920000000000000284e+01 1.586397513698599937e+00
2.930000000000000071e+01 6.346022786425897788e-01
2.940000000000000213e+01 6.059675087843524599e-01
2.950000000000000000e+01 1.631824519777589133e+00
2.960000000000000142e+01 1.121940663770173874e+00
2.970000000000000284e+01 7.198550186227896663e-01
2.980000000000000071e+01 1.088951883396835685e+00
2.990000000000000213e+01 2.990252828427490406e-01
3.000000000000000000e+01 7.976983901006560185e-01
3.010000000000000142e+01 1.748698690252495247e+00
3.020000000000000284e+01 5.852495780218111676e+00
3.030000000000000071e+01 7.951992701721516399e-01
3.040000000000000213e+01 9.576378087616639334e-01
3.050000000000000000e+01 3.897441788122563144e-01
3.060000000000000142e+01 2.381950863022380904e+00
3.070000000000000284e+01 1.618119658605593258e+00
3.080000000000000071e+01 1.450714219781402248e+00
3.090000000000000213e+01 2.170449654813263685e+00
3.100000000000000000e+01 4.775006532755723399e-01
3.110000000000000142e+01 4.564331558580259629e-01
3.120000000000000284e+01 1.352166595978472108e+00
3.130000000000000071e+01 6.196042871389336737e-01
3.140000000000000213e+01 4.586613360942795037e-01
3.150000000000000000e+01 5.756411914910225525e-01
3.160000000000000142e+01 1.532801749667229929e+00
3.170000000000000284e+01 1.014611489961406265e+00
3.180000000000000071e+01 1.012682967554384472e+00
3.190000000000000213e+01 3.530767559303910286e+00
3.200000000000000000e+01 7.962906701629438588e-01
3.210000000000000142e+01 1.032608165809838496e+00
3.220000000000000284e+01 1.918641702618606004e+00
3.230000000000000426e+01 1.051127778409526092e+00
3.239999999999999858e+01 3.378022249796007181e-01
3.250000000000000000e+01 7.456010208462514610e-01
3.260000000000000142e+01 1.150403338709581114e+00
3.270000000000000284e+01 5.662007517020122283e-01
3.280000000000000426e+01 2.566194598104204472e-01
3.289999999999999858e+01 2.867747190113528188e-01
3.300000000000000000e+01 1.236892549848437051e-01
3.310000000000000142e+01 1.317209110013467521e-01
3.320000000000000284e+01 1.826208978509291647e-01
3.330000000000000426e+01 1.344410302320597772e-01
3.339999999999999858e+01 2.444189939407394596e-01
3.350000000000000000e+01 9.062600939364334751e-02
3.360000000000000142e+01 5.293560467099277522e-01
3.370000000000000284e+01 4.229206029300657810e-01
3.380000000000000426e+01 1.871434491131090117e-01
3.389999999999999858e+01 3.724656815916524422e-01
3.400000000000000000e+01 1.780402241047136513e+00
3.410000000000000142e+01 1.262650941669346549e+00
3.420000000000000284e+01 1.564406367567351630e+00
3.430000000000000426e+01 1.903375482593175905e+00
3.439999999999999858e+01 1.779052846516893105e+00
3.450000000000000000e+01 7.782499543791627783e-01
3.460000000000000142e+01 3.646526070502020267e-01
3.470000000000000284e+01 3.376344073034340809e-01
3.480000000000000426e+01 3.386970966311192432e-01
3.489999999999999858e+01 7.329541721919539121e-01
3.500000000000000000e+01 9.844282431404195455e-01
3.510000000000000142e+01 3.579709368277134707e-01
3.520000000000000284e+01 5.668071329888793031e-01
3.530000000000000426e+01 9.366243680322464682e-01
3.539999999999999858e+01 2.987129119318965742e+00
3.550000000000000000e+01 3.540064887909970093e+00
3.560000000000000142e+01 6.645861188838657618e-01
3.570000000000000284e+01 1.228569363178420693e+00
3.580000000000000426e+01 1.373562790967037817e+00
3.589999999999999858e+01 2.185950451405198169e+00
3.600000000000000000e+01 1.551486469002105961e+00
3.610000000000000142e+01 1.338400503020779952e+00
3.620000000000000284e+01 1.434224043569555018e+00
3.630000000000000426e+01 2.010191683212357638e+00
3.639999999999999858e+01 3.560300676461570224e-01
3.650000000000000000e+01 7.372939990538970312e-01
3.660000000000000142e+01 3.620976930072648536e-01
3.670000000000000284e+01 2.445554148728421862e-01
3.680000000000000426e+01 8.668769500520773219e-01
3.689999999999999858e+01 1.012179339368182385e+00
3.700000000000000000e+01 1.238995467641937465e+00
3.710000000000000142e+01 7.811828786895779198e-01
3.720000000000000284e+01 4.333553218918067551e-01
3.730000000000000426e+01 3.464549335849206324e-01
3.739999999999999858e+01 7.889896792775380474e-02
3.750000000000000000e+01 2.533851072174139185e-01
3.760000000000000142e+01 2.659701305438560981e-01
3.770000000000000284e+01 2.358769128222519273e-01
3.780000000000000426e+01 4.045021925645081451e-01
3.789999999999999858e+01 8.369598615025997113e-02
3.800000000000000000e+01 6.035766236777680843e-02
3.810000000000000142e+01 1.125517528793993915e-01
3.820000000000000284e+01 3.550498486208171212e-01
3.830000000000000426e+01 2.236880742427239388e-01
3.840000000000000568e+01 6.028982512012804884e-01
3.850000000000000000e+01 2.727414560421132506e-01
3.860000000000000142e+01 1.733812455875147207e-01
3.870000000000000284e+01 3.979958868851923293e-01
3.880000000000000426e+01 2.495635697687747512e-01
3.890000000000000568e+01 7.547958859595116365e-02
3.900000000000000000e+01 1.101494415035357000e-01
3.910000000000000142e+01 1.974979983288089325e-01
3.920000000000000284e+01 6.242430173934133270e-02
3.930000000000000426e+01 2.607418691851547815e-02
3.940000000000000568e+01 7.427806871769349062e-02
3.950000000000000000e+01 1.369673445535797007e-01
3.960000000000000142e+01 2.118196751602557659e-01
3.970000000000000284e+01 2.594503264765558037e-01
3.980000000000000426e+01 2.433459657028943790e-01
3.990000000000000568e+01 3.151401230523064728e-02
4.000000000000000000e+01 2.123469953710168875e-02
4.010000000000000142e+01 3.877395634726163443e-02
4.020000000000000284e+01 2.403048698368242808e-01
4.030000000000000426e+01 2.760587243906108545e-01
4.040000000000000568e+01 4.270873424599009871e-01
4.050000000000000000e+01 1.389523639608499228e-01
4.060000000000000142e+01 1.642813986177390218e-01
4.070000000000000284e+01 1.081861635320816861e-01
4.080000000000000426e+01 2.862759791152358901e-01
4.090000000000000568e+01 1.141125782060449373e-01
4.100000000000000000e+01 4.540084065846136663e-01
4.110000000000000142e+01 7.935903431228637228e-02
4.120000000000000284e+01 2.848812102929543233e-01
4.130000000000000426e+01 5.578669881721195489e-01
4.140000000000000568e+01 9.273647931091662244e-02
4.150000000000000000e+01 8.092926804570993449e-02
4.160000000000000142e+01 7.147903160582599891e-02
4.170000000000000284e+01 2.013454801201507716e-01
4.180000000000000426e+01 2.362967674989780165e-01
4.190000000000000568e+01 2.084364399213902153e-01
4.200000000000000000e+01 2.193579795970214408e-01
4.210000000000000142e+01 1.494174858738934186e-01
4.220000000000000284e+01 6.554201710813345461e-01
4.230000000000000426e+01 3.843834899379868775e-01
4.240000000000000568e+01 3.815373349286733662e-01
4.250000000000000000e+01 6.431855396357905041e-01
4.260000000000000142e+01 3.232448338582089020e-01
4.270000000000000284e+01 2.912220401184510976e-01
4.280000000000000426e+01 1.186379010969474124e-01
4.290000000000000568e+01 5.929720462278464943e-02
4.300000000000000000e+01 9.669211235381502956e-02
4.310000000000000142e+01 2.143076045955897013e-01
4.320000000000000284e+01 2.141640928039218461e-01
4.330000000000000426e+01 1.003056181647400402e-01
4.340000000000000568e+01 7.623170058591463571e-02
4.350000000000000000e+01 9.434128480712565545e-02
4.360000000000000142e+01 1.681942605800970658e-01
4.370000000000000284e+01 1.081517613261406552e-01
4.380000000000000426e+01 5.764622421082038484e-01
4.390000000000000568e+01 6.558203262627382291e-01
4.400000000000000000e+01 1.249082547220003114e+00
4.410000000000000142e+01 1.952527020016961101e+00
4.420000000000000284e+01 7.681963777729822196e-01
4.430000000000000426e+01 1.753766055936718249e-01
4.440000000000000568e+01 4.908098414172517576e-01
4.450000000000000000e+01 9.826408420926356913e-01
4.460000000000000142e+01 5.670291323419135443e-01
4.470000000000000284e+01 8.876200115296380977e-01
4.480000000000000426e+01 7.194265961542497534e-01
4.490000000000000568e+01 1.320740622987216062e+00
4.500000000000000000e+01 5.217462510268363607e-01
4.510000000000000142e+01 3.577127549101606907e-01
4.520000000000000284e+01 9.523626622157360666e-02
4.530000000000000426e+01 3.955271503169963121e-01
4.540000000000000568e+01 9.217778659842398303e-01
4.550000000000000000e+01 2.344764566728740895e-01
4.560000000000000142e+01 1.729699868009753061e-01
4.570000000000000284e+01 7.283629718291562138e-01
4.580000000000000426e+01 8.961553138299110932e-01
4.590000000000000568e+01 1.786648413993105811e+00
4.600000000000000000e+01 1.886394858465870961e+00
4.610000000000000142e+01 3.052646879023136250e+00
4.620000000000000284e+01 1.587849111527707802e+00
4.630000000000000426e+01 7.518009538117584878e-01
4.640000000000000568e+01 1.975915359725726628e+00
4.650000000000000000e+01 4.260090116702641261e+00
4.660000000000000142e+01 1.182540443279462838e+00
4.670000000000000284e+01 4.741409235477697659e-01
4.680000000000000426e+01 7.099819580147401776e-01
4.690000000000000568e+01 3.526374710607714791e-01
4.700000000000000000e+01 8.225602093715508323e-01
4.710000000000000142e+01 8.353111886234029781e-02
4.720000000000000284e+01 1.471219351219035520e-01
4.730000000000000426e+01 1.013473581231300047e-01
4.740000000000000568e+01 1.277652883641570147e-01
4.750000000000000000e+01 2.179640829216950293e-01
4.760000000000000142e+01 9.619102880400987043e-02
4.770000000000000284e+01 1.809966569256415414e-01
4.780000000000000426e+01 1.911223308364616846e-01
4.790000000000000568e+01 7.071391484287867790e-01
4.800000000000000000e+01 3.500110221498154983e-01
4.810000000000000142e+01 1.918903140528604445e-01
4.820000000000000284e+01 2.546198725037359112e-01
4.830000000000000426e+01 2.266521462177929491e-01
4.840000000000000568e+01 1.793565884360081297e-01
4.850000000000000000e+01 1.449225667065562329e-01
4.860000000000000142e+01 1.406085903681110749e-01
4.870000000000000284e+01 6.850026046099152999e-02
4.880000000000000426e+01 5.778333268390532795e-02
4.890000000000000568e+01 8.459932782368176363e-02
4.900000000000000000e+01 1.079124465710943892e-01
4.910000000000000142e+01 3.635979600394074335e-02
4.920000000000000284e+01 2.081104884117240469e-02
4.930000000000000426e+01 3.634211464715143836e-02
4.940000000000000568e+01 2.372002596669527119e-01
4.950000000000000000e+01 3.159472776304537711e-01
4.960000000000000142e+01 3.733490073243260210e-01
4.970000000000000284e+01 4.153574105045625409e-01
4.980000000000000426e+01 1.225543256065998177e-01
4.990000000000000568e+01 1.779646979219776104e-01
5.000000000000000000e+01 4.211305871649069221e-01
5.010000000000000142e+01 5.874791749108941863e-01
5.020000000000000284e+01 9.037251387877170972e-01
5.030000000000000426e+01 1.559183133971610902e+00
5.040000000000000568e+01 6.803009828346878729e-01
5.050000000000000000e+01 2.185216109911697346e-01
5.060000000000000142e+01 2.965297327701018615e-01
5.070000000000000284e+01 6.685706678602868491e-01
5.080000000000000426e+01 6.053774216272989062e-01
5.090000000000000568e+01 1.537659975638752341e+00
5.100000000000000000e+01 8.459226961950011558e-01
5.110000000000000142e+01 4.328043228672983744e+00
5.120000000000000284e+01 8.083376845865073435e+00
5.130000000000000426e+01 2.613132689655683905e+00
5.140000000000000568e+01 3.447827809717035397e+00
5.150000000000000000e+01 1.756712799636711120e+00
5.160000000000000142e+01 1.463195576317587676e+00
5.170000000000000284e+01 1.147171057429793084e+00
5.180000000000000426e+01 9.179793689103081800e-01
5.190000000000000568e+01 1.123781951086779696e+00
5.200000000000000000e+01 1.948043971508757188e+00
5.210000000000000142e+01 1.921098265240875458e+00
5.220000000000000284e+01 2.163756512472439386e+00
5.230000000000000426e+01 2.249071829642447451e+00
5.240000000000000568e+01 2.712398088321581469e+00
5.250000000000000000e+01 1.509646124328362315e+00
5.260000000000000142e+01 1.429506543479057257e+00
5.270000000000000284e+01 1.610575721613222600e+00
5.280000000000000426e+01 2.526400191941941209e+00
5.290000000000000568e+01 2.837209552890567643e+00
5.300000000000000000e+01 6.133337015158872418e+00
5.310000000000000142e+01 2.940548627151283068e+00
5.320000000000000284e+01 9.463161883628091076e+00
5.330000000000000426e+01 4.437947439394033466e+00
5.340000000000000568e+01 2.730860135657610654e-01
5.350000000000000000e+01 1.258484812177656131e+01
5.360000000000000142e+01 3.425710787940637214e+00
5.370000000000000284e+01 3.566301844993637449e+00
5.380000000000000426e+01 4.219913197266611959e+00
5.390000000000000568e+01 3.341062365790137823e-01
5.400000000000000000e+01 1.212389154842313355e+00
5.410000000000000142e+01 5.843093120990767275e+00
5.420000000000000284e+01 1.206952308939867713e+00
5.430000000000000426e+01 3.083785616309588473e+00
5.440000000000000568e+01 3.861556064431876045e+00
5.450000000000000000e+01 6.711332708763342758e+00
5.460000000000000142e+01 1.207942813397115245e+01
5.470000000000000284e+01 2.387807315591672364e+01
5.480000000000000426e+01 1.345902318392231756e+01
5.490000000000000568e+01 3.097859806234566804e+00
5.500000000000000000e+01 2.239368124708795094e+00
5.510000000000000142e+01 1.260545353238530009e+00
5.520000000000000284e+01 1.647390151146824522e+00
5.530000000000000426e+01 1.135381820940865261e+00
5.540000000000000568e+01 1.557721477767232576e+00
5.550000000000000000e+01 1.275060412448017377e+00
5.560000000000000142e+01 4.845711811998226537e+00
5.570000000000000284e+01 4.934651037806614404e+00
5.580000000000000426e+01 4.150603374159537395e+00
5.590000000000000568e+01 2.311307298453326720e+00
5.600000000000000000e+01 2.287131834786133133e+00
5.610000000000000142e+01 1.157413629716401271e+00
5.620000000000000284e+01 1.423143038580755748e+00
5.630000000000000426e+01 1.307691857575993266e+00
5.640000000000000568e+01 3.939298963227322758e+00
5.650000000000000000e+01 4.813441180292174160e+00
5.660000000000000142e+01 3.041960401678990511e+00
5.670000000000000284e+01 1.925148434264415398e+00
5.680000000000000426e+01 1.010071292263109211e+00
5.690000000000000568e+01 1.094638163020303701e+00
5.700000000000000000e+01 1.332275607308069043e+00
5.710000000000000142e+01 2.498169778990358303e+00
5.720000000000000284e+01 3.939474698960118371e+00
5.730000000000000426e+01 3.534985496359939638e+00
5.740000000000000568e+01 5.772392418584584739e+00
5.750000000000000000e+01 4.371854447636796870e+00
5.760000000000000142e+01 4.826704906034906983e+00
5.770000000000000284e+01 1.659725980284918689e+00
5.780000000000000426e+01 1.880467343986337969e+00
5.790000000000000568e+01 2.263286042469049519e+00
5.800000000000000000e+01 3.544650578273734531e+00
5.810000000000000142e+01 3.231986679180221866e+00
5.820000000000000284e+01 1.973732241437776036e+00
5.830000000000000426e+01 1.281425368523429809e+00
5.840000000000000568e+01 1.359309898949034867e+00
5.850000000000000000e+01 1.066187276867409217e+00
5.860000000000000142e+01 1.277535819745021062e+00
5.870000000000000284e+01 1.331168769929313322e+00
5.880000000000000426e+01 9.975252024136643803e-01
5.890000000000000568e+01 2.435334867586784746e+00
5.900000000000000000e+01 5.178838021929460744e+00
5.910000000000000142e+01 6.554160085439567851e+00
5.920000000000000284e+01 9.947466643167647504e+00
5.930000000000000426e+01 6.900628512955354843e+00
5.940000000000000568e+01 2.547680343141938586e+00
5.950000000000000000e+01 2.142045760629392337e+00
5.960000000000000142e+01 2.936564693314960728e+00
5.970000000000000284e+01 2.618730478600090450e+00
5.980000000000000426e+01 3.791817928851075159e+00
5.990000000000000568e+01 4.838395734402228143e+00
6.000000000000000000e+01 8.087691073658950458e+00
6.010000000000000142e+01 1.406404175023124026e+01
6.020000000000000284e+01 2.139071277389404102e+01
6.030000000000000426e+01 1.728766162096221848e+01
6.040000000000000568e+01 4.081273441705482341e+00
6.050000000000000000e+01 7.490530008798398365e-01
6.060000000000000142e+01 3.984528280767399178e+00
6.070000000000000284e+01 9.467447348826313336e-01
6.080000000000000426e+01 2.985581377236711242e-01
6.090000000000000568e+01 2.343181146729038655e-01
6.100000000000000000e+01 1.913907068354830265e+00
6.110000000000000142e+01 3.940118248737191742e+00
6.120000000000000284e+01 2.681408411745766607e+00
6.130000000000000426e+01 8.242705825679247367e-01
6.140000000000000568e+01 7.156002084587651524e-01
6.150000000000000000e+01 1.158000569122394019e+00
6.160000000000000142e+01 1.676427293487438686e+00
6.170000000000000284e+01 2.896461172811104490e+00
6.180000000000000426e+01 1.476356268579490649e+00
6.190000000000000568e+01 9.718273034190054727e-01
6.200000000000000000e+01 7.141652552038308954e-01
6.210000000000000142e+01 1.873056686689475780e+00
6.220000000000000284e+01 8.056248985646804472e-01
6.230000000000000426e+01 2.095045554179953307e+00
6.240000000000000568e+01 3.331416327898054086e-01
6.250000000000000000e+01 4.971576891816547050e-01
6.260000000000000142e+01 1.121335093789542547e+00
6.270000000000000284e+01 9.448260442422444783e-01
6.280000000000000426e+01 8.366277289107991455e-02
6.290000000000000568e+01 3.072616805936659312e-01
6.300000000000000000e+01 4.876188066321629488e-01
6.310000000000000142e+01 2.590305155943935400e+00
6.320000000000000284e+01 1.376627903021996113e+00
6.330000000000000426e+01 4.776482270810628594e-01
6.340000000000000568e+01 8.990728910700701570e-01
6.350000000000000000e+01 5.785982975162741182e-01
6.360000000000000142e+01 1.203287288588263282e+00
6.370000000000000284e+01 2.021993880853643344e-01
6.380000000000000426e+01 1.449116291897662168e-01
6.390000000000000568e+01 2.633185761906678413e-02
6.400000000000000000e+01 6.059224167820854989e-02
6.410000000000000853e+01 6.377710310737302879e-02
6.420000000000000284e+01 6.591763104124843953e-02
6.429999999999999716e+01 8.608038744787188667e-02
6.440000000000000568e+01 1.559957084753185730e-01
6.450000000000000000e+01 1.311678106262509080e-01
6.460000000000000853e+01 6.033606902026553698e-01
6.470000000000000284e+01 1.786147129759665941e-01
6.479999999999999716e+01 2.680766811814332407e-01
6.490000000000000568e+01 2.009215835538573913e-01
6.500000000000000000e+01 1.827287712705812917e-01
6.510000000000000853e+01 3.461599695932386367e-01
6.520000000000000284e+01 1.929184664677372207e-01
6.529999999999999716e+01 2.663018887475113172e-01
6.540000000000000568e+01 5.668283203749851368e-02
6.550000000000000000e+01 3.952786740145183275e-01
6.560000000000000853e+01 6.764646109287351938e-02
6.570000000000000284e+01 5.708114466464078024e-02
6.579999999999999716e+01 3.538472164881518722e-01
6.590000000000000568e+01 3.216948069248297681e-01
6.600000000000000000e+01 1.374792301074924394e-01
6.610000000000000853e+01 5.798715660251754223e-01
6.620000000000000284e+01 1.406360795678526787e-01
6.629999999999999716e+01 1.065980986264735975e-01
6.640000000000000568e+01 5.850594482803701535e-01
6.650000000000000000e+01 1.047488240386460712e+00
6.660000000000000853e+01 2.937321744136769830e+00
6.670000000000000284e+01 4.385958148558915859e+00
6.679999999999999716e+01 3.420330336033336138e+00
6.690000000000000568e+01 3.863876700081949611e+00
6.700000000000000000e+01 3.843453821159971362e+00
6.710000000000000853e+01 2.949455427477984060e+00
6.720000000000000284e+01 1.106562198273076669e+00
6.729999999999999716e+01 1.973528589629566898e+00
6.740000000000000568e+01 3.623448150182131955e-01
6.750000000000000000e+01 1.604476631648501517e+00
6.760000000000000853e+01 4.735690186314585048e-01
6.770000000000000284e+01 3.452546849055410649e-01
6.779999999999999716e+01 1.645904695744790924e-01
6.790000000000000568e+01 1.104479762088917960e+00
6.800000000000000000e+01 1.046833450213370043e+00
6.810000000000000853e+01 1.609591821617892826e-01
6.820000000000000284e+01 6.434455115538924019e-01
6.829999999999999716e+01 3.818548582514183498e-01
6.840000000000000568e+01 3.217157874714354104e+00
6.850000000000000000e+01 2.354544214145914971e+00
6.860000000000000853e+01 2.085283044353767767e+00
6.870000000000000284e+01 1.232386215216845438e+00
6.879999999999999716e+01 2.663229683110148294e+00
6.890000000000000568e+01 1.421649862731181102e+00
6.900000000000000000e+01 6.091185238974572425e-01
6.910000000000000853e+01 1.437502166095219858e+00
6.920000000000000284e+01 9.613466655421121221e-01
6.929999999999999716e+01 5.685927005519627597e-01
6.940000000000000568e+01 1.083443013040722436e+00
6.950000000000000000e+01 1.539678264963367238e-01
6.960000000000000853e+01 1.797894936997029014e-01
6.970000000000000284e+01 7.267364683090636879e-01
6.979999999999999716e+01 4.170895235552030123e-01
6.990000000000000568e+01 4.849461031156888646e-01
7.000000000000000000e+01 1.217992503631442625e-01
7.010000000000000853e+01 1.694759859184733208e-01
7.020000000000000284e+01 2.083498637274133758e-01
7.029999999999999716e+01 1.261562827709078183e-01
7.040000000000000568e+01 1.204326226838565994e-01
7.050000000000000000e+01 3.528344842089096711e-01
7.060000000000000853e+01 2.069230520975749443e-01
7.070000000000000284e+01 5.303958018266891061e-01
7.079999999999999716e+01 4.544788789570106124e-01
7.090000000000000568e+01 7.439472818183850977e-02
7.100000000000000000e+01 4.571906774140061525e-01
7.110000000000000853e+01 8.082977711458061432e-01
7.120000000000000284e+01 2.140463725523817640e-01
7.129999999999999716e+01 2.636571806938046159e-01
7.140000000000000568e+01 5.332960463981324395e-01
7.150000000000000000e+01 2.616529278154406390e-01
7.160000000000000853e+01 3.344721268896101996e-01
7.170000000000000284e+01 4.270422635977643711e-01
7.179999999999999716e+01 4.484913544669214547e-01
7.190000000000000568e+01 2.250298335641155445e-01
7.200000000000000000e+01 3.106586846305245397e-01
7.210000000000000853e+01 1.544789559657571698e-01
7.220000000000000284e+01 1.075317300761725881e-01
7.229999999999999716e+01 2.805473831401620877e-01
7.240000000000000568e+01 1.267680896342577024e-01
7.250000000000000000e+01 3.103818444937235244e-01
7.260000000000000853e+01 4.652432212352867191e-01
7.270000000000000284e+01 2.294975292596004857e-01
7.279999999999999716e+01 9.983048747460063210e-02
7.290000000000000568e+01 7.522247727168010489e-02
7.300000000000000000e+01 6.216410803013862341e-02
7.310000000000000853e+01 8.353367194870812973e-02
7.320000000000000284e+01 6.864994259825872580e-02
7.329999999999999716e+01 8.162460418999781253e-02
7.340000000000000568e+01 5.571472606052830789e-01
7.350000000000000000e+01 5.573634642665817318e-02
7.360000000000000853e+01 4.361591189377306277e-02
7.370000000000000284e+01 7.341455789725005732e-02
7.379999999999999716e+01 5.473332762125421996e-02
7.390000000000000568e+01 2.360306291315750205e-01
7.400000000000000000e+01 5.388592421467033183e-02
7.410000000000000853e+01 8.990850673933087345e-02
7.420000000000000284e+01 2.566305218935158727e-01
7.429999999999999716e+01 5.442668991165453551e-01
7.440000000000000568e+01 1.177946697160596329e-01
7.450000000000000000e+01 8.033320594603042819e-01
7.460000000000000853e+01 5.198539546965044167e-01
7.470000000000000284e+01 2.886032717230443412e-01
7.479999999999999716e+01 1.981668402169292909e-01
7.490000000000000568e+01 3.811283654194118631e-01
7.500000000000000000e+01 5.335046635873696985e-01
7.510000000000000853e+01 7.880242693853121150e-01
7.520000000000000284e+01 4.999445502762561166e-01
7.529999999999999716e+01 5.062332083659215609e-01
7.540000000000000568e+01 2.470584189208216708e-01
7.550000000000000000e+01 2.150591868461240175e-01
7.560000000000000853e+01 5.183259997909680505e-01
7.570000000000000284e+01 8.860370242596837809e-01
7.579999999999999716e+01 1.194266257083417715e+00
7.590000000000000568e+01 6.265222342227235730e-01
7.600000000000000000e+01 3.689645952574442389e-01
7.610000000000000853e+01 1.242256948796983451e+00
7.620000000000000284e+01 1.000244903344392755e+00
7.629999999999999716e+01 6.198477874518578679e-01
7.640000000000000568e+01 9.192773677780372577e-01
7.650000000000000000e+01 4.697798869249407705e-01
7.660000000000000853e+01 7.458250516895107429e-01
7.670000000000000284e+01 1.114670037968079619e+00
7.680000000000001137e+01 3.650258192435735349e+00
7.690000000000000568e+01 9.193551299012798772e-01
7.700000000000000000e+01 7.922742947678385050e-01
7.710000000000000853e+01 6.213996229753984135e-01
7.720000000000000284e+01 1.272446456573373963e+00
7.730000000000001137e+01 1.319082177486825547e+00
7.740000000000000568e+01 8.823467117452162833e-01
7.750000000000000000e+01 9.745895928029479904e-01
7.760000000000000853e+01 3.504252575986460894e+00
7.770000000000000284e+01 2.637601989896665611e+00
7.780000000000001137e+01 7.796143210781969479e-01
7.790000000000000568e+01 2.173243371612559038e-01
7.800000000000000000e+01 1.721497653200602385e-01
7.810000000000000853e+01 1.905535496607556167e+00
7.820000000000000284e+01 1.358223247898721953e+00
7.830000000000001137e+01 1.017781965500425434e+00
7.840000000000000568e+01 1.059044466469899692e+00
7.850000000000000000e+01 3.148176122516456399e+00
7.860000000000000853e+01 1.302670830771917476e+00
7.870000000000000284e+01 1.656165900446267880e+00
7.880000000000001137e+01 1.402389718957203879e+00
7.890000000000000568e+01 1.231230699283430319e+00
7.900000000000000000e+01 1.858923950813953674e+00
7.910000000000000853e+01 2.669475494165269858e+00
7.920000000000000284e+01 1.085804636883246799e+00
7.930000000000001137e+01 5.983494775857309822e-01
7.940000000000000568e+01 2.147634540008036830e-01
7.950000000000000000e+01 4.806887307913405571e-01
7.960000000000000853e+01 1.640563369517964998e-01
7.970000000000000284e+01 2.700009272509109812e-02
7.980000000000001137e+01 3.875398828117204014e-02
7.990000000000000568e+01 1.462128355231794574e-01
8.000000000000000000e+01 4.676177438004181508e-01
8.010000000000000853e+01 2.985213781949111578e+01
8.020000000000000284e+01 1.858728348012855065e+02
8.030000000000001137e+01 8.897238747870801490e+00
8.040000000000000568e+01 6.356289070128946506e-01
8.050000000000000000e+01 2.227147309240408435e-01
8.060000000000000853e+01 5.920346648677164009e-02
8.070000000000000284e+01 5.617833821364723312e-02
8.080000000000001137e+01 5.112044192065481329e-01
8.090000000000000568e+01 8.844129097818673735e-01
8.100000000000000000e+01 2.099488321414932357e-01
8.110000000000000853e+01 5.133583868501735425e-01
8.120000000000000284e+01 1.398692420185087659e+00
8.130000000000001137e+01 2.718156542518978203e+00
8.140000000000000568e+01 1.738003251953775807e+00
8.150000000000000000e+01 4.543963407145834577e-01
8.160000000000000853e+01 8.562012982470931233e-01
8.170000000000000284e+01 1.624429739927182981e+00
8.180000000000001137e+01 1.691491714284814485e+00
8.190000000000000568e+01 2.744551393357612223e+00
8.200000000000000000e+01 5.650763941779851640e-01
8.210000000000000853e+01 5.855275314302202938e-01
8.220000000000000284e+01 1.744762473157914773e+00
8.230000000000001137e+01 2.294470941039957967e+00
8.240000000000000568e+01 2.383806187353290362e-01
8.250000000000000000e+01 5.335107119522877195e-01
8.260000000000000853e+01 1.062256632158351977e+00
8.270000000000000284e+01 3.182179081276225396e+00
8.280000000000001137e+01 3.105547634383208688e+00
8.290000000000000568e+01 2.933659488656486403e+00
8.300000000000000000e+01 3.542584858381071289e+00
8.310000000000000853e+01 3.569395402617137059e+00
8.320000000000000284e+01 3.199811462704903686e+00
8.330000000000001137e+01 6.722946696400747824e-01
8.340000000000000568e+01 7.578124037362916621e-01
8.350000000000000000e+01 1.268561809140721142e+00
8.360000000000000853e+01 3.449751914401210318e+00
8.370000000000000284e+01 9.405988923784939226e-01
8.380000000000001137e+01 8.098381891921964115e-01
8.390000000000000568e+01 3.407729369264403951e-01
8.400000000000000000e+01 7.603820747761004251e-01
8.410000000000000853e+01 3.036624389364707133e-01
8.420000000000000284e+01 5.714853494465157446e-01
8.430000000000001137e+01 8.039477006549409221e-01
8.440000000000000568e+01 5.652053614334764386e-01
8.450000000000000000e+01 1.166207531156421506e+00
8.460000000000000853e+01 2.491719454701389669e+00
8.470000000000000284e+01 1.475697109691270326e+00
8.480000000000001137e+01 8.557778708926946365e-01
8.490000000000000568e+01 5.530990475835351194e-01
8.500000000000000000e+01 5.804953569360785659e-01
8.510000000000000853e+01 7.731507248285911515e-01
8.520000000000000284e+01 7.567688946755400936e-01
8.530000000000001137e+01 1.004824968203956947e+00
8.540000000000000568e+01 7.443019788458429264e-01
8.550000000000000000e+01 4.801890084836888395e-01
8.560000000000000853e+01 1.764912637015516872e-01
8.570000000000000284e+01 3.030958078998323701e-01
8.580000000000001137e+01 6.252630046510940787e-01
8.590000000000000568e+01 1.136579333199303044e+00
8.600000000000000000e+01 1.623313320839205043e-01
8.610000000000000853e+01 3.687335129919351306e-01
8.620000000000000284e+01 5.646813428963359804e-01
8.630000000000001137e+01 4.663384598043481821e-01
8.640000000000000568e+01 4.706209195771514087e-01
8.650000000000000000e+01 1.885329122966383331e+00
8.660000000000000853e+01 1.228638436287535357e-01
8.670000000000000284e+01 4.735027402632609461e-01
8.680000000000001137e+01 1.288618382458566469e-01
8.690000000000000568e+01 1.180563602852480881e-01
8.700000000000000000e+01 1.205981278458894357e+00
8.710000000000000853e+01 1.605687976046230314e-01
8.720000000000000284e+01 3.556274647053094262e-01
8.730000000000001137e+01 2.734477207216591821e-01
8.740000000000000568e+01 1.521814080165533600e-01
8.750000000000000000e+01 8.075875954672843970e-02
8.760000000000000853e+01 9.811999206957007502e-02
8.770000000000000284e+01 2.100665135646722637e-01
8.780000000000001137e+01 3.424325134456723263e-01
8.790000000000000568e+01 3.119621340661861697e-01
8.800000000000000000e+01 1.766406505097246060e-01
8.810000000000000853e+01 2.666007688541720544e-01
8.820000000000000284e+01 1.508496281467024414e-01
8.830000000000001137e+01 4.664273334982245722e-01
8.840000000000000568e+01 5.238975049789075245e-01
8.850000000000000000e+01 4.845555892593068070e-01
8.860000000000000853e+01 4.494650990218714837e-01
8.870000000000000284e+01 4.136707723747945487e-01
8.880000000000001137e+01 3.456320423999325042e-01
8.890000000000000568e+01 5.406408580590056356e-01
8.900000000000000000e+01 6.072610672006567567e-01
8.910000000000000853e+01 3.538722998360332439e-01
8.920000000000000284e+01 6.985312572603130654e-01
8.930000000000001137e+01 4.995285102282197798e+00
8.940000000000000568e+01 2.952618845881452181e+00
8.950000000000000000e+01 4.655692599823523792e-01
8.960000000000000853e+01 1.494295087724870408e+00
8.970000000000000284e+01 1.030042017227818629e+00
8.980000000000001137e+01 1.602209307985751563e+00
8.990000000000000568e+01 6.279273408709091342e+00
9.000000000000000000e+01 2.207652729651683021e+00
9.010000000000000853e+01 9.248007825152931849e-01
9.020000000000000284e+01 6.658760461839331457e-01
9.030000000000001137e+01 6.558921635768389935e-01
9.040000000000000568e+01 6.566137302144485766e-01
9.050000000000000000e+01 1.151838545344360476e+00
9.060000000000000853e+01 7.727902434711643176e-01
9.070000000000000284e+01 2.961190540224145629e+00
9.080000000000001137e+01 1.385556650655043631e+00
9.090000000000000568e+01 1.756228637887314203e+00
9.100000000000000000e+01 3.660926311273760447e+00
9.110000000000000853e+01 1.730503098586654964e+00
9.120000000000000284e+01 2.575912794360823987e+00
9.130000000000001137e+01 1.084972772549656295e+00
9.140000000000000568e+01 5.312926292112407634e-01
9.150000000000000000e+01 2.171014458916056267e+00
9.160000000000000853e+01 2.350531423613236637e+00
9.170000000000000284e+01 2.497173516846495023e+00
9.180000000000001137e+01 4.649669420218754290e+00
9.190000000000000568e+01 3.995954419822036918e+00
9.200000000000000000e+01 5.590948394492641249e+00
9.210000000000000853e+01 1.229616537253257924e+00
9.220000000000000284e+01 7.152110855622112462e-01
9.230000000000001137e+01 2.772230289653181412e-01
9.240000000000000568e+01 3.881845121506518836e+00
9.250000000000000000e+01 1.601364844369228324e+00
9.260000000000000853e+01 5.658159492838398252e-01
9.270000000000000284e+01 1.750232177005617284e+00
9.280000000000001137e+01 5.861372670106526073e-01
9.290000000000000568e+01 2.597909154913309315e+00
9.300000000000000000e+01 3.419286571714829082e-01
9.310000000000000853e+01 4.651770181908246871e-01
9.320000000000000284e+01 1.305397069934082777e-01
9.330000000000001137e+01 2.737994286820691903e-01
9.340000000000000568e+01 2.166614784167134322e-01
9.350000000000000000e+01 1.235840571517334174e+00
9.360000000000000853e+01 9.117118204989740349e-01
9.370000000000000284e+01 9.393653383771540799e-01
9.380000000000001137e+01 5.545501655166751309e-01
9.390000000000000568e+01 6.951014019770865859e-01
9.400000000000000000e+01 3.834566019002181858e-01
9.410000000000000853e+01 1.450641991109943574e-01
9.420000000000000284e+01 6.025067903720721096e-01
9.430000000000001137e+01 2.604936852806964520e+00
9.440000000000000568e+01 1.023486676223115177e+00
9.450000000000000000e+01 7.735930426342230604e+00
9.460000000000000853e+01 6.366106067203695318e+00
9.470000000000000284e+01 1.465375331306311812e+00
9.480000000000001137e+01 3.846367441102762630e+00
9.490000000000000568e+01 4.303938280828061735e+00
9.500000000000000000e+01 9.464554973208308963e-01
9.510000000000000853e+01 8.974324852032056654e+00
9.520000000000000284e+01 6.946288104324834123e+00
9.530000000000001137e+01 5.582907567148802208e+00
9.540000000000000568e+01 1.823514946803616255e+00
9.550000000000000000e+01 1.957655551044935383e+00
9.560000000000000853e+01 3.266275644008891366e+00
9.570000000000000284e+01 2.127270474398722300e+00
9.580000000000001137e+01 1.456361574954429638e+00
9.590000000000000568e+01 6.666125388032189125e-01
9.600000000000000000e+01 7.351318602014254022e-01
9.610000000000000853e+01 4.798480916525703632e-01
9.620000000000000284e+01 1.237085954912470420e+00
9.630000000000001137e+01 1.349638487793280772e+00
9.640000000000000568e+01 1.450642908072945270e+00
9.650000000000000000e+01 1.415238584423145429e+00
9.660000000000000853e+01 4.011858821831376432e+00
9.670000000000000284e+01 2.307186833328191522e+00
9.680000000000001137e+01 4.563688896968909781e+00
9.690000000000000568e+01 3.087492353276061419e+00
9.700000000000000000e+01 5.250959384871769942e+00
9.710000000000000853e+01 6.597161455495855975e+00
9.720000000000000284e+01 1.118264902318416709e+01
9.730000000000001137e+01 1.232012679582291348e+01
9.740000000000000568e+01 8.188629422078376408e+00
9.750000000000000000e+01 2.226385693933279342e+00
9.760000000000000853e+01 3.448797794514690818e-01
9.770000000000000284e+01 3.507891746290693114e+00
9.780000000000001137e+01 4.408572667068999529e+00
9.790000000000000568e+01 9.445113677288173193e+00
9.800000000000000000e+01 5.598374643992673150e+00
9.810000000000000853e+01 7.251861340996855532e+00
9.820000000000000284e+01 2.632044873820681641e+00
9.830000000000001137e+01 5.478714369697453179e+00
9.840000000000000568e+01 4.076077977811872977e+00
9.850000000000000000e+01 1.040313844882673422e+01
9.860000000000000853e+01 3.314539351844269177e+00
9.870000000000000284e+01 3.058827708940063950e+00
9.880000000000001137e+01 1.834026185743624193e+00
9.890000000000000568e+01 2.707807986048645255e+00
9.900000000000000000e+01 2.677492867766706475e+00
9.910000000000000853e+01 1.388643597165280630e+00
9.920000000000000284e+01 2.491871923988509874e+00
9.930000000000001137e+01 3.270483040313039602e+00
9.940000000000000568e+01 1.768451403993074100e+00
9.950000000000000000e+01 2.594907012393972701e-01
9.960000000000000853e+01 7.288393266420107874e-01
9.970000000000000284e+01 1.720389327542398483e+00
9.980000000000001137e+01 4.196966050047246100e+00
9.990000000000000568e+01 1.826008288578222061e+00
