0.000000000000000000e+00 2.391379968534505451e+01
1.000000000000000056e-01 1.367988687660817959e+01
2.000000000000000111e-01 2.188134216208732052e+00
3.000000000000000444e-01 3.210518762051286501e+01
4.000000000000000222e-01 1.302389578969808781e+01
5.000000000000000000e-01 8.189232591720582377e+01
6.000000000000000888e-01 6.668324269328881337e-01
7.000000000000000666e-01 1.621073437711466170e+00
8.000000000000000444e-01 4.958226613127028060e+01
9.000000000000000222e-01 7.463489409628090598e+00
1.000000000000000000e+00 1.025900320429798001e+02
1.100000000000000089e+00 1.645787237133585847e+02
1.200000000000000178e+00 8.912650172392009296e+00
1.300000000000000044e+00 6.614128889299426994e+00
1.400000000000000133e+00 1.139319486550091369e+02
1.500000000000000000e+00 2.827409582506459795e+00
1.600000000000000089e+00 6.909027912328351562e+00
1.700000000000000178e+00 1.435657503363096410e+01
1.800000000000000044e+00 2.636571072454144460e+00
1.900000000000000133e+00 2.680297581795919015e+01
2.000000000000000000e+00 4.279825929702893461e+01
2.100000000000000089e+00 5.605843740916244045e+00
2.200000000000000178e+00 2.791913694207702523e+00
2.300000000000000266e+00 8.974272219353659708e+00
2.400000000000000355e+00 1.557178917177057365e+00
2.500000000000000000e+00 1.123563520837641505e+01
2.600000000000000089e+00 5.849555272324926669e+00
2.700000000000000178e+00 3.309228531238328230e+01
2.800000000000000266e+00 1.499607594612593298e+00
2.900000000000000355e+00 5.414426079617395970e+00
3.000000000000000000e+00 1.758095770797308077e+01
3.100000000000000089e+00 2.740370444240764591e+00
3.200000000000000178e+00 1.806945863882845060e+01
3.300000000000000266e+00 1.272776919903760984e+01
3.400000000000000355e+00 5.762076890411883534e-01
3.500000000000000000e+00 9.066225413509424458e-01
3.600000000000000089e+00 8.978135952356217642e-01
3.700000000000000178e+00 6.868521179870045179e-01
3.800000000000000266e+00 2.057203811826280315e+01
3.900000000000000355e+00 2.295653047344972109e+01
4.000000000000000000e+00 7.730719472225214162e+00
4.100000000000000533e+00 2.303821672633656059e-01
4.200000000000000178e+00 2.799197513277883242e+00
4.299999999999999822e+00 2.942589296607071025e-01
4.400000000000000355e+00 7.001447910847607758e+00
4.500000000000000000e+00 1.851662212220360981e+00
4.600000000000000533e+00 3.631164090547494450e+00
4.700000000000000178e+00 2.141466959281401117e+01
4.800000000000000711e+00 8.289011868475883560e+00
4.900000000000000355e+00 2.625550126211486202e+00
5.000000000000000000e+00 3.350859306597477882e+00
5.100000000000000533e+00 6.885857067809247667e+00
5.200000000000000178e+00 1.421959875699658937e+02
5.300000000000000711e+00 5.541806941792986052e+00
5.400000000000000355e+00 2.746779686045902480e+01
5.500000000000000000e+00 4.553432223251545174e+00
5.600000000000000533e+00 1.183520715800138987e+02
5.700000000000000178e+00 7.522972471164978003e+01
5.800000000000000711e+00 2.014468839587433635e+01
5.900000000000000355e+00 1.647436168341958052e+01
6.000000000000000000e+00 2.333784103883377536e+00
6.100000000000000533e+00 4.866722038883238177e+00
6.200000000000000178e+00 1.084203539977544573e+01
6.300000000000000711e+00 5.454905904585019982e+01
6.400000000000000355e+00 1.854726768903844247e+00
6.500000000000000000e+00 1.645855048153315403e+00
6.600000000000000533e+00 7.946138335060248803e-01
6.700000000000000178e+00 8.591829312738127555e+00
6.800000000000000711e+00 9.281005070434444448e+00
6.900000000000000355e+00 3.507522244752837359e+00
7.000000000000000000e+00 5.388155602964969759e+00
7.100000000000000533e+00 5.579309052638826927e+00
7.200000000000000178e+00 1.329788606861086686e+00
7.300000000000000711e+00 1.739388608481063470e+00
7.400000000000000355e+00 9.878635174293824983e-01
7.500000000000000000e+00 2.954563571657236931e+00
7.600000000000000533e+00 5.863376462390900157e-01
7.700000000000000178e+00 9.354546945026062099e-01
7.800000000000000711e+00 1.575237029505587927e+01
7.900000000000000355e+00 1.580191196990967217e+00
8.000000000000000000e+00 5.145924760048631308e-01
8.099999999999999645e+00 2.372853474692062203e+00
8.200000000000001066e+00 6.319791298395028845e-01
8.300000000000000711e+00 1.586077657404580510e+00
8.400000000000000355e+00 1.837364313384259162e+01
8.500000000000000000e+00 5.028850401127444414e+00
8.599999999999999645e+00 2.505054122134535177e+01
8.700000000000001066e+00 2.917153797942089000e+01
8.800000000000000711e+00 2.809582113489413402e+01
8.900000000000000355e+00 4.717652240371132066e+00
9.000000000000000000e+00 2.611415472077784461e+00
9.099999999999999645e+00 1.391917375834996307e+01
9.200000000000001066e+00 6.750134584356163714e+01
9.300000000000000711e+00 4.386403561833729015e+01
9.400000000000000355e+00 2.517410269603893802e+00
9.500000000000000000e+00 1.992441723031023182e+00
9.600000000000001421e+00 5.315884792497352684e+00
9.700000000000001066e+00 3.833798243984674503e+00
9.800000000000000711e+00 2.182552086805043867e+00
9.900000000000000355e+00 2.357665785430722583e-01
1.000000000000000000e+01 2.142960224329792662e-01
1.010000000000000142e+01 5.462202515698977301e+00
1.020000000000000107e+01 1.296759708342845485e+00
1.030000000000000071e+01 5.150043106336162246e+00
1.040000000000000036e+01 6.613894324288350113e+00
1.050000000000000000e+01 7.973337576994381948e+00
1.060000000000000142e+01 2.461092964503044200e+01
1.070000000000000107e+01 2.206674803762307846e+01
1.080000000000000071e+01 1.864783367622592891e+01
1.090000000000000036e+01 6.119250931762004519e+00
1.100000000000000000e+01 1.118388992970601237e+01
1.110000000000000142e+01 3.106340828318403524e+00
1.120000000000000107e+01 2.092899965398701545e-01
1.130000000000000071e+01 7.685492386037051649e-01
1.140000000000000036e+01 1.216952082047250833e-01
1.150000000000000000e+01 1.420105415659327075e-01
1.160000000000000142e+01 9.917096859329750380e-01
1.170000000000000107e+01 1.942085700336622089e+00
1.180000000000000071e+01 1.266355007459857518e+00
1.190000000000000036e+01 1.505251054562998236e+00
1.200000000000000000e+01 7.305780268771644437e+00
1.210000000000000142e+01 2.322629117078594430e+00
1.220000000000000107e+01 3.401502112245033960e+00
1.230000000000000071e+01 5.191605379413600119e+00
1.240000000000000036e+01 4.913083979936462065e+00
1.250000000000000000e+01 1.279011090563342989e+01
1.260000000000000142e+01 3.740818918136387783e+00
1.270000000000000107e+01 2.006055624819962802e+00
1.280000000000000071e+01 2.158405812689620173e+00
1.290000000000000036e+01 8.407967493568363482e-01
1.300000000000000000e+01 1.290586452440382503e+00
1.310000000000000142e+01 1.409919757286625996e+00
1.320000000000000107e+01 5.819965131890060539e-02
1.330000000000000071e+01 6.657688029224868853e-02
1.340000000000000036e+01 1.268603485146489185e-01
1.350000000000000000e+01 5.312731917310722224e-02
1.360000000000000142e+01 6.984512737335708543e-01
1.370000000000000107e+01 3.166606028812161688e-01
1.380000000000000071e+01 1.115728125521838476e-01
1.390000000000000036e+01 5.746259846930223958e-01
1.400000000000000000e+01 1.266848162889984808e+00
1.410000000000000142e+01 1.568644401719964332e+00
1.420000000000000107e+01 1.826174210967540734e+00
1.430000000000000071e+01 2.729110877355730436e-01
1.440000000000000036e+01 3.037283919726413206e+00
1.450000000000000000e+01 6.503664675945382279e-02
1.460000000000000142e+01 1.558926137350769292e-01
1.470000000000000107e+01 2.419092532915808891e-01
1.480000000000000071e+01 2.641874801345311385e-01
1.490000000000000036e+01 8.778950652546097660e-03
1.500000000000000000e+01 4.973741992990545532e-04
1.510000000000000142e+01 1.400962139173501236e-03
1.520000000000000107e+01 2.352176294129524822e-02
1.530000000000000071e+01 2.458069374779458128e-03
1.540000000000000036e+01 8.100374664736644881e-04
1.550000000000000000e+01 9.823912969422986512e-04
1.560000000000000142e+01 8.664763623793340355e-04
1.570000000000000107e+01 3.728451441402300375e-03
1.580000000000000071e+01 6.443390683286307971e-04
1.590000000000000036e+01 9.462497708477569935e-02
1.600000000000000000e+01 2.057277091679679190e-02
1.610000000000000142e+01 9.789352495499057880e-03
1.619999999999999929e+01 1.514376521580252624e-04
1.630000000000000071e+01 3.528844254830667410e-02
1.640000000000000213e+01 5.065997952634565538e-01
1.650000000000000000e+01 1.291371887571557187e+00
1.660000000000000142e+01 1.872255002041433095e-02
1.669999999999999929e+01 5.528669723997255148e-02
1.680000000000000071e+01 7.356593329778308640e-03
1.690000000000000213e+01 4.842502373407037326e-03
1.700000000000000000e+01 1.274244970369661500e-01
1.710000000000000142e+01 3.193836636367410053e-02
1.719999999999999929e+01 6.826995953510944792e-01
1.730000000000000071e+01 3.129777982270051107e-01
1.740000000000000213e+01 7.763215676384871422e-02
1.750000000000000000e+01 2.602373619648288283e-01
1.760000000000000142e+01 4.064628825158963371e-02
1.769999999999999929e+01 5.254033908273052222e-02
1.780000000000000071e+01 7.270065135325487482e-02
1.790000000000000213e+01 6.010227645106231975e-01
1.800000000000000000e+01 1.307798710198704972e+00
1.810000000000000142e+01 9.074031635876150803e-01
1.819999999999999929e+01 1.909695608167731595e-01
1.830000000000000071e+01 5.880992660815931306e-01
1.840000000000000213e+01 4.790544989497754536e+00
1.850000000000000000e+01 6.824007956004868314e-01
1.860000000000000142e+01 1.634228303722107478e+00
1.869999999999999929e+01 5.461796970208622071e+01
1.880000000000000071e+01 3.359205516593004148e+00
1.890000000000000213e+01 7.219376578807433553e+00
1.900000000000000000e+01 5.570756483094026379e+00
1.910000000000000142e+01 8.340293571254596472e+00
1.920000000000000284e+01 8.041277960033845318e+00
1.930000000000000071e+01 1.743523860479111010e+00
1.940000000000000213e+01 1.234682429852993257e+00
1.950000000000000000e+01 2.172930486441226439e+00
1.960000000000000142e+01 2.167416040048714354e+00
1.970000000000000284e+01 3.113741311580486837e+00
1.980000000000000071e+01 2.108578552354704705e+00
1.990000000000000213e+01 4.761198417816329687e-01
2.000000000000000000e+01 2.068795107991574067e+00
2.010000000000000142e+01 1.253880308338318539e+00
2.020000000000000284e+01 9.569463050397845061e-01
2.030000000000000071e+01 2.435865454744932657e-01
2.040000000000000213e+01 2.443433182403735859e-01
2.050000000000000000e+01 1.940753167924394118e+00
2.060000000000000142e+01 7.636070762685731594e-02
2.070000000000000284e+01 3.349207369857615801e-01
2.080000000000000071e+01 1.227791870884552550e+00
2.090000000000000213e+01 2.402421224574302905e-01
2.100000000000000000e+01 1.289860385360263040e-01
2.110000000000000142e+01 8.353073248578435361e-01
2.120000000000000284e+01 3.326691121580149790e+00
2.130000000000000071e+01 1.385880353679806731e+01
2.140000000000000213e+01 1.636537608116117593e+00
2.150000000000000000e+01 3.227099373788405945e+00
2.160000000000000142e+01 5.054790982833375246e+00
2.170000000000000284e+01 5.025318877203882373e+00
2.180000000000000071e+01 2.132879625036217863e+00
2.190000000000000213e+01 1.209641263482121198e+00
2.200000000000000000e+01 1.661859177667860177e+00
2.210000000000000142e+01 8.133696457240340294e-01
2.220000000000000284e+01 5.187614522633752223e+00
2.230000000000000071e+01 8.089979423690492055e+00
2.240000000000000213e+01 7.874704458221217784e-01
2.250000000000000000e+01 1.894893353108341394e+00
2.260000000000000142e+01 2.864824006629566711e+00
2.270000000000000284e+01 3.240943255045550808e-01
2.280000000000000071e+01 5.465545750810956588e-02
2.290000000000000213e+01 1.970737540059489066e-03
2.300000000000000000e+01 4.511967149820173169e-03
2.310000000000000142e+01 7.660689173574974746e-03
2.320000000000000284e+01 1.118433717899752988e+00
2.330000000000000071e+01 1.281814654340766510e-02
2.340000000000000213e+01 1.809161804451270283e-01
2.350000000000000000e+01 8.739209230626707181e-02
2.360000000000000142e+01 1.609985549057569576e-01
2.370000000000000284e+01 4.337322256893330619e-02
2.380000000000000071e+01 3.467125770036318111e-02
2.390000000000000213e+01 1.022457242312170209e-02
2.400000000000000000e+01 4.734324891166763472e-03
2.410000000000000142e+01 8.831488895361863656e-02
2.420000000000000284e+01 2.995034081207509184e-03
2.430000000000000071e+01 2.985040224906424997e-02
2.440000000000000213e+01 9.541406682510401860e-02
2.450000000000000000e+01 2.439120962264984191e-02
2.460000000000000142e+01 3.046680188125086911e-02
2.470000000000000284e+01 1.199096553551474813e-02
2.480000000000000071e+01 7.087256356608999386e-02
2.490000000000000213e+01 1.199638242229245783e-02
2.500000000000000000e+01 7.859789935770042923e-01
2.510000000000000142e+01 1.803971111285034012e-01
2.520000000000000284e+01 1.588007711744200412e-01
2.530000000000000071e+01 3.775188032559818885e-02
2.540000000000000213e+01 8.510790348577269848e-02
2.550000000000000000e+01 3.631459449755805591e-01
2.560000000000000142e+01 1.516142560398896943e+00
2.570000000000000284e+01 1.170196111059857769e+00
2.580000000000000071e+01 1.126000723848566087e+00
2.590000000000000213e+01 3.976839131221346912e-01
2.600000000000000000e+01 5.331575691106083675e-02
2.610000000000000142e+01 3.674361129104550955e-02
2.620000000000000284e+01 3.307118790755154275e-02
2.630000000000000071e+01 1.853713947071370174e-02
2.640000000000000213e+01 3.216237394215597928e-02
2.650000000000000000e+01 1.609788791635705573e-03
2.660000000000000142e+01 4.470006590633762169e-04
2.670000000000000284e+01 4.861545358196939226e-02
2.680000000000000071e+01 1.609107309438387312e-02
2.690000000000000213e+01 7.947832693518902536e-02
2.700000000000000000e+01 2.413724950577735284e-01
2.710000000000000142e+01 2.299003109638642905e-01
2.720000000000000284e+01 3.936800760342852867e-01
2.730000000000000071e+01 2.968026100453144966e-01
2.740000000000000213e+01 1.241383706673740317e+00
2.750000000000000000e+01 5.880995809317939305e-01
2.760000000000000142e+01 8.430295705249618576e-02
2.770000000000000284e+01 1.358433884321181007e-01
2.780000000000000071e+01 2.749954533165528334e-02
2.790000000000000213e+01 1.095208046345286408e-02
2.800000000000000000e+01 5.639778295270805319e-01
2.810000000000000142e+01 2.318191837825743853e-02
2.820000000000000284e+01 9.942501954882071447e-02
2.830000000000000071e+01 1.904566434635647509e-02
2.840000000000000213e+01 5.236974442842404166e-04
2.850000000000000000e+01 5.354017643476201987e-03
2.860000000000000142e+01 2.684704291134039616e-03
2.870000000000000284e+01 1.367838293892600088e-01
2.880000000000000071e+01 6.150224583564310038e-02
2.890000000000000213e+01 9.830914966737731159e-03
2.900000000000000000e+01 1.557096013949637280e-02
2.910000000000000142e+01 6.187188329432796730e-03
2.920000000000000284e+01 5.193906838305989426e-02
2.930000000000000071e+01 5.750235196649402386e-02
2.940000000000000213e+01 6.845647161583393592e-01
2.950000000000000000e+01 7.931075255652873107e-03
2.960000000000000142e+01 2.432516702039707879e-01
2.970000000000000284e+01 9.648660190994100272e-02
2.980000000000000071e+01 3.673634021844084108e-02
2.990000000000000213e+01 3.914112461723822101e-01
3.000000000000000000e+01 3.615026872727432339e-02
3.010000000000000142e+01 8.846000566617764557e-03
3.020000000000000284e+01 5.667511847635469703e-03
3.030000000000000071e+01 2.578007559092437145e-02
3.040000000000000213e+01 1.236280643485123667e-03
3.050000000000000000e+01 1.584611618108473508e-01
3.060000000000000142e+01 1.645806807938197556e-03
3.070000000000000284e+01 2.702143550748082115e-02
3.080000000000000071e+01 5.639734742247038968e-01
3.090000000000000213e+01 9.581010913564989018e-01
3.100000000000000000e+01 2.485904416712211764e-03
3.110000000000000142e+01 2.607398928644437744e-02
3.120000000000000284e+01 3.510895777363695971e-03
3.130000000000000071e+01 1.068457155210843085e-01
3.140000000000000213e+01 1.239417453343789749e-01
3.150000000000000000e+01 1.091419250667018115e-01
3.160000000000000142e+01 6.129406729266072967e-02
3.170000000000000284e+01 4.064260483110637701e-02
3.180000000000000071e+01 2.443769876353553416e-02
3.190000000000000213e+01 1.354457934794326968e-01
3.200000000000000000e+01 8.441483624405751174e-01
3.210000000000000142e+01 4.464661525252761609e-01
3.220000000000000284e+01 1.020198540022923428e+00
3.230000000000000426e+01 1.074118810878258307e-01
3.239999999999999858e+01 1.104245349037813115e-02
3.250000000000000000e+01 5.199147886710992622e-02
3.260000000000000142e+01 6.605726396359086205e-01
3.270000000000000284e+01 2.032756287859235553e-02
3.280000000000000426e+01 2.868205395966785254e-01
3.289999999999999858e+01 3.478142308387687648e-02
3.300000000000000000e+01 4.864872659950875144e-02
3.310000000000000142e+01 3.234046671751503350e-03
3.320000000000000284e+01 5.513172868135435278e-02
3.330000000000000426e+01 2.386059983526362394e-01
3.339999999999999858e+01 4.277614311089558696e-01
3.350000000000000000e+01 7.289887355651055723e-01
3.360000000000000142e+01 1.825645965799521098e-01
3.370000000000000284e+01 3.370745045900703785e-01
3.380000000000000426e+01 1.013480785733745115e+00
3.389999999999999858e+01 9.789559531713991625e-01
3.400000000000000000e+01 3.358043763000870263e-01
3.410000000000000142e+01 3.200764312450944615e+00
3.420000000000000284e+01 1.700432160554840255e+00
3.430000000000000426e+01 5.520773244519070921e+00
3.439999999999999858e+01 3.599712162197043153e+00
3.450000000000000000e+01 1.022293439531285344e+02
3.460000000000000142e+01 1.200475582204918510e+02
3.470000000000000284e+01 1.556936231967691242e+02
3.480000000000000426e+01 1.679623372207389878e+02
3.489999999999999858e+01 1.692307550187234426e+02
3.500000000000000000e+01 5.003482772165099135e+01
3.510000000000000142e+01 2.980506019846763888e+00
3.520000000000000284e+01 7.028007826560094884e+01
3.530000000000000426e+01 3.201978623621352771e+00
3.539999999999999858e+01 2.582988616028643847e+01
3.550000000000000000e+01 2.586984683733289714e+00
3.560000000000000142e+01 3.255528130806513154e+00
3.570000000000000284e+01 2.014828982996309037e+01
3.580000000000000426e+01 9.856603222560790911e+00
3.589999999999999858e+01 1.836143937696504302e+00
3.600000000000000000e+01 7.847062339379815121e+00
3.610000000000000142e+01 4.319664916055988790e+00
3.620000000000000284e+01 7.208698036102587636e+00
3.630000000000000426e+01 4.130919295550215864e+00
3.639999999999999858e+01 7.362262419835983174e-01
3.650000000000000000e+01 3.043724411562623633e+00
3.660000000000000142e+01 6.021388043025741599e-01
3.670000000000000284e+01 4.117603039290038819e-02
3.680000000000000426e+01 5.239961832698822874e-01
3.689999999999999858e+01 1.771552330410309395e+01
3.700000000000000000e+01 2.395084817331989135e-01
3.710000000000000142e+01 7.812344590191965255e-01
3.720000000000000284e+01 4.280088135028068841e+00
3.730000000000000426e+01 9.620142640792454791e-02
3.739999999999999858e+01 1.085981732332781613e+00
3.750000000000000000e+01 9.133893819975744677e-01
3.760000000000000142e+01 3.211278442013233980e-01
3.770000000000000284e+01 1.582053697658521718e-01
3.780000000000000426e+01 8.917354178799247189e-02
3.789999999999999858e+01 2.040665772737333128e-01
3.800000000000000000e+01 3.874449590355614342e-02
3.810000000000000142e+01 7.823868664022860797e-02
3.820000000000000284e+01 1.340876398498887755e-02
3.830000000000000426e+01 2.039154639874470737e-02
3.840000000000000568e+01 3.866654701936132060e-02
3.850000000000000000e+01 1.123978147223272106e-01
3.860000000000000142e+01 3.909638100348234779e+00
3.870000000000000284e+01 2.181973784336250333e+00
3.880000000000000426e+01 3.180134588533523043e-01
3.890000000000000568e+01 4.519829276176867694e+00
3.900000000000000000e+01 1.279389945492426905e+00
3.910000000000000142e+01 8.118863823276411054e-03
3.920000000000000284e+01 3.000228660690610477e-02
3.930000000000000426e+01 4.214262724240094306e-04
3.940000000000000568e+01 1.216356962744847420e-02
3.950000000000000000e+01 4.457252149754867276e-02
3.960000000000000142e+01 1.410433190451647611e-01
3.970000000000000284e+01 6.410312347151786438e-01
3.980000000000000426e+01 1.234060096838829335e-02
3.990000000000000568e+01 1.809879802151156665e-04
4.000000000000000000e+01 1.304915249033785371e-03
4.010000000000000142e+01 1.870811555401430959e-01
4.020000000000000284e+01 4.388483743717180169e-02
4.030000000000000426e+01 4.462329099725127063e-02
4.040000000000000568e+01 1.340491830864907197e-01
4.050000000000000000e+01 3.433519421681995865e-01
4.060000000000000142e+01 1.967041409948112191e-02
4.070000000000000284e+01 1.311537693042670316e-01
4.080000000000000426e+01 2.131015120709676691e-01
4.090000000000000568e+01 6.972940641541930384e-01
4.100000000000000000e+01 4.294824712189330984e-02
4.110000000000000142e+01 9.760202225873914131e-04
4.120000000000000284e+01 6.488726486280141370e-02
4.130000000000000426e+01 2.143250723021259199e-02
4.140000000000000568e+01 6.636879463380163102e-02
4.150000000000000000e+01 6.728206992829276721e-03
4.160000000000000142e+01 1.847963077120158837e-01
4.170000000000000284e+01 1.140592367661378559e-01
4.180000000000000426e+01 2.539770448207824202e-02
4.190000000000000568e+01 1.301256195500067638e-02
4.200000000000000000e+01 3.996930021777927999e-02
4.210000000000000142e+01 2.036225657526105071e-01
4.220000000000000284e+01 4.160442516446886119e-01
4.230000000000000426e+01 2.405874221582754213e+00
4.240000000000000568e+01 5.704734867210804472e-01
4.250000000000000000e+01 1.738856831211489651e-01
4.260000000000000142e+01 4.078393560304249821e-02
4.270000000000000284e+01 3.226278265511638849e-02
4.280000000000000426e+01 5.955956030826808217e-02
4.290000000000000568e+01 2.202267297811619784e-01
4.300000000000000000e+01 2.331337480079940516e-01
4.310000000000000142e+01 1.304248241896100932e-02
4.320000000000000284e+01 8.491612099290522797e-02
4.330000000000000426e+01 1.240199106757444887e-02
4.340000000000000568e+01 4.712056413217290129e-02
4.350000000000000000e+01 7.018550472866681060e-04
4.360000000000000142e+01 5.626377938372850024e-02
4.370000000000000284e+01 1.287552387456832204e+00
4.380000000000000426e+01 2.582483373740268595e-01
4.390000000000000568e+01 2.388791537071984494e-01
4.400000000000000000e+01 5.250790084436647576e-02
4.410000000000000142e+01 4.194458327262304276e-01
4.420000000000000284e+01 1.376021950529751625e-01
4.430000000000000426e+01 8.145965519153847145e-02
4.440000000000000568e+01 7.218374200401506124e-02
4.450000000000000000e+01 2.956021092823702956e-01
4.460000000000000142e+01 8.384381327457021346e-03
4.470000000000000284e+01 8.017448495093447728e-04
4.480000000000000426e+01 9.611605701396618018e-02
4.490000000000000568e+01 1.868610690502664706e+00
4.500000000000000000e+01 2.820592813652571529e-01
4.510000000000000142e+01 1.190595674240123025e-01
4.520000000000000284e+01 5.197867407972106557e-02
4.530000000000000426e+01 5.920624470048171375e-04
4.540000000000000568e+01 7.930897107472643925e-02
4.550000000000000000e+01 3.848293730654517297e-02
4.560000000000000142e+01 2.116777159944841724e+00
4.570000000000000284e+01 1.056029407204314197e+01
4.580000000000000426e+01 3.706150004191577918e-01
4.590000000000000568e+01 2.249886262663033154e+00
4.600000000000000000e+01 7.807412275546219860e+00
4.610000000000000142e+01 2.042607121379861335e-01
4.620000000000000284e+01 7.387417765960048455e-02
4.630000000000000426e+01 1.064620948536933176e-01
4.640000000000000568e+01 9.039909191009810885e-02
4.650000000000000000e+01 1.966490382003360238e-01
4.660000000000000142e+01 1.608690248766597164e-01
4.670000000000000284e+01 7.580571412374520479e-01
4.680000000000000426e+01 2.364829103142563060e-01
4.690000000000000568e+01 3.509838002611547214e-01
4.700000000000000000e+01 5.128040606800582379e-01
4.710000000000000142e+01 1.554441061337700214e+00
4.720000000000000284e+01 2.537102142656326276e+00
4.730000000000000426e+01 2.392345909026413475e-01
4.740000000000000568e+01 2.616411069175689974e+01
4.750000000000000000e+01 2.192144690043075439e+00
4.760000000000000142e+01 6.204648189491523969e-01
4.770000000000000284e+01 3.954447384584668157e+01
4.780000000000000426e+01 1.087832101115267625e+00
4.790000000000000568e+01 1.043574980920588535e-01
4.800000000000000000e+01 1.299675338576438577e+00
4.810000000000000142e+01 5.402157506811076537e+00
4.820000000000000284e+01 7.712160992649106372e-01
4.830000000000000426e+01 5.634731935150770532e+00
4.840000000000000568e+01 1.961817686838473307e+01
4.850000000000000000e+01 1.177700640998277848e+01
4.860000000000000142e+01 1.326238413335730471e+01
4.870000000000000284e+01 2.322537878446672366e+00
4.880000000000000426e+01 1.229286604122457760e+01
4.890000000000000568e+01 1.597529327063886484e+01
4.900000000000000000e+01 3.180000939823288686e+00
4.910000000000000142e+01 1.890206965878669543e+00
4.920000000000000284e+01 1.342491447344069044e+01
4.930000000000000426e+01 1.734656091192003924e+00
4.940000000000000568e+01 7.623368539104372843e+00
4.950000000000000000e+01 1.251656054506133930e+00
4.960000000000000142e+01 4.711416674060121323e+00
4.970000000000000284e+01 1.053824491047586598e+01
4.980000000000000426e+01 1.152207691746476925e+01
4.990000000000000568e+01 8.866076326086682613e+00
5.000000000000000000e+01 5.397271376488943062e+00
5.010000000000000142e+01 4.563550796161631951e+00
5.020000000000000284e+01 9.924411133228997484e-01
5.030000000000000426e+01 1.585532268403929246e+00
5.040000000000000568e+01 5.768597046290048214e-01
5.050000000000000000e+01 1.055814892483192713e+00
5.060000000000000142e+01 6.322879433327457943e-02
5.070000000000000284e+01 1.985067382360571897e-01
5.080000000000000426e+01 1.840151265946854131e-01
5.090000000000000568e+01 5.599500046922377405e-02
5.100000000000000000e+01 3.925734762295162578e-02
5.110000000000000142e+01 1.804668651873069518e-01
5.120000000000000284e+01 1.412181490247787496e-01
5.130000000000000426e+01 7.372561705464746040e-02
5.140000000000000568e+01 2.537363397083705271e-02
5.150000000000000000e+01 2.899990918809172268e-03
5.160000000000000142e+01 3.014329156207380678e-02
5.170000000000000284e+01 2.397316426178183399e-02
5.180000000000000426e+01 2.559477235486722346e-01
5.190000000000000568e+01 1.599359106830266011e-02
5.200000000000000000e+01 4.602778753645056509e-01
5.210000000000000142e+01 3.459382997262886589e-02
5.220000000000000284e+01 6.007162529765022567e-03
5.230000000000000426e+01 6.287556036030861328e-02
5.240000000000000568e+01 8.773806258910257228e-01
5.250000000000000000e+01 2.502438166887150373e-01
5.260000000000000142e+01 6.383380124313990933e-01
5.270000000000000284e+01 1.605164179151494508e-01
5.280000000000000426e+01 1.534255795358488265e-02
5.290000000000000568e+01 2.397761433790416077e-02
5.300000000000000000e+01 3.134193671151545846e-02
5.310000000000000142e+01 6.374235030989194861e-02
5.320000000000000284e+01 7.056886648474584856e-02
5.330000000000000426e+01 8.727257877624645943e-02
5.340000000000000568e+01 1.643841486362515635e-03
5.350000000000000000e+01 2.590369278630548500e-02
5.360000000000000142e+01 6.148805424249677298e-03
5.370000000000000284e+01 9.657932599082360570e-01
5.380000000000000426e+01 8.074068353786802987e-01
5.390000000000000568e+01 4.463937431266983696e-02
5.400000000000000000e+01 1.932347214035433965e-03
5.410000000000000142e+01 1.941279235505977696e-01
5.420000000000000284e+01 3.011183622892069697e-03
5.430000000000000426e+01 2.610492789941421671e-02
5.440000000000000568e+01 6.372496953590438447e-03
5.450000000000000000e+01 8.150679697413896682e-03
5.460000000000000142e+01 2.446996531159346955e-02
5.470000000000000284e+01 4.032812329740155799e-01
5.480000000000000426e+01 2.947508041353801359e-02
5.490000000000000568e+01 8.083859651434865956e-02
5.500000000000000000e+01 2.893712659253339092e-01
5.510000000000000142e+01 1.723197475038006077e-02
5.520000000000000284e+01 8.022653515893521936e-01
5.530000000000000426e+01 1.013132552970403971e-01
5.540000000000000568e+01 8.076731565369010823e-02
5.550000000000000000e+01 1.070442314338836305e-02
5.560000000000000142e+01 2.857543039639014182e-02
5.570000000000000284e+01 1.497209329551516671e-02
5.580000000000000426e+01 8.354676051959693261e-02
5.590000000000000568e+01 1.525026353266739632e-01
5.600000000000000000e+01 3.004721351743309087e-03
5.610000000000000142e+01 3.316958593527118138e-03
5.620000000000000284e+01 1.053622904505610537e-03
5.630000000000000426e+01 2.750933430627191742e-02
5.640000000000000568e+01 1.256242543129141576e-01
5.650000000000000000e+01 5.317220361285054930e-02
5.660000000000000142e+01 1.074143902860955624e+00
5.670000000000000284e+01 2.517321239638126498e-02
5.680000000000000426e+01 5.533023046049513616e-02
5.690000000000000568e+01 1.536562430304845017e-01
5.700000000000000000e+01 1.317404029187289050e-01
5.710000000000000142e+01 6.291788109708562615e-01
5.720000000000000284e+01 1.173980973246305348e+00
5.730000000000000426e+01 3.467618782702451274e-01
5.740000000000000568e+01 3.931475249152611706e-01
5.750000000000000000e+01 2.810783736604349214e-01
5.760000000000000142e+01 4.372201568927690518e-01
5.770000000000000284e+01 1.224093734935596256e-01
5.780000000000000426e+01 2.463778738215522887e-02
5.790000000000000568e+01 5.755847961305282645e-02
5.800000000000000000e+01 2.108116679366444550e-04
5.810000000000000142e+01 2.846233359553864643e-03
5.820000000000000284e+01 6.250670528659486858e-02
5.830000000000000426e+01 3.357269214485603115e-02
5.840000000000000568e+01 3.215594084976673706e-02
5.850000000000000000e+01 3.369169034168958271e-02
5.860000000000000142e+01 5.292923911202015302e-02
5.870000000000000284e+01 4.441946204685274235e-01
5.880000000000000426e+01 1.232822911961181545e+00
5.890000000000000568e+01 1.232925799619545071e+00
5.900000000000000000e+01 1.754857022821404433e+00
5.910000000000000142e+01 4.990537671128323360e-01
5.920000000000000284e+01 1.035477821605687437e-01
5.930000000000000426e+01 5.519910158652319848e-02
5.940000000000000568e+01 1.963724600033670831e-01
5.950000000000000000e+01 2.159605362165511466e-01
5.960000000000000142e+01 5.842630629397197461e-01
5.970000000000000284e+01 2.489155232241354113e-02
5.980000000000000426e+01 1.024309116876359615e-01
5.990000000000000568e+01 1.585887765375981404e-02
6.000000000000000000e+01 9.101842335782285576e-02
6.010000000000000142e+01 5.687295612420134594e-02
6.020000000000000284e+01 2.457953084386686748e-01
6.030000000000000426e+01 5.280111593309917695e-02
6.040000000000000568e+01 5.781506924106081212e-03
6.050000000000000000e+01 1.649611868878605725e-01
6.060000000000000142e+01 2.297207746743933424e-02
6.070000000000000284e+01 1.796860803718813501e-02
6.080000000000000426e+01 6.768789674212248586e-02
6.090000000000000568e+01 1.384587596858034841e-01
6.100000000000000000e+01 4.431717733603723897e-01
6.110000000000000142e+01 3.899503050493359768e-01
6.120000000000000284e+01 1.127206104494062222e+00
6.130000000000000426e+01 1.748700141926851637e-01
6.140000000000000568e+01 4.064690337797787656e+00
6.150000000000000000e+01 8.157507063437877126e-02
6.160000000000000142e+01 4.459205952246426963e-02
6.170000000000000284e+01 4.344278771555338398e-02
6.180000000000000426e+01 4.108906667973626914e-01
6.190000000000000568e+01 1.590849647184405136e+00
6.200000000000000000e+01 2.032233382228794483e+01
6.210000000000000142e+01 9.440195084453851138e+00
6.220000000000000284e+01 1.716152455675812538e+00
6.230000000000000426e+01 4.981328460473063302e+01
6.240000000000000568e+01 3.695456732618687568e+01
6.250000000000000000e+01 1.957919668516903355e+00
6.260000000000000142e+01 4.816431363495756734e+00
6.270000000000000284e+01 2.512197844029969485e+00
6.280000000000000426e+01 4.228004163973970719e+00
6.290000000000000568e+01 2.634153410361100711e+01
6.300000000000000000e+01 1.389401593231256804e+01
6.310000000000000142e+01 4.684136084235693609e+00
6.320000000000000284e+01 2.063043410628874863e+00
6.330000000000000426e+01 2.707284547525998875e+01
6.340000000000000568e+01 4.799476564048529070e+00
6.350000000000000000e+01 1.371477432219106340e+00
6.360000000000000142e+01 3.374352720683392315e-01
6.370000000000000284e+01 4.766022814878378977e-01
6.380000000000000426e+01 1.787731733286421099e+00
6.390000000000000568e+01 6.273921746707752378e-01
6.400000000000000000e+01 1.242170897705407867e-01
6.410000000000000853e+01 2.149522857020590649e+00
6.420000000000000284e+01 2.860061071075842842e-01
6.429999999999999716e+01 4.138582757303538306e-01
6.440000000000000568e+01 1.297413237438078459e+00
6.450000000000000000e+01 2.375223404073784295e+00
6.460000000000000853e+01 3.862079897710756438e+00
6.470000000000000284e+01 5.660759276668911877e-01
6.479999999999999716e+01 5.107423588459011121e+00
6.490000000000000568e+01 1.013192564094526205e+01
6.500000000000000000e+01 3.432916333798764708e+00
6.510000000000000853e+01 2.414564360349616301e+00
6.520000000000000284e+01 1.041655635548264236e+00
6.529999999999999716e+01 1.876383089125822856e+00
6.540000000000000568e+01 1.296030929122042785e+01
6.550000000000000000e+01 7.059185262473891775e+00
6.560000000000000853e+01 2.975291112812637362e+00
6.570000000000000284e+01 3.543630311396018584e+00
6.579999999999999716e+01 1.600292766697148261e+00
6.590000000000000568e+01 1.241582359655955337e+01
6.600000000000000000e+01 6.077619259120314865e-01
6.610000000000000853e+01 2.431431793881769499e-01
6.620000000000000284e+01 1.696069259537013929e+00
6.629999999999999716e+01 2.285918520606763094e-01
6.640000000000000568e+01 4.723176612166473526e-02
6.650000000000000000e+01 2.223049308434428828e-01
6.660000000000000853e+01 3.762463643419525772e-01
6.670000000000000284e+01 1.284274501660563894e-01
6.679999999999999716e+01 1.152033880623711676e-02
6.690000000000000568e+01 8.686992870092278760e-03
6.700000000000000000e+01 7.069144236274215766e-03
6.710000000000000853e+01 6.030305273261004489e-02
6.720000000000000284e+01 2.069748418907713453e-02
6.729999999999999716e+01 1.489568539246927392e-01
6.740000000000000568e+01 3.346196926806995209e-01
6.750000000000000000e+01 7.377546414226027194e-03
6.760000000000000853e+01 3.474004444177313661e-02
6.770000000000000284e+01 9.898190028512926248e-04
6.779999999999999716e+01 1.870983874487399485e-03
6.790000000000000568e+01 2.481699884266713382e-02
6.800000000000000000e+01 1.006915053841050435e-02
6.810000000000000853e+01 1.142419810902236987e+00
6.820000000000000284e+01 3.651148199210221823e-01
6.829999999999999716e+01 2.290669232852324613e-02
6.840000000000000568e+01 1.520563622797540160e-04
6.850000000000000000e+01 1.170608355984434010e-02
6.860000000000000853e+01 1.908430451735577613e-02
6.870000000000000284e+01 1.246148453414597096e-01
6.879999999999999716e+01 1.188155979680874602e-03
6.890000000000000568e+01 2.490855563188791935e-02
6.900000000000000000e+01 4.706862637315695902e-03
6.910000000000000853e+01 2.684270421596151972e-03
6.920000000000000284e+01 3.902029233103549918e-03
6.929999999999999716e+01 3.242001549468236099e-02
6.940000000000000568e+01 7.169582305712704495e-02
6.950000000000000000e+01 9.350777584728416081e-03
6.960000000000000853e+01 3.426421651286472043e-03
6.970000000000000284e+01 1.258303633360026152e-01
6.979999999999999716e+01 1.401223991857326823e+00
6.990000000000000568e+01 1.066462309908157824e+00
7.000000000000000000e+01 8.551033355061707919e-01
7.010000000000000853e+01 4.485603060345730864e-01
7.020000000000000284e+01 3.089833980230924482e+01
7.029999999999999716e+01 1.493268948055215262e+00
7.040000000000000568e+01 1.385018387751667035e+01
7.050000000000000000e+01 1.020356017754905764e+01
7.060000000000000853e+01 7.211707521052277414e+00
7.070000000000000284e+01 3.084706966998460587e+00
7.079999999999999716e+01 7.907986446072921005e-01
7.090000000000000568e+01 1.790352803015488492e+00
7.100000000000000000e+01 3.212263952255624222e+00
7.110000000000000853e+01 2.861125906283844555e-01
7.120000000000000284e+01 8.101841408132000044e-01
7.129999999999999716e+01 3.630576683661545512e-01
7.140000000000000568e+01 2.766711037252747585e-01
7.150000000000000000e+01 4.519224881455787823e+00
7.160000000000000853e+01 7.635377066981559047e+00
7.170000000000000284e+01 4.329713544152028248e+00
7.179999999999999716e+01 1.584841690111797874e+01
7.190000000000000568e+01 3.078015599894204612e+01
7.200000000000000000e+01 1.231648567049619487e+02
7.210000000000000853e+01 3.248803588522997075e+02
7.220000000000000284e+01 2.123456726442778404e+02
7.229999999999999716e+01 2.067425583024070761e+02
7.240000000000000568e+01 4.429877125583788455e+01
7.250000000000000000e+01 1.659323933010043106e+01
7.260000000000000853e+01 4.252858924709710919e+01
7.270000000000000284e+01 3.244917058841899404e+00
7.279999999999999716e+01 2.943810142617059533e+00
7.290000000000000568e+01 4.372347624344532058e+00
7.300000000000000000e+01 1.554813084861908834e+00
7.310000000000000853e+01 3.726381465693803796e-01
7.320000000000000284e+01 3.148123391151553263e-01
7.329999999999999716e+01 1.411249861254090687e+00
7.340000000000000568e+01 3.829774161316618075e-01
7.350000000000000000e+01 5.583719221059185500e+00
7.360000000000000853e+01 7.086765591804469011e+01
7.370000000000000284e+01 3.050588135909884002e+01
7.379999999999999716e+01 9.984898565725698916e+01
7.390000000000000568e+01 2.058181067505920510e+02
7.400000000000000000e+01 2.205974574568762137e+02
7.410000000000000853e+01 1.339413469349281058e+02
7.420000000000000284e+01 1.374718001480005967e+02
7.429999999999999716e+01 8.614055796177083835e+01
7.440000000000000568e+01 4.887335110381118675e+00
7.450000000000000000e+01 6.773022098313742845e+01
7.460000000000000853e+01 7.127809325008033214e-01
7.470000000000000284e+01 5.402997991463621696e-01
7.479999999999999716e+01 3.663103056070032171e+00
7.490000000000000568e+01 5.298821871895879276e+00
7.500000000000000000e+01 6.038900056340914979e+00
7.510000000000000853e+01 3.385417472991488985e+00
7.520000000000000284e+01 3.584003077663008963e+00
7.529999999999999716e+01 5.467244309041630146e+01
7.540000000000000568e+01 5.380604334131799504e+01
7.550000000000000000e+01 2.059398835983854426e+01
7.560000000000000853e+01 2.746375545193555645e+00
7.570000000000000284e+01 5.704019176422251647e+00
7.579999999999999716e+01 2.568135108083794194e+01
7.590000000000000568e+01 2.488247751694933285e+01
7.600000000000000000e+01 2.985518768778803178e+01
7.610000000000000853e+01 6.928751969628412333e+00
7.620000000000000284e+01 3.169122030211623553e+01
7.629999999999999716e+01 1.725805607052364854e+00
7.640000000000000568e+01 9.376106316154582121e-01
7.650000000000000000e+01 2.721095910612089330e+00
7.660000000000000853e+01 6.656355480681407366e-01
7.670000000000000284e+01 1.957323682400688103e+00
7.680000000000001137e+01 1.740414177161034459e+01
7.690000000000000568e+01 1.063449056344119237e+00
7.700000000000000000e+01 8.739350031271070351e-01
7.710000000000000853e+01 3.365404155112854401e+00
7.720000000000000284e+01 1.169913399364865381e+00
7.730000000000001137e+01 1.872449288075801022e+00
7.740000000000000568e+01 1.821280611196437249e+00
7.750000000000000000e+01 1.598590851891608366e+01
7.760000000000000853e+01 2.422507785741182218e+01
7.770000000000000284e+01 8.546794295245783601e+00
7.780000000000001137e+01 7.685077732817030949e+01
7.790000000000000568e+01 5.404376101437569702e+01
7.800000000000000000e+01 2.269070339242402312e+00
7.810000000000000853e+01 4.774648341037304178e+00
7.820000000000000284e+01 8.950031912575965976e+00
7.830000000000001137e+01 2.375797769288046482e+02
7.840000000000000568e+01 1.547030327778930712e+02
7.850000000000000000e+01 9.245539921522835414e+01
7.860000000000000853e+01 2.787385048569051449e+01
7.870000000000000284e+01 1.755364429863564908e+02
7.880000000000001137e+01 1.601745724256785195e+02
7.890000000000000568e+01 1.978344554558324830e+02
7.900000000000000000e+01 1.748399642761798987e+02
7.910000000000000853e+01 6.965194385227477802e+00
7.920000000000000284e+01 3.279148574741684996e+01
7.930000000000001137e+01 1.508895405652039123e+01
7.940000000000000568e+01 2.213341502974316199e+02
7.950000000000000000e+01 1.065987207643525103e+01
7.960000000000000853e+01 4.239052426142768226e+00
7.970000000000000284e+01 3.755486481065722693e+00
7.980000000000001137e+01 1.115820276151246304e+01
7.990000000000000568e+01 4.390214312242819261e+01
8.000000000000000000e+01 6.134593163308681874e+00
8.010000000000000853e+01 2.409888248266155220e+00
8.020000000000000284e+01 1.302776130322681247e+01
8.030000000000001137e+01 5.700008730923640243e-01
8.040000000000000568e+01 4.743112501939242165e+00
8.050000000000000000e+01 6.366880616149451777e-01
8.060000000000000853e+01 5.185856089082961518e+01
8.070000000000000284e+01 1.097312335075217220e+02
8.080000000000001137e+01 1.415706822736735830e+02
8.090000000000000568e+01 1.653223432069716337e+00
8.100000000000000000e+01 1.685528761403549236e+00
8.110000000000000853e+01 1.754673015591887042e+00
8.120000000000000284e+01 1.466148660990774122e+00
8.130000000000001137e+01 1.150778996534356793e+02
8.140000000000000568e+01 1.222019448275989220e+02
8.150000000000000000e+01 1.459407108019253485e+01
8.160000000000000853e+01 9.940056547662169351e+01
8.170000000000000284e+01 4.001169511899775699e+01
8.180000000000001137e+01 4.946187725098176280e+00
8.190000000000000568e+01 1.638386466946978430e+02
8.200000000000000000e+01 3.867302354911712570e+01
8.210000000000000853e+01 5.080973039552900161e+01
8.220000000000000284e+01 2.601956679932572403e+00
8.230000000000001137e+01 8.374710963348034909e+01
8.240000000000000568e+01 1.288188989697198394e+01
8.250000000000000000e+01 1.429580329863342669e+01
8.260000000000000853e+01 1.193669886590239742e+02
8.270000000000000284e+01 1.076498244347672824e+02
8.280000000000001137e+01 3.758444599043011092e+00
8.290000000000000568e+01 2.562037807478409235e+01
8.300000000000000000e+01 8.349572911234609762e+00
8.310000000000000853e+01 2.709562569091470419e+00
8.320000000000000284e+01 4.023531054854024802e+01
8.330000000000001137e+01 3.852969161583661872e+00
8.340000000000000568e+01 3.217160185017786667e+00
8.350000000000000000e+01 4.802623418634852470e+01
8.360000000000000853e+01 4.436878591258994931e+01
8.370000000000000284e+01 4.284445879561080694e+00
8.380000000000001137e+01 1.850799321013985121e+01
8.390000000000000568e+01 9.674219575664074755e-01
8.400000000000000000e+01 2.560672444912038825e-01
8.410000000000000853e+01 1.655877750120570369e+01
8.420000000000000284e+01 9.072649636090829972e+00
8.430000000000001137e+01 9.180015624783717243e+00
8.440000000000000568e+01 1.336144485401675741e+00
8.450000000000000000e+01 7.210313983247015557e+00
8.460000000000000853e+01 5.787014815742585583e+00
8.470000000000000284e+01 6.559042002922915948e+00
8.480000000000001137e+01 9.966025201333489347e-01
8.490000000000000568e+01 2.325586904225434848e-01
8.500000000000000000e+01 2.915355937223542693e+00
8.510000000000000853e+01 4.509727859021691820e+00
8.520000000000000284e+01 7.644039267554507688e-01
8.530000000000001137e+01 1.808465934339796022e-01
8.540000000000000568e+01 4.434545166530776683e-01
8.550000000000000000e+01 1.014801016594227834e+00
8.560000000000000853e+01 1.355773734648352757e+01
8.570000000000000284e+01 2.617619189513414213e+00
8.580000000000001137e+01 9.675157066644632931e-01
8.590000000000000568e+01 1.800798475676808730e+00
8.600000000000000000e+01 2.291642412588321409e-01
8.610000000000000853e+01 1.000213224383291521e+00
8.620000000000000284e+01 2.172275337518308203e-01
8.630000000000001137e+01 5.192375299564881974e-01
8.640000000000000568e+01 3.787975228730282584e-01
8.650000000000000000e+01 1.499579865681468505e+00
8.660000000000000853e+01 1.589844892914429320e-01
8.670000000000000284e+01 1.348655161641807432e-01
8.680000000000001137e+01 1.257193937063939337e+00
8.690000000000000568e+01 1.038965398181141087e+00
8.700000000000000000e+01 1.170354632829626818e+00
8.710000000000000853e+01 1.436320548048677093e-01
8.720000000000000284e+01 4.810576262291809124e-01
8.730000000000001137e+01 2.552913333867859458e-01
8.740000000000000568e+01 1.058047222664723508e+00
8.750000000000000000e+01 2.999686780770805417e+00
8.760000000000000853e+01 4.430405867013043064e-01
8.770000000000000284e+01 1.710879568938516171e-01
8.780000000000001137e+01 4.517644023865480807e-01
8.790000000000000568e+01 7.004454855485782172e-01
8.800000000000000000e+01 6.344564836091461046e+00
8.810000000000000853e+01 5.782515207313689842e-01
8.820000000000000284e+01 1.286972175567178578e+00
8.830000000000001137e+01 1.198656780211103623e+01
8.840000000000000568e+01 1.787226570298262729e+01
8.850000000000000000e+01 7.430364704229749151e+00
8.860000000000000853e+01 4.832498511126312479e+01
8.870000000000000284e+01 1.147426472531231525e+02
8.880000000000001137e+01 3.675483854892849678e+01
8.890000000000000568e+01 4.279693261563311069e+01
8.900000000000000000e+01 2.167195998589961050e+02
8.910000000000000853e+01 2.510707460152300143e+02
8.920000000000000284e+01 1.227010883674165882e+02
8.930000000000001137e+01 8.162220189362477640e+01
8.940000000000000568e+01 2.303439498149193909e+01
8.950000000000000000e+01 2.389383080207221042e+02
8.960000000000000853e+01 7.034211124963923112e+01
8.970000000000000284e+01 1.211459417102269356e+02
8.980000000000001137e+01 3.547639694800192700e+01
8.990000000000000568e+01 9.302026619502554183e+01
9.000000000000000000e+01 2.603636536931691694e+02
9.010000000000000853e+01 2.891491875917350285e+02
9.020000000000000284e+01 3.069596860976943162e+02
9.030000000000001137e+01 3.500894745106023151e+02
9.040000000000000568e+01 2.252624451217853334e+02
9.050000000000000000e+01 1.237044253752483343e+02
9.060000000000000853e+01 2.990784931078556497e+02
9.070000000000000284e+01 1.544723308815849521e+02
9.080000000000001137e+01 9.156465176409753326e+01
9.090000000000000568e+01 3.392675430671399113e+02
9.100000000000000000e+01 3.728618941181221658e+02
9.110000000000000853e+01 3.701286121131954587e+02
9.120000000000000284e+01 3.811053535451163157e+02
9.130000000000001137e+01 3.822223654218494744e+02
9.140000000000000568e+01 3.759648466056249276e+02
9.150000000000000000e+01 4.554450896089621779e+02
9.160000000000000853e+01 4.960571389306270476e+02
9.170000000000000284e+01 6.220522767872680561e+02
9.180000000000001137e+01 7.385823897820589536e+02
9.190000000000000568e+01 6.406204990729082738e+02
9.200000000000000000e+01 8.155745262441062096e+02
9.210000000000000853e+01 9.812780518377520593e+02
9.220000000000000284e+01 1.457213333626672238e+03
9.230000000000001137e+01 7.293066848624765043e+03
9.240000000000000568e+01 1.372067413919892715e+03
9.250000000000000000e+01 8.663430522495900732e+02
9.260000000000000853e+01 7.386151326625501952e+02
9.270000000000000284e+01 6.294866602665197206e+02
9.280000000000001137e+01 5.151879995228337066e+02
9.290000000000000568e+01 4.564567841019004959e+02
9.300000000000000000e+01 4.406395693858902973e+02
9.310000000000000853e+01 1.676907902546291211e+02
9.320000000000000284e+01 3.744318731369789077e+01
9.330000000000001137e+01 8.911018425800001808e+01
9.340000000000000568e+01 3.097799983547031033e+01
9.350000000000000000e+01 9.951474921126907347e+00
9.360000000000000853e+01 1.019457547503313677e+01
9.370000000000000284e+01 9.080927189372864916e+00
9.380000000000001137e+01 2.471250765878415301e+00
9.390000000000000568e+01 4.271458464817840195e+00
9.400000000000000000e+01 3.429078266325586810e+01
9.410000000000000853e+01 4.529748656041812538e+00
9.420000000000000284e+01 1.269989655136744666e+01
9.430000000000001137e+01 2.982216905875502988e+01
9.440000000000000568e+01 3.066240632947266676e+01
9.450000000000000000e+01 1.841205773432506376e+01
9.460000000000000853e+01 6.216819922136974697e+01
9.470000000000000284e+01 4.772564412543598422e+00
9.480000000000001137e+01 3.214391213815511961e+00
9.490000000000000568e+01 1.235396506725253829e+01
9.500000000000000000e+01 4.785676156290826100e+00
9.510000000000000853e+01 2.792918243318756311e+01
9.520000000000000284e+01 1.932117746601575758e+00
9.530000000000001137e+01 2.991729116539886491e+00
9.540000000000000568e+01 3.983573456892449904e+00
9.550000000000000000e+01 2.128351179818573158e+01
9.560000000000000853e+01 9.034902326045244791e+00
9.570000000000000284e+01 3.221351822838839141e+00
9.580000000000001137e+01 3.300507559901261878e+00
9.590000000000000568e+01 5.386615563983133015e+00
9.600000000000000000e+01 2.662977555451991662e+00
9.610000000000000853e+01 1.365288216080091432e+00
9.620000000000000284e+01 2.552553234071111454e+00
9.630000000000001137e+01 2.639367456104799725e+00
9.640000000000000568e+01 3.246345390636592443e-01
9.650000000000000000e+01 9.925989236880518318e-02
9.660000000000000853e+01 1.663166908032485791e+00
9.670000000000000284e+01 2.033605613077220653e-01
9.680000000000001137e+01 1.604832611456110947e-01
9.690000000000000568e+01 6.250070355546853695e-02
9.700000000000000000e+01 1.808306427891388513e-01
9.710000000000000853e+01 1.402622017530998022e+00
9.720000000000000284e+01 3.467131758408890652e-01
9.730000000000001137e+01 1.457978445466469875e-01
9.740000000000000568e+01 2.018562438917974322e-01
9.750000000000000000e+01 6.594238398592901229e-02
9.760000000000000853e+01 5.720744264839112692e-01
9.770000000000000284e+01 6.615532270502817447e-01
9.780000000000001137e+01 1.228971828990292448e+00
9.790000000000000568e+01 7.960296591730504911e-02
9.800000000000000000e+01 9.764898697587841292e-02
9.810000000000000853e+01 1.562310160077397425e+00
9.820000000000000284e+01 5.563811228787223229e-01
9.830000000000001137e+01 5.285526052428810573e-01
9.840000000000000568e+01 2.504317422702548313e-01
9.850000000000000000e+01 1.228887022408036378e+00
9.860000000000000853e+01 3.067773940385019604e-01
9.870000000000000284e+01 3.211095097829309797e+00
9.880000000000001137e+01 2.056418844824384973e+00
9.890000000000000568e+01 7.690535885275776806e+00
9.900000000000000000e+01 4.219178050257433910e+01
9.910000000000000853e+01 1.828791454316239795e+00
9.920000000000000284e+01 9.632735880470011391e-01
9.930000000000001137e+01 3.672566711585236177e-01
9.940000000000000568e+01 1.492592678764052883e+00
9.950000000000000000e+01 9.914330978517247317e+00
9.960000000000000853e+01 4.930956204633846873e+00
9.970000000000000284e+01 5.448386329342003176e-01
9.980000000000001137e+01 1.303228916934297654e+00
9.990000000000000568e+01 1.182431894331985589e+01
