0.000000000000000000e+00 5.576000666328534550e+01
1.000000000000000056e-01 2.654331093389339102e+01
2.000000000000000111e-01 7.837262670093211980e+00
3.000000000000000444e-01 1.397469452667996315e+01
4.000000000000000222e-01 3.740451527801154086e+00
5.000000000000000000e-01 1.171003386383053124e+00
6.000000000000000888e-01 6.885981954810476147e-01
7.000000000000000666e-01 8.672230808026691662e+00
8.000000000000000444e-01 4.957062452976908951e+00
9.000000000000000222e-01 9.264196939294048860e+00
1.000000000000000000e+00 2.470505881725693698e+01
1.100000000000000089e+00 2.414691604107595424e+00
1.200000000000000178e+00 2.438511163297247375e+00
1.300000000000000044e+00 3.802751027031685105e+00
1.400000000000000133e+00 3.538078821923546968e+01
1.500000000000000000e+00 4.754906374612126285e+01
1.600000000000000089e+00 7.731931068060150380e+01
1.700000000000000178e+00 8.822326464801459167e+01
1.800000000000000044e+00 5.095081539274827520e+01
1.900000000000000133e+00 3.512011093626946945e+01
2.000000000000000000e+00 4.580380054048568184e+01
2.100000000000000089e+00 6.137352340103704229e+00
2.200000000000000178e+00 1.525547176924084880e+01
2.300000000000000266e+00 1.519985581004910280e+01
2.400000000000000355e+00 6.242926482260551779e+01
2.500000000000000000e+00 1.720823775470902461e+01
2.600000000000000089e+00 3.993831322633410963e+01
2.700000000000000178e+00 5.173428579997493948e+00
2.800000000000000266e+00 1.700243428991634165e+00
2.900000000000000355e+00 1.158327505992946627e+01
3.000000000000000000e+00 2.975684226236005259e+00
3.100000000000000089e+00 2.464521402450745580e+00
3.200000000000000178e+00 1.622052769560658092e+01
3.300000000000000266e+00 3.087759960956077521e+00
3.400000000000000355e+00 1.905002364413863702e+01
3.500000000000000000e+00 2.827856748876921955e+01
3.600000000000000089e+00 2.292055078294541559e+01
3.700000000000000178e+00 5.525784056468203254e+00
3.800000000000000266e+00 1.853181500693781913e+01
3.900000000000000355e+00 7.613026600579318348e+00
4.000000000000000000e+00 4.448809491514273873e+01
4.100000000000000533e+00 1.416033978876473975e+00
4.200000000000000178e+00 6.516496640150591269e+00
4.299999999999999822e+00 1.057411188182270934e+01
4.400000000000000355e+00 7.020031226402293489e-01
4.500000000000000000e+00 1.411676711634841652e+00
4.600000000000000533e+00 8.074887815886426790e-01
4.700000000000000178e+00 1.105885593113884680e+00
4.800000000000000711e+00 1.725887133899645765e+00
4.900000000000000355e+00 7.134720679919304143e-01
5.000000000000000000e+00 8.657684432433078170e-01
5.100000000000000533e+00 3.222541318648737274e+00
5.200000000000000178e+00 1.016112284672064936e+00
5.300000000000000711e+00 4.386755795810805658e+00
5.400000000000000355e+00 6.064166607800232534e+00
5.500000000000000000e+00 9.060279638537187097e+00
5.600000000000000533e+00 1.050788574083929738e+01
5.700000000000000178e+00 2.145147906478940492e+00
5.800000000000000711e+00 1.257450383409409733e+00
5.900000000000000355e+00 4.049161921043878287e+00
6.000000000000000000e+00 4.505165564538103351e-01
6.100000000000000533e+00 5.468162449026749972e-01
6.200000000000000178e+00 6.631581723648197757e-01
6.300000000000000711e+00 2.712514358816331406e-01
6.400000000000000355e+00 2.950307657336309619e-01
6.500000000000000000e+00 8.806171159421602113e+00
6.600000000000000533e+00 3.906726148778825736e-01
6.700000000000000178e+00 5.266141089271216824e-01
6.800000000000000711e+00 1.225014193092425485e-01
6.900000000000000355e+00 1.234671523402732646e-01
7.000000000000000000e+00 2.465793640545866638e-01
7.100000000000000533e+00 2.906713217128942706e+00
7.200000000000000178e+00 2.311790049560179527e-01
7.300000000000000711e+00 1.278091024707005141e-01
7.400000000000000355e+00 1.087387614483375842e+00
7.500000000000000000e+00 9.815123625602921453e-02
7.600000000000000533e+00 4.802746390329003245e-02
7.700000000000000178e+00 1.181123436521275827e-01
7.800000000000000711e+00 1.894350340387332077e+00
7.900000000000000355e+00 1.752713622284934880e-01
8.000000000000000000e+00 2.507282693944691901e-02
8.099999999999999645e+00 3.404510490308106097e-02
8.200000000000001066e+00 5.206757014452087495e-02
8.300000000000000711e+00 1.738325160372169165e-01
8.400000000000000355e+00 1.973004013713581251e-01
8.500000000000000000e+00 7.634471116872711960e-01
8.599999999999999645e+00 1.313013610106497309e+00
8.700000000000001066e+00 8.424520576461651089e+00
8.800000000000000711e+00 6.778312861456360139e+00
8.900000000000000355e+00 5.819057426107476338e+00
9.000000000000000000e+00 5.741856007535354189e-01
9.099999999999999645e+00 1.707664787065110268e+00
9.200000000000001066e+00 4.762217592854432802e+00
9.300000000000000711e+00 6.276305101523580454e-01
9.400000000000000355e+00 1.803154217830260642e+00
9.500000000000000000e+00 6.402333828905930613e-01
9.600000000000001421e+00 1.597579749249661729e+00
9.700000000000001066e+00 4.883956177943150623e-01
9.800000000000000711e+00 6.209972294373423685e-01
9.900000000000000355e+00 1.097451919689343569e+01
1.000000000000000000e+01 1.948507882462799046e+01
1.010000000000000142e+01 7.735546365942314040e-01
1.020000000000000107e+01 3.666759034666737804e+00
1.030000000000000071e+01 4.857337171359917605e+00
1.040000000000000036e+01 1.065704368097244892e+00
1.050000000000000000e+01 5.912495693916725026e-01
1.060000000000000142e+01 6.807501133693008022e-01
1.070000000000000107e+01 4.498632689238962756e-01
1.080000000000000071e+01 7.250430114682686167e+00
1.090000000000000036e+01 8.548455356681758488e+00
1.100000000000000000e+01 3.699584634974756314e-01
1.110000000000000142e+01 8.119084447688448281e-01
1.120000000000000107e+01 1.128254518712809573e-01
1.130000000000000071e+01 1.281555442919987797e+00
1.140000000000000036e+01 5.397327714447163416e+00
1.150000000000000000e+01 1.764686061739057843e+00
1.160000000000000142e+01 4.739604740233039237e+00
1.170000000000000107e+01 2.430118160655363735e-01
1.180000000000000071e+01 5.111249491744837559e-02
1.190000000000000036e+01 4.684906153441391607e-01
1.200000000000000000e+01 1.322563946439011096e+00
1.210000000000000142e+01 5.069116306299026320e-01
1.220000000000000107e+01 5.628180753696505612e-01
1.230000000000000071e+01 1.304611178609691224e+00
1.240000000000000036e+01 2.088121042405047145e+00
1.250000000000000000e+01 1.437336861081506489e+00
1.260000000000000142e+01 9.797583594439664145e-02
1.270000000000000107e+01 3.223766446092971583e-01
1.280000000000000071e+01 5.142078055031622519e-01
1.290000000000000036e+01 2.192887966654000209e-01
1.300000000000000000e+01 1.560888579796831488e+00
1.310000000000000142e+01 1.479924495668714091e-01
1.320000000000000107e+01 1.134950496707694267e-01
1.330000000000000071e+01 1.866136096406835199e-01
1.340000000000000036e+01 7.748912341044389418e-02
1.350000000000000000e+01 2.588118405852435910e-01
1.360000000000000142e+01 1.487411882011977493e-01
1.370000000000000107e+01 3.912940607302370366e-01
1.380000000000000071e+01 4.797477748719183865e-01
1.390000000000000036e+01 3.829270617998005721e-01
1.400000000000000000e+01 4.695242060541990337e-01
1.410000000000000142e+01 5.069513142992021493e-01
1.420000000000000107e+01 2.368745973257983639e+00
1.430000000000000071e+01 1.607282211347133227e+00
1.440000000000000036e+01 7.913287656979844265e+00
1.450000000000000000e+01 9.174868600113473605e+00
1.460000000000000142e+01 2.794981624187090929e+01
1.470000000000000107e+01 4.721022957801106656e+01
1.480000000000000071e+01 3.210664291066429854e+01
1.490000000000000036e+01 6.009666355978057872e+00
1.500000000000000000e+01 2.573126132980075198e+00
1.510000000000000142e+01 2.956219447125489452e+00
1.520000000000000107e+01 7.825058698214863107e+00
1.530000000000000071e+01 1.558682956976454648e+01
1.540000000000000036e+01 2.179909367906693873e+00
1.550000000000000000e+01 8.115033944051281978e+00
1.560000000000000142e+01 7.005725495667316505e-01
1.570000000000000107e+01 7.760124991352639334e+00
1.580000000000000071e+01 4.872393465899609311e-01
1.590000000000000036e+01 9.431722129801602128e-02
1.600000000000000000e+01 1.313732574026619804e-01
1.610000000000000142e+01 6.845935630092199187e-01
1.619999999999999929e+01 1.738152855064497293e-01
1.630000000000000071e+01 5.178131262226601805e-01
1.640000000000000213e+01 6.922021281579211482e-01
1.650000000000000000e+01 7.311875077163633163e-01
1.660000000000000142e+01 3.431965784104972883e+00
1.669999999999999929e+01 4.230902895829150800e+00
1.680000000000000071e+01 3.696880148594631432e+00
1.690000000000000213e+01 9.312171453279535216e-01
1.700000000000000000e+01 1.442823736233197041e+00
1.710000000000000142e+01 1.064869775428322729e+00
1.719999999999999929e+01 1.404724959647920102e+00
1.730000000000000071e+01 2.362955436561519074e-01
1.740000000000000213e+01 2.493284220038892995e-01
1.750000000000000000e+01 1.565922207009695644e-01
1.760000000000000142e+01 3.661036479770489183e-01
1.769999999999999929e+01 2.442818576942904218e-01
1.780000000000000071e+01 6.073100743326887568e-03
1.790000000000000213e+01 8.014786817357276438e-02
1.800000000000000000e+01 4.435682870219129215e-02
1.810000000000000142e+01 1.450664417199473873e-02
1.819999999999999929e+01 9.965231498920167075e-02
1.830000000000000071e+01 1.532142512411706348e-01
1.840000000000000213e+01 2.086771530187324641e-01
1.850000000000000000e+01 2.037389914500825849e+00
1.860000000000000142e+01 1.995159157418372187e-01
1.869999999999999929e+01 1.580876537280086203e-01
1.880000000000000071e+01 5.132961157930310964e-02
1.890000000000000213e+01 2.857645676428873655e-02
1.900000000000000000e+01 1.663817496647763614e-02
1.910000000000000142e+01 2.035740276339158272e-02
1.920000000000000284e+01 8.085521889315182287e-03
1.930000000000000071e+01 3.912270582540195579e-02
1.940000000000000213e+01 5.115037271283131605e-03
1.950000000000000000e+01 3.127479292745875133e-02
1.960000000000000142e+01 2.792817487534963172e-01
1.970000000000000284e+01 1.829349972641070715e-02
1.980000000000000071e+01 3.649663158638418586e-02
1.990000000000000213e+01 2.090103999647282829e-01
2.000000000000000000e+01 1.126298072445670040e-01
2.010000000000000142e+01 1.532612801671613678e-01
2.020000000000000284e+01 1.467257663868168083e-01
2.030000000000000071e+01 9.291135892133335350e-01
2.040000000000000213e+01 9.207432550967827867e-01
2.050000000000000000e+01 3.683488425246281839e-01
2.060000000000000142e+01 8.800453885776809981e-01
2.070000000000000284e+01 6.206656250957366394e-01
2.080000000000000071e+01 1.394000578212384045e-01
2.090000000000000213e+01 3.496392018691369535e-02
2.100000000000000000e+01 5.483745686786892920e-02
2.110000000000000142e+01 3.399080733913762298e-03
2.120000000000000284e+01 4.000011271978838601e-02
2.130000000000000071e+01 9.866216980406077031e-02
2.140000000000000213e+01 5.521067539002786489e-02
2.150000000000000000e+01 7.722276203456469867e-02
2.160000000000000142e+01 2.098650618257744405e-01
2.170000000000000284e+01 9.164295495955467885e-01
2.180000000000000071e+01 7.500671444062698257e+00
2.190000000000000213e+01 1.064901446769277227e+00
2.200000000000000000e+01 2.484359666849390580e-01
2.210000000000000142e+01 5.164182136442283660e-02
2.220000000000000284e+01 4.598549836273844310e-02
2.230000000000000071e+01 1.168489166471747137e-01
2.240000000000000213e+01 4.298618631099000442e-01
2.250000000000000000e+01 5.024066522300676962e-02
2.260000000000000142e+01 8.638954199332712566e-03
2.270000000000000284e+01 1.545773930904874305e-01
2.280000000000000071e+01 3.337617580737176765e-02
2.290000000000000213e+01 4.538222501177645030e-01
2.300000000000000000e+01 3.923535212753259671e-01
2.310000000000000142e+01 3.561715049089900775e-01
2.320000000000000284e+01 4.031219752277511933e-03
2.330000000000000071e+01 1.136231095994201246e-01
2.340000000000000213e+01 2.592944924007818397e+00
2.350000000000000000e+01 6.014156330329379685e+00
2.360000000000000142e+01 2.503700380844079421e-01
2.370000000000000284e+01 6.912193891942146340e-02
2.380000000000000071e+01 6.632754402696584561e-01
2.390000000000000213e+01 1.275067325121167772e-01
2.400000000000000000e+01 2.524164330471014295e-01
2.410000000000000142e+01 3.600992715126366539e-01
2.420000000000000284e+01 2.054748909219556718e-01
2.430000000000000071e+01 2.038925310209727115e-01
2.440000000000000213e+01 1.041289431435590690e-01
2.450000000000000000e+01 2.127895369401133496e-01
2.460000000000000142e+01 2.297481419661753677e+00
2.470000000000000284e+01 1.033504570305059600e+00
2.480000000000000071e+01 1.489740674311617052e-01
2.490000000000000213e+01 1.070246535313939679e-01
2.500000000000000000e+01 9.223831841412502563e-02
2.510000000000000142e+01 2.413173854015632780e-01
2.520000000000000284e+01 2.557473558458134288e-01
2.530000000000000071e+01 2.688596334397228560e+00
2.540000000000000213e+01 5.737305918507430436e-01
2.550000000000000000e+01 2.719706055504529374e-01
2.560000000000000142e+01 2.843714437396786532e-01
2.570000000000000284e+01 1.336332401900285349e+00
2.580000000000000071e+01 2.387611033708836761e+00
2.590000000000000213e+01 5.462262217653097274e+00
2.600000000000000000e+01 8.579229714856189126e-01
2.610000000000000142e+01 2.461423732697053612e+00
2.620000000000000284e+01 2.243145037299377265e+01
2.630000000000000071e+01 5.568022792821678557e+00
2.640000000000000213e+01 9.968830899697815440e+00
2.650000000000000000e+01 1.790502556011439372e+00
2.660000000000000142e+01 3.302373151364136894e-01
2.670000000000000284e+01 2.261951601120650412e+00
2.680000000000000071e+01 2.076538256069722532e+00
2.690000000000000213e+01 6.114243926032446597e-01
2.700000000000000000e+01 8.854169959256281697e-01
2.710000000000000142e+01 1.389005598743821845e-01
2.720000000000000284e+01 2.586600166347473584e-01
2.730000000000000071e+01 9.081394595638606626e-01
2.740000000000000213e+01 3.706067109306305229e-01
2.750000000000000000e+01 5.624929119553178092e-01
2.760000000000000142e+01 5.205487875115583307e+00
2.770000000000000284e+01 5.597076169120895894e-01
2.780000000000000071e+01 6.515902166875789936e-01
2.790000000000000213e+01 1.205681082439028051e+00
2.800000000000000000e+01 1.587151637514721214e+00
2.810000000000000142e+01 2.041887773004704254e+00
2.820000000000000284e+01 3.274869976694454454e-01
2.830000000000000071e+01 6.665268351594265672e-01
2.840000000000000213e+01 4.193711850544587505e-01
2.850000000000000000e+01 2.953794055458549117e+00
2.860000000000000142e+01 3.738304752825511112e+00
2.870000000000000284e+01 1.241872682137292516e+00
2.880000000000000071e+01 1.579071141705316927e+00
2.890000000000000213e+01 3.023627538981791574e+01
2.900000000000000000e+01 3.273629969616960178e+00
2.910000000000000142e+01 2.495694836280093476e+00
2.920000000000000284e+01 3.623349382699531773e+00
2.930000000000000071e+01 2.095698014848610402e-01
2.940000000000000213e+01 2.720370592377345798e+00
2.950000000000000000e+01 3.154101284897651958e+00
2.960000000000000142e+01 2.152335269138727636e+00
2.970000000000000284e+01 3.749066831363342400e-01
2.980000000000000071e+01 4.662119819505753382e-01
2.990000000000000213e+01 2.009528693557006418e-01
3.000000000000000000e+01 8.343919435688343933e-01
3.010000000000000142e+01 8.122120589016580405e-01
3.020000000000000284e+01 5.502935086963648414e-01
3.030000000000000071e+01 2.287691126037397549e+00
3.040000000000000213e+01 1.103009347518036254e+00
3.050000000000000000e+01 1.198178522621380182e+01
3.060000000000000142e+01 1.100386101978731102e+00
3.070000000000000284e+01 6.757617813725346423e+00
3.080000000000000071e+01 2.634106783619872161e+00
3.090000000000000213e+01 2.220181977949031715e+00
3.100000000000000000e+01 1.344500483601089424e+00
3.110000000000000142e+01 8.299270518489860748e+00
3.120000000000000284e+01 8.260602379292172337e-01
3.130000000000000071e+01 2.176744671706592749e-01
3.140000000000000213e+01 2.605615991231606809e-01
3.150000000000000000e+01 1.441791454811618856e+00
3.160000000000000142e+01 1.899321310293854026e+01
3.170000000000000284e+01 3.826306835335459677e+00
3.180000000000000071e+01 4.397925505155413917e-01
3.190000000000000213e+01 2.681825607373984899e-01
3.200000000000000000e+01 6.151861930385542188e+00
3.210000000000000142e+01 1.337086563142316331e+00
3.220000000000000284e+01 2.163396797357187706e-01
3.230000000000000426e+01 4.951959956942539320e-01
3.239999999999999858e+01 2.520443172187010639e+00
3.250000000000000000e+01 7.392992654207632519e+00
3.260000000000000142e+01 3.891834392565587830e+00
3.270000000000000284e+01 9.943320667361489340e-01
3.280000000000000426e+01 4.659278951785653100e-01
3.289999999999999858e+01 3.476364396289612912e-01
3.300000000000000000e+01 1.581378423594542539e+02
3.310000000000000142e+01 4.247675120656666525e-01
3.320000000000000284e+01 2.164410697074256040e-01
3.330000000000000426e+01 4.223594530463261054e-01
3.339999999999999858e+01 1.216333219694643120e+01
3.350000000000000000e+01 2.097550419393883914e+01
3.360000000000000142e+01 1.172075777167082444e+00
3.370000000000000284e+01 1.832271771577071440e-01
3.380000000000000426e+01 4.482489407649464574e+00
3.389999999999999858e+01 5.357943474241474036e+01
3.400000000000000000e+01 1.276909902082904047e+01
3.410000000000000142e+01 8.103342629815182274e-01
3.420000000000000284e+01 2.406623854484352121e-01
3.430000000000000426e+01 1.249562862159126375e+00
3.439999999999999858e+01 1.780660135258293408e+01
3.450000000000000000e+01 1.718708896220388915e+00
3.460000000000000142e+01 1.635855322557640434e+00
3.470000000000000284e+01 2.326194019518196487e+00
3.480000000000000426e+01 2.542896578493889947e+00
3.489999999999999858e+01 3.954979727527286570e+01
3.500000000000000000e+01 4.272417897963779687e+00
3.510000000000000142e+01 9.867771535997668098e-01
3.520000000000000284e+01 7.829909431382350293e-01
3.530000000000000426e+01 1.464450844599053170e+00
3.539999999999999858e+01 2.178043663516878947e+00
3.550000000000000000e+01 9.642625548080248077e-01
3.560000000000000142e+01 1.465711029915507835e+00
3.570000000000000284e+01 1.256580392694101711e+01
3.580000000000000426e+01 3.557476989774662979e+00
3.589999999999999858e+01 1.566070237059372694e+01
3.600000000000000000e+01 4.021489650610130084e+00
3.610000000000000142e+01 5.145885646791504620e+00
3.620000000000000284e+01 1.896371517369129123e+00
3.630000000000000426e+01 9.736989415769372158e+00
3.639999999999999858e+01 3.726103931684106918e+00
3.650000000000000000e+01 2.672998420191584068e-01
3.660000000000000142e+01 7.710388417130190630e-01
3.670000000000000284e+01 1.831269342773962094e+01
3.680000000000000426e+01 6.117488084512924473e+00
3.689999999999999858e+01 1.273648598586402514e+01
3.700000000000000000e+01 3.911497914290911204e+00
3.710000000000000142e+01 1.117921141518233741e+00
3.720000000000000284e+01 3.691968986579223233e-01
3.730000000000000426e+01 1.680076064614716591e+00
3.739999999999999858e+01 1.089160293028353044e+00
3.750000000000000000e+01 1.271113521960361981e+00
3.760000000000000142e+01 1.677028778623627370e-01
3.770000000000000284e+01 6.815627964692930751e-01
3.780000000000000426e+01 4.993055427431267179e-01
3.789999999999999858e+01 1.615751755316566562e+00
3.800000000000000000e+01 7.555574447366762980e-01
3.810000000000000142e+01 3.073691082706836664e+00
3.820000000000000284e+01 1.036389102563673337e+00
3.830000000000000426e+01 1.220170361256719849e+00
3.840000000000000568e+01 4.118722257061035452e-01
3.850000000000000000e+01 1.218956822491441327e+00
3.860000000000000142e+01 5.255965325517808484e-01
3.870000000000000284e+01 3.479111958644570679e-01
3.880000000000000426e+01 1.653872656033914090e+00
3.890000000000000568e+01 1.541302406569629468e+01
3.900000000000000000e+01 6.958623767269169313e+00
3.910000000000000142e+01 7.198377259441165466e-01
3.920000000000000284e+01 3.690447649650604456e-01
3.930000000000000426e+01 3.164924922927023765e-01
3.940000000000000568e+01 6.158809381234312541e-01
3.950000000000000000e+01 9.149623987464439168e-01
3.960000000000000142e+01 1.378964226146442706e-01
3.970000000000000284e+01 1.197394800442826979e+00
3.980000000000000426e+01 3.592295305667966288e-01
3.990000000000000568e+01 6.097687329109415660e-02
4.000000000000000000e+01 3.850437786369645954e-01
4.010000000000000142e+01 4.576998536382618887e+00
4.020000000000000284e+01 3.039718409224290707e-01
4.030000000000000426e+01 2.617260381152167747e-01
4.040000000000000568e+01 2.294733377705064983e-02
4.050000000000000000e+01 3.208686322273762020e-02
4.060000000000000142e+01 2.133574555871600720e-02
4.070000000000000284e+01 1.893481434736707381e-01
4.080000000000000426e+01 6.406011330280192873e+00
4.090000000000000568e+01 1.322309396528730918e+00
4.100000000000000000e+01 1.234275018786332057e+00
4.110000000000000142e+01 2.425738679161590028e+00
4.120000000000000284e+01 1.783316100261051318e+01
4.130000000000000426e+01 8.642190427313074519e-01
4.140000000000000568e+01 2.559674753200310349e+00
4.150000000000000000e+01 1.105276076484436309e+01
4.160000000000000142e+01 2.899381211344650433e-01
4.170000000000000284e+01 9.778081512292589872e-02
4.180000000000000426e+01 1.232968074679115233e-01
4.190000000000000568e+01 3.823353352698317664e-01
4.200000000000000000e+01 2.146987228450980001e-01
4.210000000000000142e+01 5.609578940164743344e-01
4.220000000000000284e+01 2.510686587247167534e+00
4.230000000000000426e+01 7.813098525468433753e-01
4.240000000000000568e+01 2.616933363117934785e-01
4.250000000000000000e+01 1.503564897012522883e-01
4.260000000000000142e+01 8.696183097120990801e-02
4.270000000000000284e+01 5.389684544630747587e-02
4.280000000000000426e+01 6.849357782979992315e-02
4.290000000000000568e+01 2.620535262114797107e-02
4.300000000000000000e+01 4.907270638333425805e-01
4.310000000000000142e+01 4.833961293872360843e-01
4.320000000000000284e+01 1.777772977004037636e-01
4.330000000000000426e+01 6.525304298711671891e-02
4.340000000000000568e+01 1.220878373034434139e-01
4.350000000000000000e+01 1.984876599770162009e-01
4.360000000000000142e+01 3.189700595677993217e-02
4.370000000000000284e+01 6.226702968990896828e-03
4.380000000000000426e+01 3.338139153366663781e-01
4.390000000000000568e+01 2.792999085318292884e-01
4.400000000000000000e+01 2.092162446612726612e+01
4.410000000000000142e+01 1.226276114122224570e+01
4.420000000000000284e+01 2.696652521094115018e-01
4.430000000000000426e+01 4.571695714705136027e+00
4.440000000000000568e+01 4.814276025269268899e+00
4.450000000000000000e+01 5.963192696541566029e+00
4.460000000000000142e+01 1.700696268808897793e+00
4.470000000000000284e+01 3.178195010545430410e-01
4.480000000000000426e+01 1.078806047241824551e-01
4.490000000000000568e+01 1.128958512750284499e-01
4.500000000000000000e+01 8.454723204951924975e-02
4.510000000000000142e+01 9.717336583259432448e-02
4.520000000000000284e+01 3.679171474576935719e+00
4.530000000000000426e+01 3.634058443682780748e+00
4.540000000000000568e+01 4.466313565276656683e-01
4.550000000000000000e+01 1.110785308442225228e+00
4.560000000000000142e+01 1.291139807452635013e+00
4.570000000000000284e+01 5.521844674468731062e-01
4.580000000000000426e+01 1.426905701569056439e-01
4.590000000000000568e+01 8.595352079258733013e+00
4.600000000000000000e+01 3.816914602972310444e+00
4.610000000000000142e+01 7.593762323093031785e-01
4.620000000000000284e+01 3.657706445207168922e-01
4.630000000000000426e+01 1.977542058844336814e-01
4.640000000000000568e+01 2.419503790341459293e-01
4.650000000000000000e+01 6.639096263816525179e-01
4.660000000000000142e+01 1.504266685747404908e-01
4.670000000000000284e+01 8.434258924538969027e-02
4.680000000000000426e+01 1.983770308008769856e-01
4.690000000000000568e+01 1.199421502371557230e-01
4.700000000000000000e+01 1.087175727932433167e-01
4.710000000000000142e+01 6.015380879672262981e-01
4.720000000000000284e+01 1.349657734861996250e+00
4.730000000000000426e+01 2.242188118819432141e+00
4.740000000000000568e+01 1.101119740199496766e+00
4.750000000000000000e+01 6.104371798310950226e+00
4.760000000000000142e+01 1.010255575280735130e+01
4.770000000000000284e+01 9.247711833188864361e+00
4.780000000000000426e+01 8.050998776992129180e+00
4.790000000000000568e+01 1.092267361251062141e+01
4.800000000000000000e+01 3.539349657407282024e+00
4.810000000000000142e+01 4.497338269463671878e+00
4.820000000000000284e+01 1.531718436168440256e+01
4.830000000000000426e+01 5.976383578263296137e+00
4.840000000000000568e+01 2.176535202351983500e+00
4.850000000000000000e+01 4.061985514253484975e-01
4.860000000000000142e+01 2.760852050316112027e+00
4.870000000000000284e+01 1.711521321719848743e+01
4.880000000000000426e+01 7.182108952453046591e+00
4.890000000000000568e+01 1.117789222066268850e+00
4.900000000000000000e+01 2.448626389074584908e-01
4.910000000000000142e+01 1.300325726770888701e-01
4.920000000000000284e+01 3.728700847965241150e-01
4.930000000000000426e+01 4.773679916948770696e+00
4.940000000000000568e+01 2.121897069523886348e+00
4.950000000000000000e+01 1.738537474804967120e+00
4.960000000000000142e+01 9.137919261429168216e-01
4.970000000000000284e+01 2.701155251125150203e-01
4.980000000000000426e+01 5.264888898629089375e+00
4.990000000000000568e+01 2.442484420023075486e+01
5.000000000000000000e+01 1.499300178967976649e+01
5.010000000000000142e+01 9.095999615491784596e+00
5.020000000000000284e+01 1.901443411774396708e+01
5.030000000000000426e+01 5.004535754895883315e+00
5.040000000000000568e+01 4.437839847850197472e+00
5.050000000000000000e+01 6.147397297402565908e-01
5.060000000000000142e+01 1.240989364515818094e+00
5.070000000000000284e+01 6.822741198293785780e-01
5.080000000000000426e+01 2.146236577801061252e+00
5.090000000000000568e+01 2.336796125502431654e+00
5.100000000000000000e+01 8.916244972509149713e-01
5.110000000000000142e+01 6.960251684512811510e-01
5.120000000000000284e+01 5.230760104690309831e+00
5.130000000000000426e+01 4.903296415977615452e-01
5.140000000000000568e+01 2.798125494197009622e-01
5.150000000000000000e+01 1.300210717630297452e+01
5.160000000000000142e+01 6.394671175681468256e+00
5.170000000000000284e+01 1.002064472413641688e-01
5.180000000000000426e+01 1.875912368278896125e-01
5.190000000000000568e+01 3.780375407869886184e-02
5.200000000000000000e+01 4.581479314677585485e-02
5.210000000000000142e+01 1.430185323417986765e-01
5.220000000000000284e+01 2.327624383244912831e-01
5.230000000000000426e+01 1.213645876193032214e+00
5.240000000000000568e+01 2.872822529957492210e-01
5.250000000000000000e+01 3.782048102651449639e-01
5.260000000000000142e+01 3.266415212636297194e-01
5.270000000000000284e+01 2.840285934389757960e-01
5.280000000000000426e+01 4.563286434960113769e-01
5.290000000000000568e+01 2.810592578097614425e+00
5.300000000000000000e+01 4.182050179627276876e+00
5.310000000000000142e+01 2.887326627146081792e-01
5.320000000000000284e+01 2.494423770714844224e+00
5.330000000000000426e+01 3.222407850314942035e+00
5.340000000000000568e+01 5.732176693373444154e-01
5.350000000000000000e+01 1.496892664946800400e+00
5.360000000000000142e+01 1.040874526433458014e+00
5.370000000000000284e+01 1.518021409458094328e-01
5.380000000000000426e+01 1.241801379256581885e-02
5.390000000000000568e+01 8.171616911092639823e-02
5.400000000000000000e+01 1.360065635391093375e-01
5.410000000000000142e+01 1.122565023247286575e+00
5.420000000000000284e+01 6.346689377705183599e-01
5.430000000000000426e+01 2.261542688564045500e-01
5.440000000000000568e+01 1.598959013093565196e-01
5.450000000000000000e+01 9.338926473806696826e-01
5.460000000000000142e+01 5.312772552219209299e-01
5.470000000000000284e+01 1.030965167028526364e-01
5.480000000000000426e+01 1.212723803504766745e-01
5.490000000000000568e+01 1.161832089790518358e-01
5.500000000000000000e+01 9.800527992232049845e-03
5.510000000000000142e+01 2.770796922091640566e-02
5.520000000000000284e+01 5.786931713125030574e-02
5.530000000000000426e+01 1.652429062146914540e-01
5.540000000000000568e+01 6.151391876611284060e-01
5.550000000000000000e+01 7.863493585682240772e-01
5.560000000000000142e+01 1.263220347908433183e+00
5.570000000000000284e+01 1.042951228876945191e-01
5.580000000000000426e+01 3.613962682134421733e-01
5.590000000000000568e+01 2.012396814926152300e-01
5.600000000000000000e+01 1.916154857041682258e-01
5.610000000000000142e+01 1.530690603538787664e-01
5.620000000000000284e+01 1.219059301581915111e-01
5.630000000000000426e+01 5.359337028504619349e-01
5.640000000000000568e+01 4.195679770914167439e-01
5.650000000000000000e+01 3.469999932782601992e-01
5.660000000000000142e+01 2.129990982087006213e+00
5.670000000000000284e+01 1.989162797448071229e+00
5.680000000000000426e+01 4.253060982993104311e-01
5.690000000000000568e+01 3.699052583351465917e-01
5.700000000000000000e+01 3.174578215364562972e-01
5.710000000000000142e+01 3.506248292918402232e+00
5.720000000000000284e+01 5.877424334428938968e-01
5.730000000000000426e+01 1.607092358052607750e+00
5.740000000000000568e+01 2.806921848879880166e+00
5.750000000000000000e+01 1.538201290143824895e+00
5.760000000000000142e+01 6.151068789517845081e-01
5.770000000000000284e+01 7.754565644073303787e-02
5.780000000000000426e+01 5.434711196486645690e-01
5.790000000000000568e+01 5.435219431863814732e-01
5.800000000000000000e+01 1.483570575897186217e-01
5.810000000000000142e+01 1.472421906408371561e-01
5.820000000000000284e+01 1.959867721396949328e-02
5.830000000000000426e+01 1.522423831390685859e-03
5.840000000000000568e+01 4.469639061164343286e-02
5.850000000000000000e+01 8.755721962591650476e-02
5.860000000000000142e+01 1.211751040146666680e+00
5.870000000000000284e+01 7.107128187946740283e+00
5.880000000000000426e+01 2.315188168814426295e-01
5.890000000000000568e+01 1.725449964878027487e-01
5.900000000000000000e+01 3.949501705640369731e-01
5.910000000000000142e+01 3.996314424408491939e-01
5.920000000000000284e+01 4.442619616848942909e-01
5.930000000000000426e+01 7.626777527467538675e-01
5.940000000000000568e+01 2.367817841397088063e+00
5.950000000000000000e+01 2.803220676768037212e+00
5.960000000000000142e+01 4.304457569945350670e+00
5.970000000000000284e+01 4.973738767761170187e+00
5.980000000000000426e+01 7.072237644800916101e+00
5.990000000000000568e+01 2.391680752848903690e+00
6.000000000000000000e+01 4.344459153004162744e+00
6.010000000000000142e+01 2.525378066232351948e+00
6.020000000000000284e+01 2.806683917679451690e-01
6.030000000000000426e+01 1.251459659728454410e+00
6.040000000000000568e+01 2.190933702262994609e-01
6.050000000000000000e+01 2.727867698728931312e-01
6.060000000000000142e+01 2.341814172982274178e-01
6.070000000000000284e+01 1.956150983332698434e+00
6.080000000000000426e+01 9.407338340581394842e-01
6.090000000000000568e+01 3.989635353110795091e+00
6.100000000000000000e+01 3.016862133694238612e-01
6.110000000000000142e+01 9.014939020820842419e-01
6.120000000000000284e+01 9.897152299683794618e-01
6.130000000000000426e+01 1.729022530952322834e+00
6.140000000000000568e+01 3.757674968304069107e+00
6.150000000000000000e+01 7.611822218888609770e-01
6.160000000000000142e+01 2.180078708550525768e+00
6.170000000000000284e+01 1.015676883794212060e+01
6.180000000000000426e+01 1.986410624918246048e+00
6.190000000000000568e+01 1.319101658142446354e+01
6.200000000000000000e+01 3.533744187213431864e+00
6.210000000000000142e+01 3.444229863627001009e+00
6.220000000000000284e+01 1.750024247190104987e+01
6.230000000000000426e+01 8.810912920860265451e-01
6.240000000000000568e+01 1.336351898699924767e+00
6.250000000000000000e+01 9.319676599368893477e+00
6.260000000000000142e+01 1.251686710062078323e+00
6.270000000000000284e+01 1.502070779677288082e+00
6.280000000000000426e+01 2.124331285205047948e+01
6.290000000000000568e+01 2.591760514032397378e+00
6.300000000000000000e+01 2.569122462621997727e+00
6.310000000000000142e+01 8.043828819263746155e+00
6.320000000000000284e+01 2.783054017766788846e+01
6.330000000000000426e+01 3.231588619910458249e+01
6.340000000000000568e+01 2.200177552330423100e-02
6.350000000000000000e+01 2.612904608469082390e+01
6.360000000000000142e+01 2.208145376601128973e+01
6.370000000000000284e+01 4.713333598765043764e-01
6.380000000000000426e+01 2.984437856502867303e-01
6.390000000000000568e+01 1.331288457232129074e+00
6.400000000000000000e+01 7.611624334588359408e-01
6.410000000000000853e+01 1.424007153340098419e+01
6.420000000000000284e+01 2.504749774283833386e+00
6.429999999999999716e+01 1.146099586506260648e+00
6.440000000000000568e+01 9.467825737083485071e-01
6.450000000000000000e+01 6.826188046796653752e-02
6.460000000000000853e+01 1.475518286137049995e-01
6.470000000000000284e+01 2.429724801642440646e+00
6.479999999999999716e+01 6.851907101112653109e+00
6.490000000000000568e+01 8.005941114152178573e-01
6.500000000000000000e+01 2.115674623435282342e+01
6.510000000000000853e+01 7.997211834691763110e-01
6.520000000000000284e+01 8.270031335806167228e-01
6.529999999999999716e+01 9.477030285551166777e-01
6.540000000000000568e+01 3.522896789533707995e+00
6.550000000000000000e+01 6.851018666844210792e-01
6.560000000000000853e+01 9.731329232458502121e-02
6.570000000000000284e+01 6.006691658963777408e-02
6.579999999999999716e+01 1.357435073899083688e-01
6.590000000000000568e+01 6.581753765922482291e-01
6.600000000000000000e+01 2.652376064939372835e+00
6.610000000000000853e+01 1.937898275164566364e+00
6.620000000000000284e+01 3.836945080182603829e-01
6.629999999999999716e+01 3.966181351114835607e+00
6.640000000000000568e+01 8.648677968478763134e+00
6.650000000000000000e+01 2.527466358743237329e+00
6.660000000000000853e+01 2.915605589787396701e-01
6.670000000000000284e+01 1.937562942931012888e-01
6.679999999999999716e+01 5.063896683822995293e+00
6.690000000000000568e+01 4.962326363252030248e+00
6.700000000000000000e+01 7.348610301625472019e+00
6.710000000000000853e+01 1.812050566357070736e+00
6.720000000000000284e+01 5.531202763915933351e-01
6.729999999999999716e+01 9.863345499287519136e-01
6.740000000000000568e+01 7.072848621745230213e-01
6.750000000000000000e+01 9.664040118909447141e-01
6.760000000000000853e+01 4.144119622557920768e-01
6.770000000000000284e+01 2.169843850930756801e+01
6.779999999999999716e+01 1.003180442699262570e-01
6.790000000000000568e+01 4.292522731825278548e+00
6.800000000000000000e+01 3.706808171688546483e-01
6.810000000000000853e+01 1.138185057552013602e+00
6.820000000000000284e+01 5.917935225563193402e-01
6.829999999999999716e+01 1.536334517115288900e+00
6.840000000000000568e+01 1.538063832644177564e+00
6.850000000000000000e+01 2.929883250117328419e+00
6.860000000000000853e+01 1.191617768666275667e+00
6.870000000000000284e+01 8.012892988829187768e-01
6.879999999999999716e+01 8.306384311029132439e-01
6.890000000000000568e+01 1.941986069098609879e-01
6.900000000000000000e+01 5.201334453152501869e-01
6.910000000000000853e+01 8.714393324932162344e+00
6.920000000000000284e+01 1.444874141454000283e+00
6.929999999999999716e+01 1.279099126710912415e+01
6.940000000000000568e+01 2.179111943979410881e+00
6.950000000000000000e+01 1.677449382758566587e+00
6.960000000000000853e+01 1.119522639039994871e+01
6.970000000000000284e+01 1.399739650640918098e+00
6.979999999999999716e+01 5.003424501440677519e-01
6.990000000000000568e+01 1.165077229331886732e+00
7.000000000000000000e+01 3.017878406740993835e+00
7.010000000000000853e+01 2.535818865158733892e+00
7.020000000000000284e+01 2.495293125464661976e+00
7.029999999999999716e+01 5.429881942542282847e-01
7.040000000000000568e+01 2.355155957670326539e-01
7.050000000000000000e+01 4.406422114941605517e-01
7.060000000000000853e+01 7.635773107464982612e-01
7.070000000000000284e+01 1.351951272782083047e+00
7.079999999999999716e+01 6.658098880925226171e-01
7.090000000000000568e+01 6.450123683178821565e+00
7.100000000000000000e+01 9.010842231642814948e-01
7.110000000000000853e+01 4.585636838656944603e-01
7.120000000000000284e+01 1.015195197823664408e+00
7.129999999999999716e+01 6.858545073357714683e-01
7.140000000000000568e+01 9.051240471788646325e-01
7.150000000000000000e+01 1.522270264471311974e+00
7.160000000000000853e+01 2.217467471512881982e-01
7.170000000000000284e+01 3.249681456293954662e-01
7.179999999999999716e+01 2.660091467924969422e+00
7.190000000000000568e+01 1.608912680972229559e-01
7.200000000000000000e+01 7.801251332445930942e-01
7.210000000000000853e+01 1.387163928060267448e+00
7.220000000000000284e+01 2.515720805205381883e+00
7.229999999999999716e+01 5.560267077418552084e+00
7.240000000000000568e+01 3.871114731308117740e+01
7.250000000000000000e+01 1.177495125882307114e+01
7.260000000000000853e+01 6.266155111858227045e+00
7.270000000000000284e+01 1.634418321576191768e-01
7.279999999999999716e+01 1.408551336790639485e+00
7.290000000000000568e+01 1.097397214328940773e+00
7.300000000000000000e+01 8.256579498204618117e-01
7.310000000000000853e+01 3.022979407692520382e-01
7.320000000000000284e+01 2.311222758088016804e-01
7.329999999999999716e+01 1.049316671950559776e+00
7.340000000000000568e+01 4.315865903221737798e-01
7.350000000000000000e+01 5.007116696525579225e-02
7.360000000000000853e+01 1.235257229641523735e-01
7.370000000000000284e+01 5.196268945007002094e-01
7.379999999999999716e+01 1.027457642575461128e-01
7.390000000000000568e+01 1.882681120159556687e-01
7.400000000000000000e+01 1.434657772364414274e+00
7.410000000000000853e+01 2.181319975581011317e+00
7.420000000000000284e+01 1.714207142016573315e-01
7.429999999999999716e+01 1.744365476981771523e-01
7.440000000000000568e+01 3.113513982598819715e-02
7.450000000000000000e+01 1.977477678267309802e-01
7.460000000000000853e+01 4.738013430068334642e-01
7.470000000000000284e+01 3.257741221785681596e-01
7.479999999999999716e+01 3.676515860673278402e-01
7.490000000000000568e+01 1.249287203207747471e-01
7.500000000000000000e+01 2.008061618729538034e-01
7.510000000000000853e+01 1.259053407655744694e+00
7.520000000000000284e+01 5.507138108104083329e+00
7.529999999999999716e+01 8.502005114024013821e+00
7.540000000000000568e+01 3.603843289119542104e-01
7.550000000000000000e+01 1.266760919146860120e-01
7.560000000000000853e+01 1.987034092777370808e-01
7.570000000000000284e+01 4.780118329945916011e-01
7.579999999999999716e+01 3.041954745862394671e-01
7.590000000000000568e+01 4.187653472508526264e-02
7.600000000000000000e+01 9.923631622774192057e-03
7.610000000000000853e+01 2.113136779049563235e-02
7.620000000000000284e+01 2.870647928062827758e-02
7.629999999999999716e+01 1.337900368063808798e-01
7.640000000000000568e+01 8.065630158698670893e-02
7.650000000000000000e+01 3.543639448304505141e-02
7.660000000000000853e+01 3.009213974266106498e-02
7.670000000000000284e+01 2.711502784498468488e-01
7.680000000000001137e+01 1.142620847873320411e+00
7.690000000000000568e+01 3.541189584600314078e+00
7.700000000000000000e+01 4.198091167906467192e+00
7.710000000000000853e+01 2.105038335266573135e+00
7.720000000000000284e+01 1.779713316127287392e-01
7.730000000000001137e+01 4.893878951872093763e-02
7.740000000000000568e+01 4.951396246444241152e-03
7.750000000000000000e+01 1.872810658602940270e-01
7.760000000000000853e+01 7.409637156987637641e-02
7.770000000000000284e+01 3.360955057317433891e-03
7.780000000000001137e+01 4.917299489865962006e-03
7.790000000000000568e+01 9.055870930956777531e-02
7.800000000000000000e+01 4.319616602790551929e-02
7.810000000000000853e+01 1.018115583215376818e-01
7.820000000000000284e+01 5.441716120639104037e-01
7.830000000000001137e+01 5.504115907315532130e-01
7.840000000000000568e+01 1.938120344786268545e-01
7.850000000000000000e+01 1.044852005284036822e-01
7.860000000000000853e+01 5.919981899736432435e-02
7.870000000000000284e+01 4.900416656572620377e-02
7.880000000000001137e+01 6.439699175588124713e-02
7.890000000000000568e+01 1.052252805767237426e-01
7.900000000000000000e+01 1.240551661694141022e-01
7.910000000000000853e+01 1.454531322134046123e-01
7.920000000000000284e+01 2.361038994375226352e-01
7.930000000000001137e+01 6.404870024949289864e-02
7.940000000000000568e+01 8.021799087886916091e-03
7.950000000000000000e+01 9.838479733849413763e-04
7.960000000000000853e+01 5.081992463077818906e-02
7.970000000000000284e+01 8.549574064439603716e-03
7.980000000000001137e+01 1.801510262970775975e-02
7.990000000000000568e+01 4.647960895509519602e-02
8.000000000000000000e+01 2.141851285787060577e-01
8.010000000000000853e+01 7.636935623536422746e-02
8.020000000000000284e+01 1.139380539343256560e-01
8.030000000000001137e+01 2.324059419900424306e+00
8.040000000000000568e+01 2.119619242038686124e-01
8.050000000000000000e+01 1.681706500822516825e-01
8.060000000000000853e+01 5.492008977980324946e-01
8.070000000000000284e+01 2.357867415236741260e-01
8.080000000000001137e+01 7.587457227315995700e-01
8.090000000000000568e+01 3.860344512774207537e-01
8.100000000000000000e+01 1.697043036302361418e-01
8.110000000000000853e+01 2.458304547233627346e-01
8.120000000000000284e+01 1.961222006919348670e-01
8.130000000000001137e+01 5.891592228510508233e-01
8.140000000000000568e+01 1.259916876422149556e+00
8.150000000000000000e+01 4.079111157836917689e-01
8.160000000000000853e+01 5.161954760010774024e-01
8.170000000000000284e+01 4.713566363810637316e-01
8.180000000000001137e+01 1.036511315076625861e+00
8.190000000000000568e+01 1.313602096221398119e+00
8.200000000000000000e+01 2.899712449272198733e-01
8.210000000000000853e+01 7.550192361158513110e-01
8.220000000000000284e+01 7.395089906375292621e+00
8.230000000000001137e+01 1.468383084391825477e+01
8.240000000000000568e+01 1.501008900353713038e+00
8.250000000000000000e+01 2.499123841805028334e+00
8.260000000000000853e+01 1.311562791120503002e+00
8.270000000000000284e+01 3.453414058305404599e-01
8.280000000000001137e+01 4.475291077104396886e-01
8.290000000000000568e+01 1.673584889998485536e+00
8.300000000000000000e+01 1.019079796025531115e+00
8.310000000000000853e+01 4.646937938173363314e+00
8.320000000000000284e+01 1.505614552689029662e+00
8.330000000000001137e+01 1.884111703179785158e+00
8.340000000000000568e+01 1.137598224513072021e+00
8.350000000000000000e+01 9.953841144871311553e-01
8.360000000000000853e+01 1.606561755409192882e+00
8.370000000000000284e+01 1.039341530237237521e+00
8.380000000000001137e+01 8.365250329678598495e-01
8.390000000000000568e+01 1.386038590167094631e+00
8.400000000000000000e+01 1.846587845706781028e+00
8.410000000000000853e+01 3.990339841149197930e+00
8.420000000000000284e+01 3.283086320787252932e-01
8.430000000000001137e+01 5.277809330252587472e-01
8.440000000000000568e+01 5.511861539912207064e+00
8.450000000000000000e+01 2.452238425964097246e+00
8.460000000000000853e+01 1.330410062268294391e+00
8.470000000000000284e+01 3.109655746834417478e+00
8.480000000000001137e+01 1.389051983095380138e-01
8.490000000000000568e+01 3.378532664105025896e-02
8.500000000000000000e+01 3.449898309468264757e-02
8.510000000000000853e+01 1.603071776223699563e-01
8.520000000000000284e+01 3.157334758994220780e-01
8.530000000000001137e+01 6.769176201743279941e-01
8.540000000000000568e+01 1.387848659258711197e-02
8.550000000000000000e+01 1.612057945161091410e-01
8.560000000000000853e+01 3.444825541778431255e-01
8.570000000000000284e+01 1.431698383365512528e-01
8.580000000000001137e+01 1.143457264023511888e-01
8.590000000000000568e+01 5.783793297626016461e-01
8.600000000000000000e+01 6.844807426206595657e+00
8.610000000000000853e+01 5.656346201892012537e+00
8.620000000000000284e+01 2.919434190154458708e+00
8.630000000000001137e+01 6.996946423188348252e-01
8.640000000000000568e+01 3.417339371020177818e+00
8.650000000000000000e+01 3.795367785991454301e+00
8.660000000000000853e+01 8.338291736064400439e+00
8.670000000000000284e+01 1.403978948906272350e+01
8.680000000000001137e+01 9.839079405581696136e+00
8.690000000000000568e+01 1.539535657886347275e+00
8.700000000000000000e+01 7.393600312880672931e-02
8.710000000000000853e+01 1.575490004806248567e+00
8.720000000000000284e+01 9.279743795476674606e+00
8.730000000000001137e+01 9.152999853990058110e-01
8.740000000000000568e+01 2.799429548471302098e+00
8.750000000000000000e+01 3.314980807015416864e-01
8.760000000000000853e+01 3.737405183400098196e-01
8.770000000000000284e+01 3.446852024597125030e+00
8.780000000000001137e+01 2.308301607627226470e+00
8.790000000000000568e+01 4.740093382807477607e-01
8.800000000000000000e+01 8.942712672928315731e-01
8.810000000000000853e+01 5.857469143942918066e+00
8.820000000000000284e+01 1.116999024797993556e+01
8.830000000000001137e+01 4.355916224574443163e+00
8.840000000000000568e+01 3.198943126142917759e+00
8.850000000000000000e+01 2.056620155672744588e+00
8.860000000000000853e+01 5.401178664713776278e+00
8.870000000000000284e+01 1.025609393333021258e+00
8.880000000000001137e+01 3.628876491298327789e+00
8.890000000000000568e+01 7.046098917187305410e+00
8.900000000000000000e+01 1.845634389563948430e+00
8.910000000000000853e+01 9.489579981831916533e-02
8.920000000000000284e+01 6.445227204382381059e-02
8.930000000000001137e+01 2.993060864399098020e-01
8.940000000000000568e+01 1.023315379997188079e-01
8.950000000000000000e+01 1.115288731807502903e-01
8.960000000000000853e+01 1.768304531173999217e-01
8.970000000000000284e+01 7.802415102502656019e+00
8.980000000000001137e+01 2.120578635561824465e-01
8.990000000000000568e+01 2.529217459931682455e-01
9.000000000000000000e+01 2.580309273187801899e-01
9.010000000000000853e+01 3.621459988879459635e-01
9.020000000000000284e+01 1.010192330842740738e+00
9.030000000000001137e+01 1.495124636874319624e+00
9.040000000000000568e+01 2.566710584627179270e-01
9.050000000000000000e+01 3.090712673530475463e-02
9.060000000000000853e+01 6.895188818762195207e-03
9.070000000000000284e+01 2.760918993565079568e-02
9.080000000000001137e+01 6.757885631895697853e-02
9.090000000000000568e+01 2.527412185274193757e-01
9.100000000000000000e+01 3.116611254805562448e-01
9.110000000000000853e+01 1.395954380621180269e+00
9.120000000000000284e+01 7.849316391195457765e-01
9.130000000000001137e+01 1.138106215340353583e-01
9.140000000000000568e+01 3.687738820584747779e-01
9.150000000000000000e+01 1.314770754584104973e+00
9.160000000000000853e+01 3.004934126122723592e-01
9.170000000000000284e+01 1.329083712611319523e+00
9.180000000000001137e+01 1.297360017656110642e+00
9.190000000000000568e+01 4.422885313434545274e-01
9.200000000000000000e+01 8.633981184123690200e-01
9.210000000000000853e+01 2.260267190993705455e+01
9.220000000000000284e+01 4.853183958501015027e+00
9.230000000000001137e+01 1.233045874444036727e+01
9.240000000000000568e+01 3.559184771616846987e+00
9.250000000000000000e+01 2.455672708484926137e-01
9.260000000000000853e+01 3.505059612085224874e+00
9.270000000000000284e+01 1.025089233409658629e+00
9.280000000000001137e+01 8.350870669383773093e-01
9.290000000000000568e+01 1.445152090996968619e+00
9.300000000000000000e+01 4.089885817928337608e-01
9.310000000000000853e+01 2.215294413843743371e+00
9.320000000000000284e+01 4.032511306636497928e+00
9.330000000000001137e+01 1.231468195585419645e+00
9.340000000000000568e+01 2.133941626273142766e+00
9.350000000000000000e+01 1.531587762526773533e+00
9.360000000000000853e+01 1.755588629347204277e+00
9.370000000000000284e+01 2.577274262321059606e+00
9.380000000000001137e+01 4.097118699833566802e-01
9.390000000000000568e+01 1.205479693113360673e+00
9.400000000000000000e+01 1.247994847140815544e+00
9.410000000000000853e+01 1.041621762395775530e+00
9.420000000000000284e+01 4.300449694973764281e+00
9.430000000000001137e+01 1.598337179277514286e+00
9.440000000000000568e+01 1.105519334858548586e+00
9.450000000000000000e+01 4.251817122095727086e+01
9.460000000000000853e+01 1.169723556387344132e+01
9.470000000000000284e+01 2.182343257316154528e+00
9.480000000000001137e+01 6.579977162577319127e+00
9.490000000000000568e+01 2.836533947835121250e+00
9.500000000000000000e+01 1.566220694649868017e+00
9.510000000000000853e+01 2.300525592881306380e+01
9.520000000000000284e+01 8.475814482616513601e+00
9.530000000000001137e+01 6.483789236850795668e+00
9.540000000000000568e+01 2.576639359611176516e+00
9.550000000000000000e+01 1.117093477770648491e+01
9.560000000000000853e+01 7.869468515732721769e+00
9.570000000000000284e+01 4.981453208637806718e+00
9.580000000000001137e+01 4.535569060090224980e+00
9.590000000000000568e+01 1.980163624814148760e+00
9.600000000000000000e+01 2.321300172431985942e+01
9.610000000000000853e+01 7.002918485643881752e+01
9.620000000000000284e+01 4.321585391969569656e+01
9.630000000000001137e+01 6.635876799524264236e+00
9.640000000000000568e+01 2.070873138899422727e+01
9.650000000000000000e+01 1.049942311867656208e+01
9.660000000000000853e+01 4.462457574713945263e+01
9.670000000000000284e+01 6.965743641798015418e+00
9.680000000000001137e+01 4.536721655623315641e+00
9.690000000000000568e+01 5.888458818544970441e+00
9.700000000000000000e+01 1.985923958503366338e+00
9.710000000000000853e+01 1.920825649928604051e+01
9.720000000000000284e+01 1.539469085164568796e+01
9.730000000000001137e+01 2.419694095937842704e+01
9.740000000000000568e+01 7.259483923715492892e+01
9.750000000000000000e+01 6.007335312666143068e+01
9.760000000000000853e+01 4.193446986147121436e+01
9.770000000000000284e+01 2.931553833159554756e+01
9.780000000000001137e+01 4.534001297463858293e+01
9.790000000000000568e+01 4.700313846018858754e+01
9.800000000000000000e+01 1.586957152479181232e+01
9.810000000000000853e+01 5.041792746129352309e+01
9.820000000000000284e+01 2.660129935072966418e+02
9.830000000000001137e+01 3.187105149827810635e+01
9.840000000000000568e+01 4.353665898951557267e+01
9.850000000000000000e+01 6.437428233080271411e+01
9.860000000000000853e+01 7.961947969547058790e+01
9.870000000000000284e+01 6.416261470576542081e+01
9.880000000000001137e+01 1.034667320927295862e+02
9.890000000000000568e+01 1.008828435677342554e+02
9.900000000000000000e+01 8.834613450577954552e+01
9.910000000000000853e+01 9.806075230893358707e+01
9.920000000000000284e+01 1.864714509153177744e+02
9.930000000000001137e+01 2.818462812277307421e+02
9.940000000000000568e+01 3.062598777034880868e+02
9.950000000000000000e+01 2.139261916024248080e+02
9.960000000000000853e+01 1.030083133591172668e+02
9.970000000000000284e+01 7.774623246369110063e+01
9.980000000000001137e+01 3.465066215291439988e+01
9.990000000000000568e+01 5.211449156138662175e+01
