0.000000000000000000e+00 1.604533923351070479e+00
1.000000000000000056e-01 2.150944234332351712e+00
2.000000000000000111e-01 6.210219719322682685e-01
3.000000000000000444e-01 1.197251221208228689e+00
4.000000000000000222e-01 1.769635400211432508e+00
5.000000000000000000e-01 2.600244439935975649e+00
6.000000000000000888e-01 1.496415039843587369e+00
7.000000000000000666e-01 1.554781571252167538e+00
8.000000000000000444e-01 3.729123961786430907e+00
9.000000000000000222e-01 2.288573942392546634e+00
1.000000000000000000e+00 2.236304621935152337e+00
1.100000000000000089e+00 1.618413885528596330e+00
1.200000000000000178e+00 8.004185625727202602e-01
1.300000000000000044e+00 7.219228209833253862e-01
1.400000000000000133e+00 1.381486019568791246e+00
1.500000000000000000e+00 1.121324898216200960e+00
1.600000000000000089e+00 1.716199353476786538e+00
1.700000000000000178e+00 2.168955175093192356e+00
1.800000000000000044e+00 8.013479753465923006e-01
1.900000000000000133e+00 1.351986242368441227e+00
2.000000000000000000e+00 1.144614413395199426e+00
2.100000000000000089e+00 9.228624588813091334e-01
2.200000000000000178e+00 8.144759571139605914e-01
2.300000000000000266e+00 6.651351259588711429e-01
2.400000000000000355e+00 3.745394977428521677e-01
2.500000000000000000e+00 1.053834695701828750e+00
2.600000000000000089e+00 1.087734873461508878e+00
2.700000000000000178e+00 2.113458169032709666e+00
2.800000000000000266e+00 7.314945587154417783e-01
2.900000000000000355e+00 1.913063066718238892e+00
3.000000000000000000e+00 2.148264760225275793e+00
3.100000000000000089e+00 7.262024697503650650e-01
3.200000000000000178e+00 3.200764327431142142e+00
3.300000000000000266e+00 1.501541744139162082e+00
3.400000000000000355e+00 2.777736163573611972e-01
3.500000000000000000e+00 1.541521947367291423e+00
3.600000000000000089e+00 1.685185714639011012e+00
3.700000000000000178e+00 3.861029364141849718e-01
3.800000000000000266e+00 1.142999423642274026e+00
3.900000000000000355e+00 5.263205992096341435e-01
4.000000000000000000e+00 5.140588440558648831e-01
4.100000000000000533e+00 3.845639773393886851e-01
4.200000000000000178e+00 4.825984868406200667e-01
4.299999999999999822e+00 1.018269169100033622e+00
4.400000000000000355e+00 2.348939270265491874e+00
4.500000000000000000e+00 1.871889194598531869e+00
4.600000000000000533e+00 1.726912320886876184e+00
4.700000000000000178e+00 3.101080755975765157e+00
4.800000000000000711e+00 1.685757010243153164e+00
4.900000000000000355e+00 4.337799111550785902e+00
5.000000000000000000e+00 1.877115019140006780e+00
5.100000000000000533e+00 1.379558446951887785e+00
5.200000000000000178e+00 1.653311364277443074e+00
5.300000000000000711e+00 1.363889912701745422e+00
5.400000000000000355e+00 5.237014678784612798e-01
5.500000000000000000e+00 1.000071069743402319e+00
5.600000000000000533e+00 1.565103579514913523e+00
5.700000000000000178e+00 1.040350203760008307e+00
5.800000000000000711e+00 1.420253873578086967e+00
5.900000000000000355e+00 6.349171971711181639e-01
6.000000000000000000e+00 1.070799725560415583e+00
6.100000000000000533e+00 7.971774465683849620e-01
6.200000000000000178e+00 1.409325082031416931e+00
6.300000000000000711e+00 4.138243319491308192e+00
6.400000000000000355e+00 8.085298768242511480e-01
6.500000000000000000e+00 9.780046498213493811e-01
6.600000000000000533e+00 5.207510707516602722e-01
6.700000000000000178e+00 1.654593707191090779e+00
6.800000000000000711e+00 4.466586824991739313e+00
6.900000000000000355e+00 1.743384204135805637e+00
7.000000000000000000e+00 4.955541977876509185e-01
7.100000000000000533e+00 1.386082781875880965e+00
7.200000000000000178e+00 1.683645289105712095e+00
7.300000000000000711e+00 1.203582778657179553e+00
7.400000000000000355e+00 1.079279908949616340e+00
7.500000000000000000e+00 6.416586858663638759e-01
7.600000000000000533e+00 7.720996695416493250e-01
7.700000000000000178e+00 4.334917691641703152e-01
7.800000000000000711e+00 6.204775662408804626e-01
7.900000000000000355e+00 3.875313080638632668e-01
8.000000000000000000e+00 5.984180758523175436e-01
8.099999999999999645e+00 9.560773832276328044e-01
8.200000000000001066e+00 6.614318972578462352e-01
8.300000000000000711e+00 4.193141054585445282e-01
8.400000000000000355e+00 6.241476846332166817e-01
8.500000000000000000e+00 3.258363625179848122e-01
8.599999999999999645e+00 1.074736537324378016e+00
8.700000000000001066e+00 1.118945153505379042e-01
8.800000000000000711e+00 7.811217049293909254e-01
8.900000000000000355e+00 4.163703517493672068e-01
9.000000000000000000e+00 3.760349569809173786e-01
9.099999999999999645e+00 1.231703786084925367e+00
9.200000000000001066e+00 1.776425488860269519e+00
9.300000000000000711e+00 1.755971554232408804e+00
9.400000000000000355e+00 3.280027592108343826e-01
9.500000000000000000e+00 1.919209041632835566e-01
9.600000000000001421e+00 5.937215650803925326e-01
9.700000000000001066e+00 5.205360830503512615e-01
9.800000000000000711e+00 1.832020166911229320e-01
9.900000000000000355e+00 2.865211086372287386e-01
1.000000000000000000e+01 9.965947517300816072e-02
1.010000000000000142e+01 3.209839114471951804e-01
1.020000000000000107e+01 4.467645158440684550e-01
1.030000000000000071e+01 1.817843370875809328e-01
1.040000000000000036e+01 3.180162892060539037e-01
1.050000000000000000e+01 5.654888012026393351e-01
1.060000000000000142e+01 5.889272012685703439e-01
1.070000000000000107e+01 1.372770546186127039e+00
1.080000000000000071e+01 1.119386892733768679e+00
1.090000000000000036e+01 8.272273707717803237e-01
1.100000000000000000e+01 7.305833237424291804e-01
1.110000000000000142e+01 1.072799154718999004e+00
1.120000000000000107e+01 2.919783570717260912e-01
1.130000000000000071e+01 6.038883850204221915e-01
1.140000000000000036e+01 5.032119848393321604e-01
1.150000000000000000e+01 7.646031000016789703e-02
1.160000000000000142e+01 3.442149357688052413e-01
1.170000000000000107e+01 1.444039522941613363e-01
1.180000000000000071e+01 3.018388733478407637e-01
1.190000000000000036e+01 4.398689407972185550e-01
1.200000000000000000e+01 6.670461858851765014e-01
1.210000000000000142e+01 1.782915711978521334e-01
1.220000000000000107e+01 4.075400926432801163e-01
1.230000000000000071e+01 2.900087576532827116e-01
1.240000000000000036e+01 6.245268273341747500e-01
1.250000000000000000e+01 1.414043951658717324e+00
1.260000000000000142e+01 5.758659273702447789e-01
1.270000000000000107e+01 5.484376453228286818e-01
1.280000000000000071e+01 6.350160117410079685e-01
1.290000000000000036e+01 7.624137096211254239e-01
1.300000000000000000e+01 4.336964023002300994e-01
1.310000000000000142e+01 6.119495462796356033e-01
1.320000000000000107e+01 5.655054275252855422e-01
1.330000000000000071e+01 2.299783825142454330e-01
1.340000000000000036e+01 1.295235118073861491e+00
1.350000000000000000e+01 8.805280901182870323e-01
1.360000000000000142e+01 1.174719640419673583e+00
1.370000000000000107e+01 8.872486990599467438e-01
1.380000000000000071e+01 1.532578016879273752e+00
1.390000000000000036e+01 8.536417117537181909e+00
1.400000000000000000e+01 1.133724970454131764e+01
1.410000000000000142e+01 1.111198935557108669e+01
1.420000000000000107e+01 9.343033029530417366e+00
1.430000000000000071e+01 6.308586142934989205e+00
1.440000000000000036e+01 6.385478580894840661e+00
1.450000000000000000e+01 7.609588367644628981e+00
1.460000000000000142e+01 7.699571484006407118e+00
1.470000000000000107e+01 8.620522912064803478e+00
1.480000000000000071e+01 6.974516476236345852e+00
1.490000000000000036e+01 4.948075185517573082e+00
1.500000000000000000e+01 6.687468169866581214e+00
1.510000000000000142e+01 7.047899208141909178e+00
1.520000000000000107e+01 7.693878812086178520e+00
1.530000000000000071e+01 6.006655576145250919e+00
1.540000000000000036e+01 3.137942984571707949e+00
1.550000000000000000e+01 4.975410694174354553e+00
1.560000000000000142e+01 4.933075666252418223e+00
1.570000000000000107e+01 6.874500566093881382e+00
1.580000000000000071e+01 1.459093205024429407e+00
1.590000000000000036e+01 3.017226700569054287e+00
1.600000000000000000e+01 2.624108051369589134e+00
1.610000000000000142e+01 1.283980358639362995e+00
1.619999999999999929e+01 1.918307360818642948e+00
1.630000000000000071e+01 2.519102126109528772e+00
1.640000000000000213e+01 3.538320973150498538e+00
1.650000000000000000e+01 5.591739140920470419e+00
1.660000000000000142e+01 1.754115091528496428e+00
1.669999999999999929e+01 2.804870266934636813e+00
1.680000000000000071e+01 1.795359943722569351e+00
1.690000000000000213e+01 1.433188338500777537e+00
1.700000000000000000e+01 2.353007244257051322e+00
1.710000000000000142e+01 2.908769713517886935e+00
1.719999999999999929e+01 3.040048949425859792e+00
1.730000000000000071e+01 4.675827970875868544e+00
1.740000000000000213e+01 2.968716042025574708e+00
1.750000000000000000e+01 2.740053905126239808e+00
1.760000000000000142e+01 2.076227128221898699e+00
1.769999999999999929e+01 2.956020879851575245e+00
1.780000000000000071e+01 4.864041917060110798e+00
1.790000000000000213e+01 4.221464656193161247e+00
1.800000000000000000e+01 5.480134657050383495e+00
1.810000000000000142e+01 1.702068555165887620e+00
1.819999999999999929e+01 4.632295811642359595e+00
1.830000000000000071e+01 5.161047702896750522e+00
1.840000000000000213e+01 3.210521530036369420e+00
1.850000000000000000e+01 2.168318366654639728e+00
1.860000000000000142e+01 1.476882869468931991e+00
1.869999999999999929e+01 2.638751089606070632e+00
1.880000000000000071e+01 2.086299870862184935e+00
1.890000000000000213e+01 1.224528528869377908e+00
1.900000000000000000e+01 1.297029466801826070e+00
1.910000000000000142e+01 1.093570958242545910e+00
1.920000000000000284e+01 1.160350211360338779e+00
1.930000000000000071e+01 5.833444689891836843e-01
1.940000000000000213e+01 4.265931563232644996e-01
1.950000000000000000e+01 4.630109549454582418e-01
1.960000000000000142e+01 4.814148252721238141e-01
1.970000000000000284e+01 4.849647287435040477e-01
1.980000000000000071e+01 3.376157804695002485e-01
1.990000000000000213e+01 4.580701395443634860e-01
2.000000000000000000e+01 1.779471704427517897e+00
2.010000000000000142e+01 1.658699178826981591e+00
2.020000000000000284e+01 9.787554072785233927e-01
2.030000000000000071e+01 1.366653032582075822e+00
2.040000000000000213e+01 1.077692849924724694e+00
2.050000000000000000e+01 4.982665645146668432e+00
2.060000000000000142e+01 3.129935669807578869e+00
2.070000000000000284e+01 3.078362610718762049e+00
2.080000000000000071e+01 2.193942986039931320e+00
2.090000000000000213e+01 1.341568735343458885e+00
2.100000000000000000e+01 1.396093858308082192e+00
2.110000000000000142e+01 1.237451702359284811e+00
2.120000000000000284e+01 1.202630481555567288e+00
2.130000000000000071e+01 1.475492732404311003e+00
2.140000000000000213e+01 1.273022624643766365e+00
2.150000000000000000e+01 8.301390517908140421e-01
2.160000000000000142e+01 1.932024821634080736e+00
2.170000000000000284e+01 1.567708011277538560e+00
2.180000000000000071e+01 2.085665768643996554e+00
2.190000000000000213e+01 1.652152423148930183e+00
2.200000000000000000e+01 1.475313746963746731e+00
2.210000000000000142e+01 1.360352105631572162e+00
2.220000000000000284e+01 2.073332490859921773e+00
2.230000000000000071e+01 1.213670464076695543e+00
2.240000000000000213e+01 5.117855942875155772e-01
2.250000000000000000e+01 7.053895540102728123e-01
2.260000000000000142e+01 2.842074233274867634e+00
2.270000000000000284e+01 1.902476647281810651e+00
2.280000000000000071e+01 2.163867502429877465e+00
2.290000000000000213e+01 2.948007006810568154e+00
2.300000000000000000e+01 1.829080224159995050e+00
2.310000000000000142e+01 1.997775658485726025e+00
2.320000000000000284e+01 3.703812247899362031e+00
2.330000000000000071e+01 2.404045026504804117e+00
2.340000000000000213e+01 1.524577370858169356e+00
2.350000000000000000e+01 2.426998574817504029e+00
2.360000000000000142e+01 1.774085408194454816e+00
2.370000000000000284e+01 3.285840678652615310e+00
2.380000000000000071e+01 2.213282959496150504e+00
2.390000000000000213e+01 9.210017675835695528e-01
2.400000000000000000e+01 1.697034635546293302e+00
2.410000000000000142e+01 2.511859222640578260e+00
2.420000000000000284e+01 1.909755401663485896e+00
2.430000000000000071e+01 4.071653485316016230e+00
2.440000000000000213e+01 2.893488277109427020e+00
2.450000000000000000e+01 2.093860802020561795e+00
2.460000000000000142e+01 3.345473572333444334e+00
2.470000000000000284e+01 2.401514315009519507e+00
2.480000000000000071e+01 1.161916274215047284e+00
2.490000000000000213e+01 7.623384728964439638e-01
2.500000000000000000e+01 2.376678892593816705e+00
2.510000000000000142e+01 1.477760701366892082e+00
2.520000000000000284e+01 1.214263312445057919e+00
2.530000000000000071e+01 2.003433930688458986e+00
2.540000000000000213e+01 1.324321069919255356e+00
2.550000000000000000e+01 2.471077570581702521e+00
2.560000000000000142e+01 3.497910570507127392e+00
2.570000000000000284e+01 2.845283878896555319e+00
2.580000000000000071e+01 2.776965340665121129e+00
2.590000000000000213e+01 1.232546619277530953e+00
2.600000000000000000e+01 1.333798752913208485e+00
2.610000000000000142e+01 1.274204575351206792e+00
2.620000000000000284e+01 1.071142643146514306e+00
2.630000000000000071e+01 1.940389289219043079e+00
2.640000000000000213e+01 2.334805801598750286e+00
2.650000000000000000e+01 1.169678428852438890e+00
2.660000000000000142e+01 8.867584237451996421e-01
2.670000000000000284e+01 1.377078372604326306e+00
2.680000000000000071e+01 2.239748271588331008e+00
2.690000000000000213e+01 1.712857399859645691e+00
2.700000000000000000e+01 3.961467487042415137e+00
2.710000000000000142e+01 1.906418915149086235e+00
2.720000000000000284e+01 1.688787964624889115e+00
2.730000000000000071e+01 3.490548356161854660e+00
2.740000000000000213e+01 5.219502548099343997e+00
2.750000000000000000e+01 3.330857403394450245e+00
2.760000000000000142e+01 3.034026764806856846e+00
2.770000000000000284e+01 2.352774498178207718e+00
2.780000000000000071e+01 1.575356512941757270e+00
2.790000000000000213e+01 2.307903874978321834e+00
2.800000000000000000e+01 3.684886676269108818e+00
2.810000000000000142e+01 2.048150567805461453e+00
2.820000000000000284e+01 2.544502403655000133e+00
2.830000000000000071e+01 1.013696754263449407e+00
2.840000000000000213e+01 1.381974254709745109e+00
2.850000000000000000e+01 1.233409161853453506e+00
2.860000000000000142e+01 2.402012405686135832e+00
2.870000000000000284e+01 2.925986857555448850e+00
2.880000000000000071e+01 2.027964955756075049e+00
2.890000000000000213e+01 1.519381420265911498e+00
2.900000000000000000e+01 2.548841072815778652e+00
2.910000000000000142e+01 1.754644263231354584e+00
2.920000000000000284e+01 3.032021817752267978e+00
2.930000000000000071e+01 4.923735852330746177e+00
2.940000000000000213e+01 4.909741436768248590e+00
2.950000000000000000e+01 9.417784818090511045e-01
2.960000000000000142e+01 3.133937074913742737e+00
2.970000000000000284e+01 1.227968579813279115e+00
2.980000000000000071e+01 9.311739271776636739e-01
2.990000000000000213e+01 1.088752170900330718e+00
3.000000000000000000e+01 1.078330843070931966e+00
3.010000000000000142e+01 1.299041638845066071e+00
3.020000000000000284e+01 1.568942706766978112e+00
3.030000000000000071e+01 1.969141067572350190e+00
3.040000000000000213e+01 2.640588794594747934e+00
3.050000000000000000e+01 3.406919984871126683e+00
3.060000000000000142e+01 1.968108204680854012e+00
3.070000000000000284e+01 4.847842575439914370e+00
3.080000000000000071e+01 2.975411391589002807e+00
3.090000000000000213e+01 3.642424649276392756e+00
3.100000000000000000e+01 4.251570857900137668e+00
3.110000000000000142e+01 4.375119729115968248e+00
3.120000000000000284e+01 5.904201801976762809e+00
3.130000000000000071e+01 5.379686175417214500e+00
3.140000000000000213e+01 5.368252592944555701e+00
3.150000000000000000e+01 2.721109779531326822e+00
3.160000000000000142e+01 2.391630970489867281e+00
3.170000000000000284e+01 3.164557472846168285e+00
3.180000000000000071e+01 2.023799979426226248e+00
3.190000000000000213e+01 3.381707514323212482e+00
3.200000000000000000e+01 3.775232348988515785e+00
3.210000000000000142e+01 4.969157990155731675e+00
3.220000000000000284e+01 2.919428702150035360e+00
3.230000000000000426e+01 2.651812391427994964e+00
3.239999999999999858e+01 4.507225458255828876e+00
3.250000000000000000e+01 4.859313908651134106e+00
3.260000000000000142e+01 7.197516466730906615e+00
3.270000000000000284e+01 2.384491280668069368e+00
3.280000000000000426e+01 4.962410714991071004e+00
3.289999999999999858e+01 2.311721202860774760e+00
3.300000000000000000e+01 2.697032719524838473e+00
3.310000000000000142e+01 1.222891879796178083e+00
3.320000000000000284e+01 2.881041598766925116e+00
3.330000000000000426e+01 3.540184109307821014e+00
3.339999999999999858e+01 3.792530550000027922e+00
3.350000000000000000e+01 5.471907963441688061e+00
3.360000000000000142e+01 3.002695557829106576e+00
3.370000000000000284e+01 3.426645042023506615e+00
3.380000000000000426e+01 3.780783900354288463e+00
3.389999999999999858e+01 3.794126885481650557e+00
3.400000000000000000e+01 7.217427219780545578e+00
3.410000000000000142e+01 8.570289854963593967e+00
3.420000000000000284e+01 7.250172669974708661e+00
3.430000000000000426e+01 9.533008178761612328e+00
3.439999999999999858e+01 7.257249129329244042e+00
3.450000000000000000e+01 9.937199947039921710e+00
3.460000000000000142e+01 7.916087172331998545e+00
3.470000000000000284e+01 8.016569820617261755e+00
3.480000000000000426e+01 5.599154240750162437e+00
3.489999999999999858e+01 6.205287788793441450e+00
3.500000000000000000e+01 5.965971005036575292e+00
3.510000000000000142e+01 3.481309359497093858e+00
3.520000000000000284e+01 5.531290025343410299e+00
3.530000000000000426e+01 4.127988382420798352e+00
3.539999999999999858e+01 6.084565883000722764e+00
3.550000000000000000e+01 5.365582784937046767e+00
3.560000000000000142e+01 3.526708207321461952e+00
3.570000000000000284e+01 4.681320639955049323e+00
3.580000000000000426e+01 2.950343772284200750e+00
3.589999999999999858e+01 1.617006635685336535e+00
3.600000000000000000e+01 6.193504964905101495e+00
3.610000000000000142e+01 5.913028360864597488e+00
3.620000000000000284e+01 6.048989201597031240e+00
3.630000000000000426e+01 3.527729204328877266e+00
3.639999999999999858e+01 2.518544409592178734e+00
3.650000000000000000e+01 5.514461010873224822e+00
3.660000000000000142e+01 2.771284394310696619e+00
3.670000000000000284e+01 1.121677402893294984e+00
3.680000000000000426e+01 1.673181938769217281e+00
3.689999999999999858e+01 8.037519231847577439e-01
3.700000000000000000e+01 4.296427013447549070e-01
3.710000000000000142e+01 7.534721561747956819e-01
3.720000000000000284e+01 9.262297094063713931e-01
3.730000000000000426e+01 3.179950846706939838e-01
3.739999999999999858e+01 4.323872922068047742e-01
3.750000000000000000e+01 5.052592056066110837e-01
3.760000000000000142e+01 1.136037505010202953e+00
3.770000000000000284e+01 5.152423899228045778e-01
3.780000000000000426e+01 7.147318797917291411e-01
3.789999999999999858e+01 2.646554890461805809e-01
3.800000000000000000e+01 2.289198401277423855e-01
3.810000000000000142e+01 4.132419293700080876e-01
3.820000000000000284e+01 5.011047085551327829e-01
3.830000000000000426e+01 1.024127801476549804e+00
3.840000000000000568e+01 4.437694273740446782e-01
3.850000000000000000e+01 4.586580326358181692e-01
3.860000000000000142e+01 7.625758149626020721e-01
3.870000000000000284e+01 7.629998130373639720e-01
3.880000000000000426e+01 5.434669685095897540e-01
3.890000000000000568e+01 3.921447749220736689e-01
3.900000000000000000e+01 3.947271433676834973e-01
3.910000000000000142e+01 9.289921828121090741e-02
3.920000000000000284e+01 2.842715673700773049e-01
3.930000000000000426e+01 2.883423633211499859e-01
3.940000000000000568e+01 5.695927199444235089e-01
3.950000000000000000e+01 2.340319102232632231e-01
3.960000000000000142e+01 2.062912793731958572e-01
3.970000000000000284e+01 7.452189352373997933e-01
3.980000000000000426e+01 8.444336642825723827e-01
3.990000000000000568e+01 1.232224997402055211e-01
4.000000000000000000e+01 3.754613323445624706e-01
4.010000000000000142e+01 3.794994737610261626e-01
4.020000000000000284e+01 3.172762516860306858e-01
4.030000000000000426e+01 2.519505607026063521e-01
4.040000000000000568e+01 2.203879047847090988e-01
4.050000000000000000e+01 5.162678974811746313e-01
4.060000000000000142e+01 3.306515097350650190e-01
4.070000000000000284e+01 8.324472719857363145e-01
4.080000000000000426e+01 1.657472349894246300e+00
4.090000000000000568e+01 1.767393702589551197e+00
4.100000000000000000e+01 6.816027669303560410e-01
4.110000000000000142e+01 7.196076479675447279e-01
4.120000000000000284e+01 1.216620242537741925e+00
4.130000000000000426e+01 1.983820487602990124e+00
4.140000000000000568e+01 2.645167088387175180e+00
4.150000000000000000e+01 2.728922446920486244e+00
4.160000000000000142e+01 2.082769234803516500e+00
4.170000000000000284e+01 2.278201037054405020e+00
4.180000000000000426e+01 1.931900370152140445e+00
4.190000000000000568e+01 2.443761503234747501e+00
4.200000000000000000e+01 4.639251168190920538e+00
4.210000000000000142e+01 6.042270551266640588e+00
4.220000000000000284e+01 5.211840403958555967e+00
4.230000000000000426e+01 3.420285167077866451e+00
4.240000000000000568e+01 1.442199375193946365e+00
4.250000000000000000e+01 1.473916258201380725e+00
4.260000000000000142e+01 1.492808707762571574e+00
4.270000000000000284e+01 1.473729913080959575e+00
4.280000000000000426e+01 1.786735743982338809e+00
4.290000000000000568e+01 3.497874426818841531e+00
4.300000000000000000e+01 2.315573182358439119e+00
4.310000000000000142e+01 2.992684986093531396e+00
4.320000000000000284e+01 3.248821116044569024e+00
4.330000000000000426e+01 9.450894766822994786e-01
4.340000000000000568e+01 1.294138510632660610e+00
4.350000000000000000e+01 7.642982172586963996e-01
4.360000000000000142e+01 8.736528612016019046e-01
4.370000000000000284e+01 1.731545433093460984e+00
4.380000000000000426e+01 1.973871459968395525e+00
4.390000000000000568e+01 2.007470347520593279e+00
4.400000000000000000e+01 4.521793855797885620e+00
4.410000000000000142e+01 7.179886069537043447e+00
4.420000000000000284e+01 9.039262173928216626e+00
4.430000000000000426e+01 9.039395748332198721e+00
4.440000000000000568e+01 4.416408395936872289e+00
4.450000000000000000e+01 6.745701413814710889e+00
4.460000000000000142e+01 1.954252338443968062e+00
4.470000000000000284e+01 1.159078468756098657e+00
4.480000000000000426e+01 3.140637348664649497e+00
4.490000000000000568e+01 3.673743161773926680e+00
4.500000000000000000e+01 5.116483217998454514e+00
4.510000000000000142e+01 1.821039141752782919e+00
4.520000000000000284e+01 2.550608048263336425e+00
4.530000000000000426e+01 1.192562624663254356e+00
4.540000000000000568e+01 2.192414988500233974e+00
4.550000000000000000e+01 1.554373562536102371e+00
4.560000000000000142e+01 1.482087407995921646e+00
4.570000000000000284e+01 2.078099859504640712e+00
4.580000000000000426e+01 1.261191370189197469e+00
4.590000000000000568e+01 1.340702135976904019e+00
4.600000000000000000e+01 1.053702244230014129e+00
4.610000000000000142e+01 2.901928909486323760e-01
4.620000000000000284e+01 5.440105548991914786e-01
4.630000000000000426e+01 2.909827435599260936e-01
4.640000000000000568e+01 1.378167979518339248e+00
4.650000000000000000e+01 9.858339682599168707e-01
4.660000000000000142e+01 8.470541278718201061e-01
4.670000000000000284e+01 1.686804011293995931e+00
4.680000000000000426e+01 1.752959950062818573e+00
4.690000000000000568e+01 1.470536299886707976e+00
4.700000000000000000e+01 1.245502288491642462e+00
4.710000000000000142e+01 2.338611621045175060e+00
4.720000000000000284e+01 3.124600699371629542e+00
4.730000000000000426e+01 1.932709428843774280e+00
4.740000000000000568e+01 3.679440009227225250e+00
4.750000000000000000e+01 3.634903157860854606e+00
4.760000000000000142e+01 4.126774568276552202e+00
4.770000000000000284e+01 1.931756036070823912e+00
4.780000000000000426e+01 3.324845785492470007e+00
4.790000000000000568e+01 1.298248967204295834e+00
4.800000000000000000e+01 1.448199734824897833e+00
4.810000000000000142e+01 1.142826850994780985e+00
4.820000000000000284e+01 8.167502915750359804e-01
4.830000000000000426e+01 7.183029737180459673e-01
4.840000000000000568e+01 1.045382539191614057e+00
4.850000000000000000e+01 5.408461468878150713e-01
4.860000000000000142e+01 8.359933260590082238e-01
4.870000000000000284e+01 1.180675436380000276e+00
4.880000000000000426e+01 1.628608459712568290e+00
4.890000000000000568e+01 1.951356908236828724e+00
4.900000000000000000e+01 1.753126991834541348e+00
4.910000000000000142e+01 1.326437808647162431e+00
4.920000000000000284e+01 1.434931313373915884e+00
4.930000000000000426e+01 2.367048741683798418e+00
4.940000000000000568e+01 1.977303361646416402e+00
4.950000000000000000e+01 2.069714720741337555e+00
4.960000000000000142e+01 2.258622187142264259e+00
4.970000000000000284e+01 9.029639900429676791e-01
4.980000000000000426e+01 2.275158393994201500e+00
4.990000000000000568e+01 1.394118621077598874e+00
5.000000000000000000e+01 4.604925206375649060e-01
5.010000000000000142e+01 1.082035530945532731e+00
5.020000000000000284e+01 3.546940192186323615e-01
5.030000000000000426e+01 1.092766657684785120e-01
5.040000000000000568e+01 7.388155100678522880e-01
5.050000000000000000e+01 5.592059475136488267e-01
5.060000000000000142e+01 3.810548494927528673e-01
5.070000000000000284e+01 6.516102904385849826e-01
5.080000000000000426e+01 8.610272619246187586e-01
5.090000000000000568e+01 3.983868244350299292e-01
5.100000000000000000e+01 4.138338842960072594e-01
5.110000000000000142e+01 5.815190444431941330e-01
5.120000000000000284e+01 7.235508256426201878e-01
5.130000000000000426e+01 3.383789498375311955e-01
5.140000000000000568e+01 3.000793697680620431e-01
5.150000000000000000e+01 5.655779508455435201e-01
5.160000000000000142e+01 5.887405647206130910e-01
5.170000000000000284e+01 4.322601664563796020e-01
5.180000000000000426e+01 2.619216985150724653e-01
5.190000000000000568e+01 4.919505307302385888e-01
5.200000000000000000e+01 2.352091812121202552e-01
5.210000000000000142e+01 3.453145081128622951e-01
5.220000000000000284e+01 2.954119518631642682e-01
5.230000000000000426e+01 3.905264866363437060e-01
5.240000000000000568e+01 5.411374763354033224e-01
5.250000000000000000e+01 9.334605897139000019e-01
5.260000000000000142e+01 8.378191638640384298e-01
5.270000000000000284e+01 9.322403844982671828e-01
5.280000000000000426e+01 3.018746841525958846e-01
5.290000000000000568e+01 5.217232542705980691e-01
5.300000000000000000e+01 6.343739740396656668e-01
5.310000000000000142e+01 1.158398767069950708e+00
5.320000000000000284e+01 9.890524916273593092e-01
5.330000000000000426e+01 2.930755216816836595e-01
5.340000000000000568e+01 5.973041200746010970e-01
5.350000000000000000e+01 2.740086439313865196e-01
5.360000000000000142e+01 3.057249810752483699e-01
5.370000000000000284e+01 8.581586390429922773e-01
5.380000000000000426e+01 1.290567395977226806e+00
5.390000000000000568e+01 4.556890531152280599e-01
5.400000000000000000e+01 3.324287905046425795e-01
5.410000000000000142e+01 3.513504900444890944e-01
5.420000000000000284e+01 4.173618677998414683e-01
5.430000000000000426e+01 5.024682600212678762e-01
5.440000000000000568e+01 1.441453342562670492e-01
5.450000000000000000e+01 2.916865610015622612e-01
5.460000000000000142e+01 2.512411752253576602e-01
5.470000000000000284e+01 6.789500797476877292e-01
5.480000000000000426e+01 1.507579657098998549e-01
5.490000000000000568e+01 3.229789860722740436e-01
5.500000000000000000e+01 2.220745932237275511e-01
5.510000000000000142e+01 2.142222845827496669e-01
5.520000000000000284e+01 1.550634695518287587e-01
5.530000000000000426e+01 1.180193755017733964e-01
5.540000000000000568e+01 3.968517520860502246e-01
5.550000000000000000e+01 4.277012476819454512e-01
5.560000000000000142e+01 6.114396276548973441e-01
5.570000000000000284e+01 3.112171763675913860e-01
5.580000000000000426e+01 6.550520508412788212e-01
5.590000000000000568e+01 2.226837500090732003e-01
5.600000000000000000e+01 2.903205544260127891e-01
5.610000000000000142e+01 2.745612140329695139e-01
5.620000000000000284e+01 4.299483026638803440e-01
5.630000000000000426e+01 3.438272530768806123e-01
5.640000000000000568e+01 8.262019696498850152e-01
5.650000000000000000e+01 6.959456131466024154e-01
5.660000000000000142e+01 1.460250990748832800e+00
5.670000000000000284e+01 4.371628061206002114e-01
5.680000000000000426e+01 9.247449580209753384e-01
5.690000000000000568e+01 2.729156482793421712e-01
5.700000000000000000e+01 4.048753254078718000e-01
5.710000000000000142e+01 5.417325347221095821e-01
5.720000000000000284e+01 3.183468870494275960e-01
5.730000000000000426e+01 2.310887321665965610e-01
5.740000000000000568e+01 6.384445969341500104e-01
5.750000000000000000e+01 1.221215444428910279e+00
5.760000000000000142e+01 1.449222637076072351e+00
5.770000000000000284e+01 1.092295730074219318e+00
5.780000000000000426e+01 1.324303728820189541e+00
5.790000000000000568e+01 1.166204776341966065e+00
5.800000000000000000e+01 3.107311448607183446e-01
5.810000000000000142e+01 1.635202570311248937e+00
5.820000000000000284e+01 1.801804288783730223e+00
5.830000000000000426e+01 1.087898311827146802e+00
5.840000000000000568e+01 8.369816303565505988e-01
5.850000000000000000e+01 6.744365808131429496e-01
5.860000000000000142e+01 9.988662217437883628e-01
5.870000000000000284e+01 8.262040964343903005e-01
5.880000000000000426e+01 4.453259219937341640e-01
5.890000000000000568e+01 6.251729170535482716e-01
5.900000000000000000e+01 6.558131666693051143e-01
5.910000000000000142e+01 8.291348575244864572e-01
5.920000000000000284e+01 1.158491172678468351e+00
5.930000000000000426e+01 1.006688017380431788e+00
5.940000000000000568e+01 9.972288900203032380e-01
5.950000000000000000e+01 1.310348617017798478e+00
5.960000000000000142e+01 1.694645440453864449e+00
5.970000000000000284e+01 1.772711483851020287e+00
5.980000000000000426e+01 1.438279051492096672e+00
5.990000000000000568e+01 8.713412293647089246e-01
6.000000000000000000e+01 5.080739467347227256e-01
6.010000000000000142e+01 1.455698065227595484e+00
6.020000000000000284e+01 1.440922941725362394e+00
6.030000000000000426e+01 1.166071090543566946e+00
6.040000000000000568e+01 1.206184970446410043e+00
6.050000000000000000e+01 1.761121284849810120e+00
6.060000000000000142e+01 1.713258540604212898e+00
6.070000000000000284e+01 1.020717506292445398e+00
6.080000000000000426e+01 1.537028634217999956e+00
6.090000000000000568e+01 1.148805959249236563e+00
6.100000000000000000e+01 1.109365819077896331e+00
6.110000000000000142e+01 2.144087104542530930e+00
6.120000000000000284e+01 7.465286999373689225e-01
6.130000000000000426e+01 1.090485351381144552e+00
6.140000000000000568e+01 2.344192079838923526e+00
6.150000000000000000e+01 1.146048455078803707e+00
6.160000000000000142e+01 8.224776947249635706e-01
6.170000000000000284e+01 4.965216901564323271e-01
6.180000000000000426e+01 8.293639520159546974e-01
6.190000000000000568e+01 1.012823325504110361e+00
6.200000000000000000e+01 6.207851576307265029e-01
6.210000000000000142e+01 2.732016936286894571e-01
6.220000000000000284e+01 1.835824290375114298e-01
6.230000000000000426e+01 1.653385064830390272e+00
6.240000000000000568e+01 5.651093480762069410e-01
6.250000000000000000e+01 9.291931768320240703e-01
6.260000000000000142e+01 5.434295458581006599e-01
6.270000000000000284e+01 3.731052715609772807e-01
6.280000000000000426e+01 1.182434748757819509e+00
6.290000000000000568e+01 1.676423878617178786e+00
6.300000000000000000e+01 6.825720489826627713e-01
6.310000000000000142e+01 3.398654243153451104e-01
6.320000000000000284e+01 6.183958795399107089e-01
6.330000000000000426e+01 3.968644544565461119e-01
6.340000000000000568e+01 1.004909529274799374e+00
6.350000000000000000e+01 4.582057173014706941e-01
6.360000000000000142e+01 3.545594521862609483e-01
6.370000000000000284e+01 2.840016048664651405e-01
6.380000000000000426e+01 3.527265614244322056e-01
6.390000000000000568e+01 1.054922008039618442e+00
6.400000000000000000e+01 1.040721302038861040e+00
6.410000000000000853e+01 6.264088185168752432e-01
6.420000000000000284e+01 8.823097543716708069e-01
6.429999999999999716e+01 3.354642122376094160e-01
6.440000000000000568e+01 2.920448249815063568e-01
6.450000000000000000e+01 1.994239696685029539e-01
6.460000000000000853e+01 8.709105012368260068e-01
6.470000000000000284e+01 2.270582083375428106e-01
6.479999999999999716e+01 4.488019025336870138e-01
6.490000000000000568e+01 5.381977108257918196e-01
6.500000000000000000e+01 6.368138663233314789e-01
6.510000000000000853e+01 6.802740670880342844e-01
6.520000000000000284e+01 9.159896480128543184e-01
6.529999999999999716e+01 8.803996100034199301e-01
6.540000000000000568e+01 9.234458229001272223e-01
6.550000000000000000e+01 9.702537268017594752e-01
6.560000000000000853e+01 1.585225111328389946e+00
6.570000000000000284e+01 1.144607358409620579e+00
6.579999999999999716e+01 7.434334403603575225e-01
6.590000000000000568e+01 2.524614094897966177e-01
6.600000000000000000e+01 5.656527608041613669e-02
6.610000000000000853e+01 9.321841240392375605e-02
6.620000000000000284e+01 3.102059063847236731e-01
6.629999999999999716e+01 7.923086870738332843e-02
6.640000000000000568e+01 1.059150850640625391e-01
6.650000000000000000e+01 1.443005770139110244e-01
6.660000000000000853e+01 1.491351504634019498e-01
6.670000000000000284e+01 8.886876451086524187e-02
6.679999999999999716e+01 1.887845495489649805e-01
6.690000000000000568e+01 1.389842172983784541e-01
6.700000000000000000e+01 1.426041658615573582e-01
6.710000000000000853e+01 1.853972176477678979e-01
6.720000000000000284e+01 2.055684628131038139e-01
6.729999999999999716e+01 5.173369269198313525e-01
6.740000000000000568e+01 3.614748296844734754e-01
6.750000000000000000e+01 2.031532030213563655e-01
6.760000000000000853e+01 4.242514299256280874e-01
6.770000000000000284e+01 1.574333872417096603e-01
6.779999999999999716e+01 7.002393346015524100e-01
6.790000000000000568e+01 2.497114545047633138e-01
6.800000000000000000e+01 2.655349347287745410e-01
6.810000000000000853e+01 2.012478621526805900e-01
6.820000000000000284e+01 2.582924330226435972e-01
6.829999999999999716e+01 3.264242756529841527e-01
6.840000000000000568e+01 5.951570029730882810e-02
6.850000000000000000e+01 1.478820382143374579e-01
6.860000000000000853e+01 3.089003019813079121e-01
6.870000000000000284e+01 2.106764099101993970e-01
6.879999999999999716e+01 8.396968137705614066e-02
6.890000000000000568e+01 2.139199666913378373e-01
6.900000000000000000e+01 5.687889817834883566e-01
6.910000000000000853e+01 5.790232505486936354e-01
6.920000000000000284e+01 9.876048579300705788e-01
6.929999999999999716e+01 1.178443223333655254e+00
6.940000000000000568e+01 6.961938125006323919e-01
6.950000000000000000e+01 7.673096656617579558e-01
6.960000000000000853e+01 7.134448373927740894e-01
6.970000000000000284e+01 8.529149375712433701e-01
6.979999999999999716e+01 8.932753665501262930e-01
6.990000000000000568e+01 9.929355284876740795e-01
7.000000000000000000e+01 6.011344589785850845e-01
7.010000000000000853e+01 3.225982863134463918e-01
7.020000000000000284e+01 3.942812701498881744e-01
7.029999999999999716e+01 3.994625078913582872e-01
7.040000000000000568e+01 9.681294463197692712e-01
7.050000000000000000e+01 3.262947778546512745e-01
7.060000000000000853e+01 5.672905127857997831e-01
7.070000000000000284e+01 3.805986148650145617e-01
7.079999999999999716e+01 4.708051659545101075e-01
7.090000000000000568e+01 1.375413725406645638e+00
7.100000000000000000e+01 8.622364875998018707e-01
7.110000000000000853e+01 1.184800635402093905e+00
7.120000000000000284e+01 1.193584315978132748e+00
7.129999999999999716e+01 4.435670419921504126e-01
7.140000000000000568e+01 2.606861722475121379e+00
7.150000000000000000e+01 1.508531580358210444e+00
7.160000000000000853e+01 5.517435985626979011e+00
7.170000000000000284e+01 2.430432785658686257e+00
7.179999999999999716e+01 1.987173106212755558e+00
7.190000000000000568e+01 3.178276943887672790e+00
7.200000000000000000e+01 2.614527439561912914e+00
7.210000000000000853e+01 2.028716775879299217e+00
7.220000000000000284e+01 1.236430718741526880e+00
7.229999999999999716e+01 5.438646227218775220e-01
7.240000000000000568e+01 4.018399915638273812e-01
7.250000000000000000e+01 5.128223836116162504e-01
7.260000000000000853e+01 6.661456192767428730e-01
7.270000000000000284e+01 2.670537672038246213e-01
7.279999999999999716e+01 3.976435626853010996e-01
7.290000000000000568e+01 4.994859321048119583e-01
7.300000000000000000e+01 6.242405026766771892e-01
7.310000000000000853e+01 6.594827134343608233e-01
7.320000000000000284e+01 1.071118004112454836e+00
7.329999999999999716e+01 9.118022252948833062e-01
7.340000000000000568e+01 5.088303361595635232e-01
7.350000000000000000e+01 4.301729355191961646e-01
7.360000000000000853e+01 2.720947640352953112e+00
7.370000000000000284e+01 9.491602313003504321e-01
7.379999999999999716e+01 7.353814566269827324e-01
7.390000000000000568e+01 1.745253509800649638e+00
7.400000000000000000e+01 5.826851865835000588e+00
7.410000000000000853e+01 1.314062392494953491e+00
7.420000000000000284e+01 6.612626483796115728e+00
7.429999999999999716e+01 1.439118870004785444e+00
7.440000000000000568e+01 1.081895108709916897e+00
7.450000000000000000e+01 6.942520412414363573e-01
7.460000000000000853e+01 2.314712932390774469e-01
7.470000000000000284e+01 3.732000835538828443e-01
7.479999999999999716e+01 2.068151364914035117e-01
7.490000000000000568e+01 1.171987464201480894e-01
7.500000000000000000e+01 1.749416691958775305e-01
7.510000000000000853e+01 8.060466020114105679e-02
7.520000000000000284e+01 1.073261843998021409e-01
7.529999999999999716e+01 5.812462895699551657e-01
7.540000000000000568e+01 7.654913363104588475e-01
7.550000000000000000e+01 4.195955624109075632e-01
7.560000000000000853e+01 1.028459727253419720e+00
7.570000000000000284e+01 1.177888665315278693e+00
7.579999999999999716e+01 6.177708524943866797e-01
7.590000000000000568e+01 1.190087031132974982e+00
7.600000000000000000e+01 8.731298498054204105e-01
7.610000000000000853e+01 4.569522313518462608e-01
7.620000000000000284e+01 3.649707953914024250e-01
7.629999999999999716e+01 3.807535867050680922e-01
7.640000000000000568e+01 3.759291192901829115e-01
7.650000000000000000e+01 1.018986312753793477e+00
7.660000000000000853e+01 4.498244967594329791e-01
7.670000000000000284e+01 1.072290142357219977e+00
7.680000000000001137e+01 1.503916006549602891e+00
7.690000000000000568e+01 6.149562093856147937e-01
7.700000000000000000e+01 6.057820007259150374e-01
7.710000000000000853e+01 1.111039642843056008e+00
7.720000000000000284e+01 6.588579170319271983e-01
7.730000000000001137e+01 2.965303573229081668e-01
7.740000000000000568e+01 7.485577216896471819e-01
7.750000000000000000e+01 7.808580529878103027e-01
7.760000000000000853e+01 1.497656416851254946e+00
7.770000000000000284e+01 1.703819293617883979e+00
7.780000000000001137e+01 1.877092828729258311e+00
7.790000000000000568e+01 4.530983973025796807e+00
7.800000000000000000e+01 2.333100219085209481e+00
7.810000000000000853e+01 1.622527485913286771e+00
7.820000000000000284e+01 4.040063717950891919e-01
7.830000000000001137e+01 1.476242015831792376e+00
7.840000000000000568e+01 1.099666181587787506e+00
7.850000000000000000e+01 6.202409732327258673e-01
7.860000000000000853e+01 8.602847721139115222e-01
7.870000000000000284e+01 1.251022026758240369e+00
7.880000000000001137e+01 1.021680655477477107e+00
7.890000000000000568e+01 1.731101631945542563e+00
7.900000000000000000e+01 1.339957342813525187e+00
7.910000000000000853e+01 1.247355083303657075e+00
7.920000000000000284e+01 9.890205452815492571e-01
7.930000000000001137e+01 4.985849930675206876e-01
7.940000000000000568e+01 1.498577043907537210e+00
7.950000000000000000e+01 8.560774009036817844e-01
7.960000000000000853e+01 6.868951907615895580e-01
7.970000000000000284e+01 9.678517453576109819e-01
7.980000000000001137e+01 1.072260313989907399e+00
7.990000000000000568e+01 6.130317290781917006e-01
8.000000000000000000e+01 1.247640498409272380e+00
8.010000000000000853e+01 6.486449781929124470e-01
8.020000000000000284e+01 6.216554117233167309e-01
8.030000000000001137e+01 3.732307266041449689e-01
8.040000000000000568e+01 5.342679425702627771e-01
8.050000000000000000e+01 5.045287898331092258e-01
8.060000000000000853e+01 1.530345384265221931e+00
8.070000000000000284e+01 4.757050647365690388e+00
8.080000000000001137e+01 1.680174833224436615e+00
8.090000000000000568e+01 3.381518726807908326e-01
8.100000000000000000e+01 4.745176496252989096e-01
8.110000000000000853e+01 3.744624020426174371e-01
8.120000000000000284e+01 3.751581340372725504e-01
8.130000000000001137e+01 4.395382914956422749e-01
8.140000000000000568e+01 8.313714128747548004e-01
8.150000000000000000e+01 1.389767299105373610e-01
8.160000000000000853e+01 3.611909225382718969e-01
8.170000000000000284e+01 3.438168667360919639e-01
8.180000000000001137e+01 3.515382302475028586e-01
8.190000000000000568e+01 8.321335196609616069e-01
8.200000000000000000e+01 1.354653246004290101e-01
8.210000000000000853e+01 1.944877489328726838e-01
8.220000000000000284e+01 5.337462852771660687e-02
8.230000000000001137e+01 1.794790174608780486e-01
8.240000000000000568e+01 2.353893194709426318e-01
8.250000000000000000e+01 1.679136566326674407e-01
8.260000000000000853e+01 6.230900655279536515e-01
8.270000000000000284e+01 6.944601760111442923e-01
8.280000000000001137e+01 9.170479175207272293e-01
8.290000000000000568e+01 4.632675652566913826e-01
8.300000000000000000e+01 3.419076737936759813e-01
8.310000000000000853e+01 1.971314639832735249e-01
8.320000000000000284e+01 2.484844737040567964e-01
8.330000000000001137e+01 2.170443001227936597e-01
8.340000000000000568e+01 1.652425834882678690e-01
8.350000000000000000e+01 3.825748507890681660e-01
8.360000000000000853e+01 4.989539327067118446e-01
8.370000000000000284e+01 2.159389297687677178e-01
8.380000000000001137e+01 3.546112507625649446e-01
8.390000000000000568e+01 3.324507211452108479e-01
8.400000000000000000e+01 2.939441503198116368e-01
8.410000000000000853e+01 3.763730568926170195e-01
8.420000000000000284e+01 3.501991985032468779e-01
8.430000000000001137e+01 1.946722208857410152e-01
8.440000000000000568e+01 2.009856661913330123e-01
8.450000000000000000e+01 2.672342462959190756e-01
8.460000000000000853e+01 8.999953644062083091e-01
8.470000000000000284e+01 1.773618212053444942e+00
8.480000000000001137e+01 9.854377382340134828e-01
8.490000000000000568e+01 4.695843347154516345e-01
8.500000000000000000e+01 1.700009686211991333e+00
8.510000000000000853e+01 1.629870332835991142e+00
8.520000000000000284e+01 6.126040348299532923e-01
8.530000000000001137e+01 5.866072090611791356e-01
8.540000000000000568e+01 7.025169093524109565e-01
8.550000000000000000e+01 8.880923181811292144e-01
8.560000000000000853e+01 8.439116338076313451e-01
8.570000000000000284e+01 1.184490021951513095e+00
8.580000000000001137e+01 6.589396738009154486e-01
8.590000000000000568e+01 7.589853477803345516e-01
8.600000000000000000e+01 7.161267520823093591e-01
8.610000000000000853e+01 4.342579075364939811e+00
8.620000000000000284e+01 4.753543152721338982e-01
8.630000000000001137e+01 4.661819168799632429e-01
8.640000000000000568e+01 6.154626681339849803e-01
8.650000000000000000e+01 1.065496917697699608e+00
8.660000000000000853e+01 1.119014862869270432e+00
8.670000000000000284e+01 1.334242656859786935e+00
8.680000000000001137e+01 1.228645648078747987e+00
8.690000000000000568e+01 1.408101614050679462e+00
8.700000000000000000e+01 9.974739957828844261e-01
8.710000000000000853e+01 1.851259413792127662e+00
8.720000000000000284e+01 1.201538787783362539e+00
8.730000000000001137e+01 5.300947426744097024e-01
8.740000000000000568e+01 1.297144043352062903e+00
8.750000000000000000e+01 1.722135394086558247e+00
8.760000000000000853e+01 1.683890306636368628e+00
8.770000000000000284e+01 1.475818366330160281e+00
8.780000000000001137e+01 3.795387827474224540e+00
8.790000000000000568e+01 2.101511011572331444e+00
8.800000000000000000e+01 2.741028099095696557e+00
8.810000000000000853e+01 1.292342719782813676e+00
8.820000000000000284e+01 1.271658577595306649e+00
8.830000000000001137e+01 2.405495149099345920e+00
8.840000000000000568e+01 1.904608196883061932e+00
8.850000000000000000e+01 5.135568273991776289e-01
8.860000000000000853e+01 1.258331907638596370e+00
8.870000000000000284e+01 1.199491823497108589e+00
8.880000000000001137e+01 2.044565761681973903e+00
8.890000000000000568e+01 1.399382456252226792e+00
8.900000000000000000e+01 8.061998404727851453e-01
8.910000000000000853e+01 1.480475416241016973e+00
8.920000000000000284e+01 7.329052150573920343e-01
8.930000000000001137e+01 6.226288782758869766e-01
8.940000000000000568e+01 2.200817332429481077e+00
8.950000000000000000e+01 1.091302020838496700e+00
8.960000000000000853e+01 1.101415391615941264e+00
8.970000000000000284e+01 8.568892532312402111e-01
8.980000000000001137e+01 1.677163135663899407e+00
8.990000000000000568e+01 1.222308227738851949e+00
9.000000000000000000e+01 1.250895077827710367e+00
9.010000000000000853e+01 1.428555755288841933e+00
9.020000000000000284e+01 4.739490631907921636e-01
9.030000000000001137e+01 6.872766271580296182e-01
9.040000000000000568e+01 1.830607576264528635e+00
9.050000000000000000e+01 8.813292223541538961e-01
9.060000000000000853e+01 1.624170259420132378e+00
9.070000000000000284e+01 5.650365299987756273e-01
9.080000000000001137e+01 5.415237838709620055e-01
9.090000000000000568e+01 7.931995261158629740e-01
9.100000000000000000e+01 1.359412564212622687e+00
9.110000000000000853e+01 3.152888480492018752e-01
9.120000000000000284e+01 1.253746104028073682e-01
9.130000000000001137e+01 9.919419836415363512e-02
9.140000000000000568e+01 4.021481240062005358e-01
9.150000000000000000e+01 8.331162289503488694e-01
9.160000000000000853e+01 2.506774707156880222e+00
9.170000000000000284e+01 1.167373181800394510e+00
9.180000000000001137e+01 5.551450605794089332e-01
9.190000000000000568e+01 1.552347316571732305e+00
9.200000000000000000e+01 3.102224822868307808e+00
9.210000000000000853e+01 2.591497956865190577e+00
9.220000000000000284e+01 5.430808942488860147e+00
9.230000000000001137e+01 1.939263089289270070e+01
9.240000000000000568e+01 4.787514331747798835e+00
9.250000000000000000e+01 1.400403887755328647e+00
9.260000000000000853e+01 4.076250178762862220e+00
9.270000000000000284e+01 2.234591193991956271e+00
9.280000000000001137e+01 1.488881878131724346e+00
9.290000000000000568e+01 1.623619420390901791e+00
9.300000000000000000e+01 4.778928540660056790e-01
9.310000000000000853e+01 2.464681705957884883e-01
9.320000000000000284e+01 2.375725443247174162e-01
9.330000000000001137e+01 1.349578171778943458e-01
9.340000000000000568e+01 3.260792764543056776e-01
9.350000000000000000e+01 1.017564001232107995e-01
9.360000000000000853e+01 5.880608183922964027e-01
9.370000000000000284e+01 2.851345148465985746e-01
9.380000000000001137e+01 1.180663901019586709e-01
9.390000000000000568e+01 2.966475956381153800e-01
9.400000000000000000e+01 2.699424390303017951e-01
9.410000000000000853e+01 3.809548866748344587e-01
9.420000000000000284e+01 9.884652135777052262e-01
9.430000000000001137e+01 9.647069170849361663e-01
9.440000000000000568e+01 5.999634572341918659e-01
9.450000000000000000e+01 3.831860003734203768e-01
9.460000000000000853e+01 1.417175062178752110e-01
9.470000000000000284e+01 2.288853791960718809e-01
9.480000000000001137e+01 7.497339930272506336e-02
9.490000000000000568e+01 9.533497123402658036e-02
9.500000000000000000e+01 1.245551593785595296e-01
9.510000000000000853e+01 8.637170410472450044e-02
9.520000000000000284e+01 2.258508609991577987e-01
9.530000000000001137e+01 9.940956394521906214e-02
9.540000000000000568e+01 2.883602036315986994e-01
9.550000000000000000e+01 6.950703835005006548e-01
9.560000000000000853e+01 4.154300917961435413e-01
9.570000000000000284e+01 1.004473552727987551e+00
9.580000000000001137e+01 4.678899095877350200e-01
9.590000000000000568e+01 7.133870226251887159e-01
9.600000000000000000e+01 3.188632042689317214e-01
9.610000000000000853e+01 5.883132574199195775e-01
9.620000000000000284e+01 2.958833725550529259e-01
9.630000000000001137e+01 6.301652515931083220e-01
9.640000000000000568e+01 3.547366275399260194e-01
9.650000000000000000e+01 1.053787113746945669e+00
9.660000000000000853e+01 7.325745865041062288e-01
9.670000000000000284e+01 4.052980183014114335e-01
9.680000000000001137e+01 9.573322294263700849e-01
9.690000000000000568e+01 8.378190143499155695e-01
9.700000000000000000e+01 5.008309573386644509e-01
9.710000000000000853e+01 6.303229571739686898e-01
9.720000000000000284e+01 2.938512597415260941e-01
9.730000000000001137e+01 5.330213717387510819e-02
9.740000000000000568e+01 1.675883562924674330e-01
9.750000000000000000e+01 1.519868377534391857e-01
9.760000000000000853e+01 5.356117183005639770e-01
9.770000000000000284e+01 1.085594525195356042e+00
9.780000000000001137e+01 1.088972993195087335e+00
9.790000000000000568e+01 3.859773939674660537e-01
9.800000000000000000e+01 1.287227912473654978e+00
9.810000000000000853e+01 9.959380285379535458e-01
9.820000000000000284e+01 1.038014492708573711e+00
9.830000000000001137e+01 5.719306193459037235e-01
9.840000000000000568e+01 1.691829580679931611e-01
9.850000000000000000e+01 4.384777926784685920e-01
9.860000000000000853e+01 7.835481712059884085e-01
9.870000000000000284e+01 1.206142810409107202e+00
9.880000000000001137e+01 3.650540399114512446e-01
9.890000000000000568e+01 1.164760263560979947e+00
9.900000000000000000e+01 1.090668511559386156e+00
9.910000000000000853e+01 9.438370208127495609e-01
9.920000000000000284e+01 1.595912789149958932e+00
9.930000000000001137e+01 5.581547289133718115e-01
9.940000000000000568e+01 1.027876270244300283e+00
9.950000000000000000e+01 9.143398252911109081e-01
9.960000000000000853e+01 1.282320528569354190e+00
9.970000000000000284e+01 7.025498017455509281e-01
9.980000000000001137e+01 3.123265875424521831e-01
9.990000000000000568e+01 6.847930141314710895e-01
