0.000000000000000000e+00 3.220275545581452459e-02
1.000000000000000056e-01 3.660908567695624928e-03
2.000000000000000111e-01 4.266767487997866377e-03
3.000000000000000444e-01 1.639332001668745986e-02
4.000000000000000222e-01 6.168967728847924749e-03
5.000000000000000000e-01 8.747748567722427732e-03
6.000000000000000888e-01 8.449861741532688902e-03
7.000000000000000666e-01 8.923727055762507463e-04
8.000000000000000444e-01 3.418317456508709884e-03
9.000000000000000222e-01 5.832571990459905001e-03
1.000000000000000000e+00 4.463544621007723388e-03
1.100000000000000089e+00 3.709927104295495433e-03
1.200000000000000178e+00 1.187970104061157606e-02
1.300000000000000044e+00 3.024327236330115118e-02
1.400000000000000133e+00 6.798623181362813822e-03
1.500000000000000000e+00 1.861427978510157843e-02
1.600000000000000089e+00 3.545579903767883539e-03
1.700000000000000178e+00 1.694478005272937815e-03
1.800000000000000044e+00 8.572629848637484951e-03
1.900000000000000133e+00 7.879749769510994983e-03
2.000000000000000000e+00 2.861388477555433432e-03
2.100000000000000089e+00 1.005050178564635514e-02
2.200000000000000178e+00 1.228067906717851265e-01
2.300000000000000266e+00 5.605585164748508320e-02
2.400000000000000355e+00 6.634642411185466548e-02
2.500000000000000000e+00 1.268583609035179270e-03
2.600000000000000089e+00 8.389589022039537977e-03
2.700000000000000178e+00 1.165656789449638804e-02
2.800000000000000266e+00 6.964294594992537224e-03
2.900000000000000355e+00 1.670655055701507699e-02
3.000000000000000000e+00 4.072952475002945133e-02
3.100000000000000089e+00 9.530005857038488168e-03
3.200000000000000178e+00 1.067167546507194753e-01
3.300000000000000266e+00 1.495162996936354460e-01
3.400000000000000355e+00 7.674609177734917353e-02
3.500000000000000000e+00 1.397620836294367064e-01
3.600000000000000089e+00 2.186433609523099064e-01
3.700000000000000178e+00 6.735381149329250361e-02
3.800000000000000266e+00 8.781966185216157073e-02
3.900000000000000355e+00 5.678590263191844734e-02
4.000000000000000000e+00 1.503531484070920812e-02
4.100000000000000533e+00 1.673540241371761217e-02
4.200000000000000178e+00 9.780690754763496364e-02
4.299999999999999822e+00 2.902770534614132480e-02
4.400000000000000355e+00 4.090584079210348584e-02
4.500000000000000000e+00 4.084979014183497958e-01
4.600000000000000533e+00 1.192211697268765053e-01
4.700000000000000178e+00 1.022391058981655942e-01
4.800000000000000711e+00 3.457163497263279761e-01
4.900000000000000355e+00 2.958360238357020111e-01
5.000000000000000000e+00 6.714677943345383204e-02
5.100000000000000533e+00 1.055823440660871998e-01
5.200000000000000178e+00 8.432974211412522791e-01
5.300000000000000711e+00 1.774048982210416403e+00
5.400000000000000355e+00 5.955758913548937494e-01
5.500000000000000000e+00 2.446028929754862913e-01
5.600000000000000533e+00 1.054215660717290337e+00
5.700000000000000178e+00 1.577689818263514898e-01
5.800000000000000711e+00 2.368587590564052991e-01
5.900000000000000355e+00 2.321299049524642166e-01
6.000000000000000000e+00 1.284235131853656453e+00
6.100000000000000533e+00 9.031471977254763583e-01
6.200000000000000178e+00 5.242249635323628087e-01
6.300000000000000711e+00 2.371071340366142088e-01
6.400000000000000355e+00 1.824245199883920907e-02
6.500000000000000000e+00 1.957441134791418902e-01
6.600000000000000533e+00 1.739375647134657962e-02
6.700000000000000178e+00 1.114748091964453680e-01
6.800000000000000711e+00 2.459810654439925914e-01
6.900000000000000355e+00 4.160702374219349964e-01
7.000000000000000000e+00 7.891351601865372878e-01
7.100000000000000533e+00 8.439639722276955913e-01
7.200000000000000178e+00 6.907702353665274408e+00
7.300000000000000711e+00 8.000943757925677247e+00
7.400000000000000355e+00 3.335091377518860090e-01
7.500000000000000000e+00 5.726674163681600982e-01
7.600000000000000533e+00 1.126438188477476565e+00
7.700000000000000178e+00 1.712979597873008020e+00
7.800000000000000711e+00 8.935421899766952114e-01
7.900000000000000355e+00 1.942764531120142746e-01
8.000000000000000000e+00 3.952105083543211439e+00
8.099999999999999645e+00 1.196150936057596503e+01
8.200000000000001066e+00 1.818881430862175685e+00
8.300000000000000711e+00 1.382288929092677421e+00
8.400000000000000355e+00 8.964602450348484464e-01
8.500000000000000000e+00 1.844581830994027172e+00
8.599999999999999645e+00 2.352812614490509269e+00
8.700000000000001066e+00 6.724869597213573691e+00
8.800000000000000711e+00 2.352055663173949540e+00
8.900000000000000355e+00 3.266402259643275130e-01
9.000000000000000000e+00 4.188912733434015379e-01
9.099999999999999645e+00 1.735830615389055420e-01
9.200000000000001066e+00 3.575060815944736126e-01
9.300000000000000711e+00 1.992451586827197751e-01
9.400000000000000355e+00 3.459978363467203777e-01
9.500000000000000000e+00 5.855274233307462772e+00
9.600000000000001421e+00 1.804982656465420332e+00
9.700000000000001066e+00 1.599435233989336957e+01
9.800000000000000711e+00 2.871442474507058140e+00
9.900000000000000355e+00 2.861081954267984173e+00
1.000000000000000000e+01 8.362701254004910822e+00
1.010000000000000142e+01 5.596095138294899796e-01
1.020000000000000107e+01 9.813373814818646679e-01
1.030000000000000071e+01 1.116534377991309723e+00
1.040000000000000036e+01 2.940460832282945081e-01
1.050000000000000000e+01 2.395509734489072728e-01
1.060000000000000142e+01 3.099877195026493393e+00
1.070000000000000107e+01 9.366012049209858858e+00
1.080000000000000071e+01 3.276301608199516657e+00
1.090000000000000036e+01 1.081922799309389172e+00
1.100000000000000000e+01 2.963947654430002521e-01
1.110000000000000142e+01 2.195805117562664055e+00
1.120000000000000107e+01 4.433112525634916312e-01
1.130000000000000071e+01 6.218811966167192562e-01
1.140000000000000036e+01 4.797207413475148008e-01
1.150000000000000000e+01 3.277994233249596601e+00
1.160000000000000142e+01 1.954463118168057845e+00
1.170000000000000107e+01 1.487776509330058117e+00
1.180000000000000071e+01 2.198888126804344090e+00
1.190000000000000036e+01 6.644362029988569063e+00
1.200000000000000000e+01 4.173723621790549565e+00
1.210000000000000142e+01 4.438306122962949019e+00
1.220000000000000107e+01 7.094278289308101115e+00
1.230000000000000071e+01 3.463974288900098841e+00
1.240000000000000036e+01 4.932334831099498551e+00
1.250000000000000000e+01 7.523543585900349662e+00
1.260000000000000142e+01 2.278062878520938028e+00
1.270000000000000107e+01 1.844682938009104101e+00
1.280000000000000071e+01 6.648389081171128812e-01
1.290000000000000036e+01 9.529817429933442607e-01
1.300000000000000000e+01 1.495090396507658070e+00
1.310000000000000142e+01 1.593524804261775563e-01
1.320000000000000107e+01 7.545208933028885179e-01
1.330000000000000071e+01 1.120000304708834715e-01
1.340000000000000036e+01 1.036088402329039981e+00
1.350000000000000000e+01 6.600279966038893331e-01
1.360000000000000142e+01 8.591617564531741635e-01
1.370000000000000107e+01 1.117399580512673474e+01
1.380000000000000071e+01 2.911419117270332535e+01
1.390000000000000036e+01 5.813544808757368010e+00
1.400000000000000000e+01 1.108384916857058400e+01
1.410000000000000142e+01 2.641907965945077041e+00
1.420000000000000107e+01 7.717595086028877782e-01
1.430000000000000071e+01 3.090048524513432371e-01
1.440000000000000036e+01 8.085426535782617163e-01
1.450000000000000000e+01 2.098818563714844210e+00
1.460000000000000142e+01 1.093600643687420515e+01
1.470000000000000107e+01 5.990880823896779894e+00
1.480000000000000071e+01 1.904989580606720745e+00
1.490000000000000036e+01 2.136723925379843958e-01
1.500000000000000000e+01 1.638926308238324969e+00
1.510000000000000142e+01 5.664015862126577927e-01
1.520000000000000107e+01 6.711240614590709141e-02
1.530000000000000071e+01 1.065798698286348906e-01
1.540000000000000036e+01 5.238059183119995188e-01
1.550000000000000000e+01 3.581862138769595916e-01
1.560000000000000142e+01 1.119611889299744756e-01
1.570000000000000107e+01 6.419125897605630904e-01
1.580000000000000071e+01 4.416831177959474330e-01
1.590000000000000036e+01 4.920027433191510591e-01
1.600000000000000000e+01 1.143761898791759046e+00
1.610000000000000142e+01 5.759260540251549543e+00
1.619999999999999929e+01 4.216481092978615064e-01
1.630000000000000071e+01 3.128133286073405017e+00
1.640000000000000213e+01 1.964432194146956023e+00
1.650000000000000000e+01 3.982892438364411980e+00
1.660000000000000142e+01 1.299174139416134910e+00
1.669999999999999929e+01 8.636899040675284356e-01
1.680000000000000071e+01 6.402874894552509355e-01
1.690000000000000213e+01 7.464177246243897557e+00
1.700000000000000000e+01 7.612544757470381951e-01
1.710000000000000142e+01 1.908011805941160377e+00
1.719999999999999929e+01 3.253737355175111201e+00
1.730000000000000071e+01 9.546200073332004266e+00
1.740000000000000213e+01 5.456596067638169067e+00
1.750000000000000000e+01 1.363368599562552186e+00
1.760000000000000142e+01 3.995574636707682536e+00
1.769999999999999929e+01 3.702349201589911765e-01
1.780000000000000071e+01 2.825162405903738794e+00
1.790000000000000213e+01 6.347976032130290269e-01
1.800000000000000000e+01 1.679296600372150450e-01
1.810000000000000142e+01 3.694615960071055416e-01
1.819999999999999929e+01 1.553355499932981498e+00
1.830000000000000071e+01 8.732184924346027444e+00
1.840000000000000213e+01 1.268439708143955791e+00
1.850000000000000000e+01 7.680991324989177471e+00
1.860000000000000142e+01 1.147273125679568739e+00
1.869999999999999929e+01 8.235190686735830434e-01
1.880000000000000071e+01 3.007479502324907461e+00
1.890000000000000213e+01 1.468640918591644429e+01
1.900000000000000000e+01 1.159686555856987944e+01
1.910000000000000142e+01 2.641515084396125257e+00
1.920000000000000284e+01 1.323840139743529265e-01
1.930000000000000071e+01 1.903766469885619650e-01
1.940000000000000213e+01 1.246305078558487267e+00
1.950000000000000000e+01 1.881224872339461562e+00
1.960000000000000142e+01 3.478365011599128032e+00
1.970000000000000284e+01 4.877610517189062023e+00
1.980000000000000071e+01 5.481947152885457974e-01
1.990000000000000213e+01 4.378717695219916273e+00
2.000000000000000000e+01 7.449120107814989344e-01
2.010000000000000142e+01 2.595714794103249345e-01
2.020000000000000284e+01 2.654653063507164124e-01
2.030000000000000071e+01 5.359503540905231844e+00
2.040000000000000213e+01 2.160395246864841301e+00
2.050000000000000000e+01 7.476057294946821807e-01
2.060000000000000142e+01 1.737990176686389887e+00
2.070000000000000284e+01 5.561407004838152979e+00
2.080000000000000071e+01 3.376554359947105155e+01
2.090000000000000213e+01 7.227285357485754069e+00
2.100000000000000000e+01 2.352151376464563270e+01
2.110000000000000142e+01 8.791137263188964823e+00
2.120000000000000284e+01 3.604966616413197489e+00
2.130000000000000071e+01 1.054746277614597272e+00
2.140000000000000213e+01 1.217849429050333221e+00
2.150000000000000000e+01 3.494853534388082106e-01
2.160000000000000142e+01 3.528657188580974324e+00
2.170000000000000284e+01 3.113485978332554360e+00
2.180000000000000071e+01 1.744716850234369288e+00
2.190000000000000213e+01 6.177277546608755721e+00
2.200000000000000000e+01 1.312927477510215546e+00
2.210000000000000142e+01 1.231710764100905964e+00
2.220000000000000284e+01 7.188413232159492905e-01
2.230000000000000071e+01 2.362822058995138752e-01
2.240000000000000213e+01 8.259779536076614082e-02
2.250000000000000000e+01 4.280540615903067891e-01
2.260000000000000142e+01 1.592515684714179702e-01
2.270000000000000284e+01 4.514230155346888873e-01
2.280000000000000071e+01 3.625300733795558283e+00
2.290000000000000213e+01 2.370606799922370556e+00
2.300000000000000000e+01 9.204124008957257352e-01
2.310000000000000142e+01 1.651194902697269429e-01
2.320000000000000284e+01 2.764609964111578444e-01
2.330000000000000071e+01 1.856476437123312229e-01
2.340000000000000213e+01 7.870491568099788338e-02
2.350000000000000000e+01 6.727504820306252908e-02
2.360000000000000142e+01 1.247451687963512690e+00
2.370000000000000284e+01 3.929321646936074330e+00
2.380000000000000071e+01 7.750658824345797449e+00
2.390000000000000213e+01 1.532803348905388852e+01
2.400000000000000000e+01 8.320659639550596509e+00
2.410000000000000142e+01 3.336688980783897307e+01
2.420000000000000284e+01 2.318298709444382055e+01
2.430000000000000071e+01 9.401876685825559576e+00
2.440000000000000213e+01 5.001331004727991747e+00
2.450000000000000000e+01 5.311651119711678914e-01
2.460000000000000142e+01 2.588493699445871599e+00
2.470000000000000284e+01 3.141273925138321488e+00
2.480000000000000071e+01 9.198338522063702616e-01
2.490000000000000213e+01 4.802361996122685106e+00
2.500000000000000000e+01 9.788005804969737156e-01
2.510000000000000142e+01 2.889637417894038940e+00
2.520000000000000284e+01 7.807429441687081528e+00
2.530000000000000071e+01 1.774707657034851005e+00
2.540000000000000213e+01 1.423290122216266163e+00
2.550000000000000000e+01 8.480054266245873329e-01
2.560000000000000142e+01 1.407907432154053451e+00
2.570000000000000284e+01 2.068088304639696673e-01
2.580000000000000071e+01 5.654439392117836111e-02
2.590000000000000213e+01 2.454828813265773624e-01
2.600000000000000000e+01 1.419178135574616917e-01
2.610000000000000142e+01 2.144922738358928660e-01
2.620000000000000284e+01 8.740695616011971980e-01
2.630000000000000071e+01 6.008149450261139890e-01
2.640000000000000213e+01 4.124612910760879769e-01
2.650000000000000000e+01 2.055759268300588083e+00
2.660000000000000142e+01 1.424101678100469570e+01
2.670000000000000284e+01 3.962881149877565790e+00
2.680000000000000071e+01 7.585441296167283465e-01
2.690000000000000213e+01 2.177968370459888003e+00
2.700000000000000000e+01 2.725637226373705957e+01
2.710000000000000142e+01 9.183492043714999165e-01
2.720000000000000284e+01 5.880308272173702111e-01
2.730000000000000071e+01 2.239662154300856134e+00
2.740000000000000213e+01 2.613748800082204227e+00
2.750000000000000000e+01 9.582364709495236887e-01
2.760000000000000142e+01 2.433071420201900370e+00
2.770000000000000284e+01 1.019786582984215206e+00
2.780000000000000071e+01 5.049231072240252249e-01
2.790000000000000213e+01 4.615878420175173469e-01
2.800000000000000000e+01 4.507292738863655224e-01
2.810000000000000142e+01 2.950535120346534645e-01
2.820000000000000284e+01 3.299393001939534997e+00
2.830000000000000071e+01 6.438367261948925169e+00
2.840000000000000213e+01 1.004529614310265995e+00
2.850000000000000000e+01 7.415322377088220396e-01
2.860000000000000142e+01 8.159392339732122190e-01
2.870000000000000284e+01 1.174374052191125006e+00
2.880000000000000071e+01 2.456573382062830380e+00
2.890000000000000213e+01 1.746062450759058748e+00
2.900000000000000000e+01 5.546043117209939588e+00
2.910000000000000142e+01 1.461392835696529779e+00
2.920000000000000284e+01 7.956095652618138114e-01
2.930000000000000071e+01 2.609360885891398585e-01
2.940000000000000213e+01 1.342785075509427051e+00
2.950000000000000000e+01 1.418612952225220214e+00
2.960000000000000142e+01 7.970454036857296254e-01
2.970000000000000284e+01 1.261648044254144896e+00
2.980000000000000071e+01 1.131503759051518010e+00
2.990000000000000213e+01 7.242343774281667645e-01
3.000000000000000000e+01 1.185892829404750826e+00
3.010000000000000142e+01 1.765273768896732154e+00
3.020000000000000284e+01 2.939901019434588925e+00
3.030000000000000071e+01 4.075818818503695873e+00
3.040000000000000213e+01 1.882861729198641854e+01
3.050000000000000000e+01 1.262089594541024873e+01
3.060000000000000142e+01 1.608329348344667054e+01
3.070000000000000284e+01 1.563070692120889404e+01
3.080000000000000071e+01 9.737544319608355536e+00
3.090000000000000213e+01 1.043914776404225586e+00
3.100000000000000000e+01 4.026605538771291570e+00
3.110000000000000142e+01 1.249152527800083456e+00
3.120000000000000284e+01 8.342897375398518278e+00
3.130000000000000071e+01 1.152185600316373204e+01
3.140000000000000213e+01 6.900897308614007741e+00
3.150000000000000000e+01 4.612928265698129415e+00
3.160000000000000142e+01 1.468409999410972766e+01
3.170000000000000284e+01 8.048658682946410181e+00
3.180000000000000071e+01 3.782311238383329499e+00
3.190000000000000213e+01 1.164388580900575221e+01
3.200000000000000000e+01 5.794801762101447373e+00
3.210000000000000142e+01 5.792550284861676779e+00
3.220000000000000284e+01 2.095281778910560533e+01
3.230000000000000426e+01 2.026551908219716225e+01
3.239999999999999858e+01 1.772765138746407132e+01
3.250000000000000000e+01 5.442975621661211960e+00
3.260000000000000142e+01 1.361554856724653106e+01
3.270000000000000284e+01 3.433963931639986367e+00
3.280000000000000426e+01 3.922394284756828942e+00
3.289999999999999858e+01 3.664261550393267175e+00
3.300000000000000000e+01 3.023394444757169452e+01
3.310000000000000142e+01 1.083449560245915144e+01
3.320000000000000284e+01 1.598145274241508762e+00
3.330000000000000426e+01 2.437096841632459210e+00
3.339999999999999858e+01 1.612750326707803161e+00
3.350000000000000000e+01 6.015037481134599684e-01
3.360000000000000142e+01 1.536417547174809606e+00
3.370000000000000284e+01 7.231038083576413200e-01
3.380000000000000426e+01 9.385316388234411278e+00
3.389999999999999858e+01 1.162677782719187292e+01
3.400000000000000000e+01 3.529505995671217988e+01
3.410000000000000142e+01 5.995890636679401098e+01
3.420000000000000284e+01 2.811517210728363381e+01
3.430000000000000426e+01 1.053528764053945643e+01
3.439999999999999858e+01 8.025497195001427997e+00
3.450000000000000000e+01 8.458437648002202991e+00
3.460000000000000142e+01 1.365598813353417640e+01
3.470000000000000284e+01 4.109571612513017413e+01
3.480000000000000426e+01 2.461636211084413617e+01
3.489999999999999858e+01 2.243603406033834347e+01
3.500000000000000000e+01 1.422846439430384713e+01
3.510000000000000142e+01 7.254314596108887514e+00
3.520000000000000284e+01 4.815724011953472217e-01
3.530000000000000426e+01 4.984341298075949389e+00
3.539999999999999858e+01 1.140171865398124851e+01
3.550000000000000000e+01 2.304338883011311623e+00
3.560000000000000142e+01 1.801673793245222654e+01
3.570000000000000284e+01 9.342337986018401708e+00
3.580000000000000426e+01 6.514074790515634206e+00
3.589999999999999858e+01 2.501172046415982564e+01
3.600000000000000000e+01 2.353118442462026749e+01
3.610000000000000142e+01 2.669947437282718550e+00
3.620000000000000284e+01 3.149056335663615425e+00
3.630000000000000426e+01 2.947825900276542299e+01
3.639999999999999858e+01 5.806746053185572265e+01
3.650000000000000000e+01 1.009808540611149752e+01
3.660000000000000142e+01 1.660554021876887276e+01
3.670000000000000284e+01 1.948197356177234596e+01
3.680000000000000426e+01 1.817590553210220250e+01
3.689999999999999858e+01 2.203646463205772577e+01
3.700000000000000000e+01 3.935424795514312990e+01
3.710000000000000142e+01 1.732478316698364651e+01
3.720000000000000284e+01 1.552039304433673905e+01
3.730000000000000426e+01 5.497839944705975057e+01
3.739999999999999858e+01 4.305064339379718064e+01
3.750000000000000000e+01 4.768369078736323274e+01
3.760000000000000142e+01 3.820033604111262093e+01
3.770000000000000284e+01 3.770550161342850259e+01
3.780000000000000426e+01 8.030489766913125038e+01
3.789999999999999858e+01 6.885444000717366464e+01
3.800000000000000000e+01 5.880476451846590180e+01
3.810000000000000142e+01 8.560923763730131952e+01
3.820000000000000284e+01 3.633433790575175237e+01
3.830000000000000426e+01 6.342018433581353065e+01
3.840000000000000568e+01 1.127390226281814591e+02
3.850000000000000000e+01 2.019651947560131191e+02
3.860000000000000142e+01 1.578294328746305837e+02
3.870000000000000284e+01 1.311181326782492533e+02
3.880000000000000426e+01 4.941518801592056320e+01
3.890000000000000568e+01 6.417200155989310417e+01
3.900000000000000000e+01 2.638952917654946617e+01
3.910000000000000142e+01 3.293299400458884918e+01
3.920000000000000284e+01 1.910572809487917212e+01
3.930000000000000426e+01 1.559327353233947200e+01
3.940000000000000568e+01 4.932728576224172912e+01
3.950000000000000000e+01 4.275805261341981378e+01
3.960000000000000142e+01 9.951428374381588071e+01
3.970000000000000284e+01 1.783696496171820343e+02
3.980000000000000426e+01 1.999806070242111957e+02
3.990000000000000568e+01 1.863179597746896263e+02
4.000000000000000000e+01 1.469556296988162103e+02
4.010000000000000142e+01 1.072384695781884290e+02
4.020000000000000284e+01 2.382960355347175607e+02
4.030000000000000426e+01 2.474701661387493630e+02
4.040000000000000568e+01 4.011570917421843774e+02
4.050000000000000000e+01 4.051007458907818659e+02
4.060000000000000142e+01 1.687049285863300156e+03
4.070000000000000284e+01 6.075213395272836351e+03
4.080000000000000426e+01 2.077679668679544648e+03
4.090000000000000568e+01 5.626976062572291539e+02
4.100000000000000000e+01 3.160105108445577571e+02
4.110000000000000142e+01 2.553077802656443964e+02
4.120000000000000284e+01 2.464448046202368516e+02
4.130000000000000426e+01 1.160012296635121913e+02
4.140000000000000568e+01 1.746639414130476951e+02
4.150000000000000000e+01 1.834440001073487281e+02
4.160000000000000142e+01 2.086407155646773788e+02
4.170000000000000284e+01 1.866936057935347719e+02
4.180000000000000426e+01 1.131661696124138672e+02
4.190000000000000568e+01 4.635314827405728266e+01
4.200000000000000000e+01 5.390176507101402592e+01
4.210000000000000142e+01 1.573187504747247623e+01
4.220000000000000284e+01 1.875134333394102981e+01
4.230000000000000426e+01 3.170139800721368672e+01
4.240000000000000568e+01 2.632944062539741026e+01
4.250000000000000000e+01 6.184946053942644539e+01
4.260000000000000142e+01 4.926138168548221330e+01
4.270000000000000284e+01 1.174626351017661676e+02
4.280000000000000426e+01 1.343956439986667704e+02
4.290000000000000568e+01 2.332529124404880747e+02
4.300000000000000000e+01 1.164892892862787477e+02
4.310000000000000142e+01 9.069689639508460743e+01
4.320000000000000284e+01 3.559285551018742666e+01
4.330000000000000426e+01 9.173539383284688142e+01
4.340000000000000568e+01 6.823733690251845019e+01
4.350000000000000000e+01 7.574450723863783708e+01
4.360000000000000142e+01 9.754438642615673416e+01
4.370000000000000284e+01 4.217812878499548646e+01
4.380000000000000426e+01 4.059773884622683227e+01
4.390000000000000568e+01 4.739238218702808325e+01
4.400000000000000000e+01 4.470593351056607645e+01
4.410000000000000142e+01 5.677930573705791062e+01
4.420000000000000284e+01 1.598876090487484092e+01
4.430000000000000426e+01 1.585584559648900083e+01
4.440000000000000568e+01 3.749254173078385577e+01
4.450000000000000000e+01 2.472268843404211225e+01
4.460000000000000142e+01 1.820254190687885298e+01
4.470000000000000284e+01 2.201245779478797004e+01
4.480000000000000426e+01 1.797696221529571048e+01
4.490000000000000568e+01 9.030064536974853340e+00
4.500000000000000000e+01 5.508292145021173525e+01
4.510000000000000142e+01 3.553934282759753671e+01
4.520000000000000284e+01 4.348024119302560386e+00
4.530000000000000426e+01 2.388865213009672139e+00
4.540000000000000568e+01 1.762477544363611415e+01
4.550000000000000000e+01 3.013340854676784275e+01
4.560000000000000142e+01 6.671945535692393570e+00
4.570000000000000284e+01 8.973466380638420503e+00
4.580000000000000426e+01 2.153520161689697687e+01
4.590000000000000568e+01 2.311665734332911004e+00
4.600000000000000000e+01 1.142840064708288139e+01
4.610000000000000142e+01 6.060645446701445671e+00
4.620000000000000284e+01 5.073812795763107397e-01
4.630000000000000426e+01 6.179392638436028484e+00
4.640000000000000568e+01 1.315666913754051670e+01
4.650000000000000000e+01 2.367621679051327988e+01
4.660000000000000142e+01 2.200754207758766512e+01
4.670000000000000284e+01 4.329616595641306276e+01
4.680000000000000426e+01 1.429465084838826883e+01
4.690000000000000568e+01 9.362041497650729127e+00
4.700000000000000000e+01 8.060459030602947550e+00
4.710000000000000142e+01 9.728509555668845010e+00
4.720000000000000284e+01 2.467849640735449768e+01
4.730000000000000426e+01 5.993631111593106908e+01
4.740000000000000568e+01 3.980632105331129367e+01
4.750000000000000000e+01 1.346300398424798495e+01
4.760000000000000142e+01 1.054290240746541407e+01
4.770000000000000284e+01 8.160824850805605823e-01
4.780000000000000426e+01 1.594559109124483953e+00
4.790000000000000568e+01 5.884375105860417676e-01
4.800000000000000000e+01 1.594008158621462501e+00
4.810000000000000142e+01 2.543217182981967639e+00
4.820000000000000284e+01 1.487881293367605773e+00
4.830000000000000426e+01 9.334613413907435486e+00
4.840000000000000568e+01 3.080627205895595822e+01
4.850000000000000000e+01 5.212859557953969158e+00
4.860000000000000142e+01 3.718200474949495682e+00
4.870000000000000284e+01 3.256447209317783198e+00
4.880000000000000426e+01 1.360901271452125272e+01
4.890000000000000568e+01 5.515218145362970503e+00
4.900000000000000000e+01 1.582221964758261024e+01
4.910000000000000142e+01 1.821817741108452893e+01
4.920000000000000284e+01 2.533084857492268327e+01
4.930000000000000426e+01 5.962673096518471993e+00
4.940000000000000568e+01 5.468943112922901584e+00
4.950000000000000000e+01 1.187286548965560051e+01
4.960000000000000142e+01 4.148324505820148111e+00
4.970000000000000284e+01 7.528675799842420524e+00
4.980000000000000426e+01 1.553556236976198157e+01
4.990000000000000568e+01 5.333122143230832890e+00
5.000000000000000000e+01 6.553834188736758826e+00
5.010000000000000142e+01 1.139819948629119217e+01
5.020000000000000284e+01 9.507016193756339106e+00
5.030000000000000426e+01 1.429449467413817620e+00
5.040000000000000568e+01 4.158328026920917964e+00
5.050000000000000000e+01 9.938172831143307073e-01
5.060000000000000142e+01 8.581339711496392297e+00
5.070000000000000284e+01 1.489129242085778060e+01
5.080000000000000426e+01 1.780415239238455172e+01
5.090000000000000568e+01 1.197428901727599282e+01
5.100000000000000000e+01 2.280289724391445105e+01
5.110000000000000142e+01 5.073936222030138943e+00
5.120000000000000284e+01 3.167842079336065098e+00
5.130000000000000426e+01 1.831227897165532914e+00
5.140000000000000568e+01 1.398230772074632977e+00
5.150000000000000000e+01 7.405786667595385397e-01
5.160000000000000142e+01 1.049293959943386811e+00
5.170000000000000284e+01 1.347601598516212862e+00
5.180000000000000426e+01 7.923933902036736088e-01
5.190000000000000568e+01 1.372668924531520451e+00
5.200000000000000000e+01 1.502558651351875607e+00
5.210000000000000142e+01 3.190712284818640887e-01
5.220000000000000284e+01 7.024065745671838057e-01
5.230000000000000426e+01 1.241625665239183940e+00
5.240000000000000568e+01 5.757369808129226385e+00
5.250000000000000000e+01 1.823954943641632909e+00
5.260000000000000142e+01 2.647944367851258196e+00
5.270000000000000284e+01 1.272750875068126675e+00
5.280000000000000426e+01 8.645802791806592724e-01
5.290000000000000568e+01 7.318399729777145257e-01
5.300000000000000000e+01 8.790267907855850993e-01
5.310000000000000142e+01 5.850281833520631025e+00
5.320000000000000284e+01 4.158276127557733126e+00
5.330000000000000426e+01 3.635868170827578627e-01
5.340000000000000568e+01 4.408244058806269905e-01
5.350000000000000000e+01 4.500130704170589024e-01
5.360000000000000142e+01 4.537079152969856199e-01
5.370000000000000284e+01 9.287409801945505361e-01
5.380000000000000426e+01 2.451403216299061771e+00
5.390000000000000568e+01 9.629815134207130312e-01
5.400000000000000000e+01 2.410999876025487598e+00
5.410000000000000142e+01 2.608447901860772244e+00
5.420000000000000284e+01 6.223472975757856629e-01
5.430000000000000426e+01 7.053446829586379474e-01
5.440000000000000568e+01 2.632537793275317028e+01
5.450000000000000000e+01 2.975386659191554539e+00
5.460000000000000142e+01 7.712062095316031263e-01
5.470000000000000284e+01 3.057871297358265128e+00
5.480000000000000426e+01 1.434330499758788591e+01
5.490000000000000568e+01 2.680689759766847757e+00
5.500000000000000000e+01 4.877457404105122740e-01
5.510000000000000142e+01 5.459073370856367680e-01
5.520000000000000284e+01 9.169715946821732633e-01
5.530000000000000426e+01 2.304495531409173348e-01
5.540000000000000568e+01 1.474076480985767323e-01
5.550000000000000000e+01 2.657100315397579182e-01
5.560000000000000142e+01 5.825262406855626074e-02
5.570000000000000284e+01 1.817510407060859146e-01
5.580000000000000426e+01 1.166812414849137891e+00
5.590000000000000568e+01 8.890870715902884358e-01
5.600000000000000000e+01 1.331502477165496634e+00
5.610000000000000142e+01 1.514194548626954129e+00
5.620000000000000284e+01 7.798946553073554888e+00
5.630000000000000426e+01 3.145866929897429110e+00
5.640000000000000568e+01 9.706629878623801444e-01
5.650000000000000000e+01 4.324428223289757511e+00
5.660000000000000142e+01 9.077343732486633510e-01
5.670000000000000284e+01 3.058663091977726012e+00
5.680000000000000426e+01 2.845945762441749238e+00
5.690000000000000568e+01 5.346932666953241320e-01
5.700000000000000000e+01 4.082063540034880589e+00
5.710000000000000142e+01 8.150619390315586799e+00
5.720000000000000284e+01 2.212191005109307085e+01
5.730000000000000426e+01 3.451107245138883428e+01
5.740000000000000568e+01 9.215056072694187250e+00
5.750000000000000000e+01 1.542044460476684087e+01
5.760000000000000142e+01 7.934777711181933313e+00
5.770000000000000284e+01 4.863400468953132716e+00
5.780000000000000426e+01 1.594099326318012322e+00
5.790000000000000568e+01 7.908660941845477299e-02
5.800000000000000000e+01 7.261318754677288656e-02
5.810000000000000142e+01 1.671030605273168268e-01
5.820000000000000284e+01 2.940840563826439547e-01
5.830000000000000426e+01 1.621271897111632443e-01
5.840000000000000568e+01 8.169270326959814366e-01
5.850000000000000000e+01 2.039512755594768745e+00
5.860000000000000142e+01 4.682708077070900643e+00
5.870000000000000284e+01 5.933694173805166283e-01
5.880000000000000426e+01 1.583263294712004832e-01
5.890000000000000568e+01 4.343535436717169684e-01
5.900000000000000000e+01 8.787073806946837928e-02
5.910000000000000142e+01 2.120866746578387863e-01
5.920000000000000284e+01 6.857677976676688214e-01
5.930000000000000426e+01 1.152689995424070135e+00
5.940000000000000568e+01 1.209379131078341274e+00
5.950000000000000000e+01 6.040064206349901710e+00
5.960000000000000142e+01 1.682080089497615116e+00
5.970000000000000284e+01 3.080764651024942680e+00
5.980000000000000426e+01 3.630987815397900054e+00
5.990000000000000568e+01 3.955648798043708281e-01
6.000000000000000000e+01 1.159089891807473016e+00
6.010000000000000142e+01 9.906837428665129508e-01
6.020000000000000284e+01 3.276167439907545553e+00
6.030000000000000426e+01 8.172814273344574332e+00
6.040000000000000568e+01 2.369051579923161199e+01
6.050000000000000000e+01 7.066501887667539172e+00
6.060000000000000142e+01 3.394427682277758862e+01
6.070000000000000284e+01 6.197500576198301303e+00
6.080000000000000426e+01 2.191913563361740369e+00
6.090000000000000568e+01 6.965807860369981341e-01
6.100000000000000000e+01 1.818009464169829892e+00
6.110000000000000142e+01 5.876788006555004884e+00
6.120000000000000284e+01 3.692319290842274726e-01
6.130000000000000426e+01 2.455010631844541102e-01
6.140000000000000568e+01 6.062206281444665334e-01
6.150000000000000000e+01 4.832100992875031586e+00
6.160000000000000142e+01 5.189808180629740253e-01
6.170000000000000284e+01 4.520193338659650450e+00
6.180000000000000426e+01 3.375605609790916173e+00
6.190000000000000568e+01 2.010676902352133144e+00
6.200000000000000000e+01 1.511482046238595167e+00
6.210000000000000142e+01 2.194618411710184125e-01
6.220000000000000284e+01 1.136855206225127063e-01
6.230000000000000426e+01 1.742372112133459883e+00
6.240000000000000568e+01 1.033478075751577840e+01
6.250000000000000000e+01 1.567037430896518835e+01
6.260000000000000142e+01 3.882585578852297381e+00
6.270000000000000284e+01 8.357346266225721410e-01
6.280000000000000426e+01 1.026798328571155938e+00
6.290000000000000568e+01 7.121482401446096233e+00
6.300000000000000000e+01 1.320875274595110227e+00
6.310000000000000142e+01 8.440666522480674061e+00
6.320000000000000284e+01 1.941631334545273146e+00
6.330000000000000426e+01 5.601018058305999858e-01
6.340000000000000568e+01 1.545161372540872491e-01
6.350000000000000000e+01 5.438067109174701264e-01
6.360000000000000142e+01 2.768664539433601135e+00
6.370000000000000284e+01 4.005929635124853561e-01
6.380000000000000426e+01 3.646830459664246682e+00
6.390000000000000568e+01 1.276098656203069392e+00
6.400000000000000000e+01 4.829353896524054335e+00
6.410000000000000853e+01 9.258180404740429026e+00
6.420000000000000284e+01 3.608495901506195036e+00
6.429999999999999716e+01 2.117665968293651613e+00
6.440000000000000568e+01 6.918765768997081622e-01
6.450000000000000000e+01 7.474272287191524811e+00
6.460000000000000853e+01 7.120812744554283480e-01
6.470000000000000284e+01 8.638817350041637644e-01
6.479999999999999716e+01 1.135035344925354739e+00
6.490000000000000568e+01 3.746801703245119519e+00
6.500000000000000000e+01 2.099657398306661982e+00
6.510000000000000853e+01 3.421063160453989838e+00
6.520000000000000284e+01 3.784535614873625886e-01
6.529999999999999716e+01 5.327383834162901621e+00
6.540000000000000568e+01 1.326436646193084545e+00
6.550000000000000000e+01 5.618030830368286876e-01
6.560000000000000853e+01 4.238250224095372332e-01
6.570000000000000284e+01 7.016144318339463393e-01
6.579999999999999716e+01 1.127900338255634904e-01
6.590000000000000568e+01 3.045639478851800974e-01
6.600000000000000000e+01 5.803430281850977535e-01
6.610000000000000853e+01 1.232808613515955221e-01
6.620000000000000284e+01 5.171980422253582427e-02
6.629999999999999716e+01 3.880829610032426880e-01
6.640000000000000568e+01 1.784051670562094349e+00
6.650000000000000000e+01 2.267254032779569828e-01
6.660000000000000853e+01 1.510016742301804493e+00
6.670000000000000284e+01 4.990156572929431711e+00
6.679999999999999716e+01 1.157590563787044502e+01
6.690000000000000568e+01 2.468927847340065096e+00
6.700000000000000000e+01 8.864766050574757195e-01
6.710000000000000853e+01 3.234243412233893666e-01
6.720000000000000284e+01 6.755370856898018639e-01
6.729999999999999716e+01 2.277546177717768572e+00
6.740000000000000568e+01 1.086249873931881815e+01
6.750000000000000000e+01 5.134046025941302105e+00
6.760000000000000853e+01 2.803656558052777470e+01
6.770000000000000284e+01 1.275036520986251531e+01
6.779999999999999716e+01 9.963568099141122403e-01
6.790000000000000568e+01 6.242725235970529862e-01
6.800000000000000000e+01 1.073297957297001393e+00
6.810000000000000853e+01 1.226624344115878756e-01
6.820000000000000284e+01 7.483996861698760661e-01
6.829999999999999716e+01 1.369276689038246009e-01
6.840000000000000568e+01 1.405097528510320881e+00
6.850000000000000000e+01 9.496316559481693398e-01
6.860000000000000853e+01 6.804446389650297133e-01
6.870000000000000284e+01 1.627646687017383575e+00
6.879999999999999716e+01 1.935197513090771926e+00
6.890000000000000568e+01 7.333359781367497554e+00
6.900000000000000000e+01 4.954619793803526129e+00
6.910000000000000853e+01 3.551966395043256508e+00
6.920000000000000284e+01 6.923030795294275563e+00
6.929999999999999716e+01 4.587395926864419771e+00
6.940000000000000568e+01 4.050195151372183666e+00
6.950000000000000000e+01 6.684599243796334633e+00
6.960000000000000853e+01 2.595971961969945063e+00
6.970000000000000284e+01 1.478213644880334909e+00
6.979999999999999716e+01 1.876331376739350576e+00
6.990000000000000568e+01 3.579724575044926027e+00
7.000000000000000000e+01 5.782359877486372701e-01
7.010000000000000853e+01 6.137215165759929425e-01
7.020000000000000284e+01 3.875816061490544029e-01
7.029999999999999716e+01 2.281614911769634713e+00
7.040000000000000568e+01 3.367798039517056474e-01
7.050000000000000000e+01 9.424406339878271810e-01
7.060000000000000853e+01 2.651704981048340848e+00
7.070000000000000284e+01 9.279934027466467228e+00
7.079999999999999716e+01 3.769086034887024983e+00
7.090000000000000568e+01 2.875689052180421812e-01
7.100000000000000000e+01 2.424140776934206043e-01
7.110000000000000853e+01 1.008252003228296889e+00
7.120000000000000284e+01 1.007821365967581650e+00
7.129999999999999716e+01 4.801979341972467674e-01
7.140000000000000568e+01 8.179533793999416602e+00
7.150000000000000000e+01 2.898034921224565075e+00
7.160000000000000853e+01 2.722908959345407887e+00
7.170000000000000284e+01 1.572337502137400556e+01
7.179999999999999716e+01 1.994165065150921068e+00
7.190000000000000568e+01 6.625202971348411296e+00
7.200000000000000000e+01 4.159978987297006658e-01
7.210000000000000853e+01 2.257646046645248872e-01
7.220000000000000284e+01 3.437750639313371104e-01
7.229999999999999716e+01 1.807781739324766102e-01
7.240000000000000568e+01 4.222075855425883040e-01
7.250000000000000000e+01 2.686556212450301739e-01
7.260000000000000853e+01 1.980092465181587880e+00
7.270000000000000284e+01 6.583027774719139913e+00
7.279999999999999716e+01 2.702500081481629124e+00
7.290000000000000568e+01 1.942772148320631720e+00
7.300000000000000000e+01 9.326786685579572245e-01
7.310000000000000853e+01 1.310799976094938479e+00
7.320000000000000284e+01 1.449052443548895619e+00
7.329999999999999716e+01 1.172937260935091608e+01
7.340000000000000568e+01 5.825840718032440968e+00
7.350000000000000000e+01 2.207943269271770703e-01
7.360000000000000853e+01 7.966408453683266888e-01
7.370000000000000284e+01 1.537725301214489804e+00
7.379999999999999716e+01 1.299265269992727401e+00
7.390000000000000568e+01 6.673451403031425144e-01
7.400000000000000000e+01 2.537827177674822354e-01
7.410000000000000853e+01 6.939588837754305573e+00
7.420000000000000284e+01 7.656191437729219729e+00
7.429999999999999716e+01 1.028890696346267841e+00
7.440000000000000568e+01 8.234670210203842711e-01
7.450000000000000000e+01 3.993735368898272964e-01
7.460000000000000853e+01 3.197644769274254339e-01
7.470000000000000284e+01 1.244967574266362537e-01
7.479999999999999716e+01 1.836330470365860057e-02
7.490000000000000568e+01 2.003376971774723792e-01
7.500000000000000000e+01 1.743794964936445924e-02
7.510000000000000853e+01 2.226551239833895746e-01
7.520000000000000284e+01 4.206407051219792637e-01
7.529999999999999716e+01 9.158216662436088340e-01
7.540000000000000568e+01 1.339435446888192383e+00
7.550000000000000000e+01 2.608942765336560443e-01
7.560000000000000853e+01 2.440173690491805880e-01
7.570000000000000284e+01 1.351350153797239440e-01
7.579999999999999716e+01 1.123938536796509124e+00
7.590000000000000568e+01 2.523181526085156445e-01
7.600000000000000000e+01 5.514573434896233861e-01
7.610000000000000853e+01 1.678708028511130879e+00
7.620000000000000284e+01 1.005487010120218017e+00
7.629999999999999716e+01 1.258989117021436510e-01
7.640000000000000568e+01 5.871068433626536187e-02
7.650000000000000000e+01 2.512176732870972651e-01
7.660000000000000853e+01 4.038444729178436998e-01
7.670000000000000284e+01 1.094253495276287097e-01
7.680000000000001137e+01 1.083389553413027923e-01
7.690000000000000568e+01 4.985506094871050564e-01
7.700000000000000000e+01 5.491463273301885883e-02
7.710000000000000853e+01 2.819397330956567582e-02
7.720000000000000284e+01 9.383917909696490312e-02
7.730000000000001137e+01 2.035279315102486719e-02
7.740000000000000568e+01 1.375337788281984219e-02
7.750000000000000000e+01 4.569029093333294711e-02
7.760000000000000853e+01 8.853861030124467180e-02
7.770000000000000284e+01 6.509723304501958963e-02
7.780000000000001137e+01 2.125099877949752913e-01
7.790000000000000568e+01 1.657115002910324597e-01
7.800000000000000000e+01 7.681660680277047071e-02
7.810000000000000853e+01 1.442801892631458416e-01
7.820000000000000284e+01 1.318555094971302355e-01
7.830000000000001137e+01 9.531290934373326529e-03
7.840000000000000568e+01 3.971629259224931929e-02
7.850000000000000000e+01 1.896576688303959479e-02
7.860000000000000853e+01 7.066474258122876911e-03
7.870000000000000284e+01 1.496687772075324524e-02
7.880000000000001137e+01 9.270104707349123216e-03
7.890000000000000568e+01 1.226023793240881531e-03
7.900000000000000000e+01 4.180619997308594044e-02
7.910000000000000853e+01 4.308732277717651493e-02
7.920000000000000284e+01 1.389001595245402121e-01
7.930000000000001137e+01 1.404867325176003580e-02
7.940000000000000568e+01 3.026188664336467750e-03
7.950000000000000000e+01 6.539671553310358841e-03
7.960000000000000853e+01 8.822721520769535516e-03
7.970000000000000284e+01 2.682780180241420374e-03
7.980000000000001137e+01 3.364055978803622698e-03
7.990000000000000568e+01 1.706564419153992068e-02
8.000000000000000000e+01 6.247306038019874788e-03
8.010000000000000853e+01 3.002830232981104283e-02
8.020000000000000284e+01 1.617535691707338436e-02
8.030000000000001137e+01 4.236076154417887409e-03
8.040000000000000568e+01 4.455440289368953893e-03
8.050000000000000000e+01 5.405961543804444977e-03
8.060000000000000853e+01 4.043362026960597815e-03
8.070000000000000284e+01 4.723464328828230730e-04
8.080000000000001137e+01 7.792578681547265330e-03
8.090000000000000568e+01 8.718991695723042265e-03
8.100000000000000000e+01 5.120926784682110558e-03
8.110000000000000853e+01 1.660620287893571634e-02
8.120000000000000284e+01 4.535460865206751568e-03
8.130000000000001137e+01 3.397194309520185605e-03
8.140000000000000568e+01 2.445861343704601801e-02
8.150000000000000000e+01 1.068971920280918642e-02
8.160000000000000853e+01 7.765933511818661275e-03
8.170000000000000284e+01 5.061940206700694771e-03
8.180000000000001137e+01 3.661809061776608032e-02
8.190000000000000568e+01 2.505188353658653264e-02
8.200000000000000000e+01 7.011514499648459353e-02
8.210000000000000853e+01 3.529961964510896361e-02
8.220000000000000284e+01 7.076883454119349548e-02
8.230000000000001137e+01 1.953722908760162705e-02
8.240000000000000568e+01 1.248365136228343636e-01
8.250000000000000000e+01 4.607180049884253281e-02
8.260000000000000853e+01 1.980732201855745986e-02
8.270000000000000284e+01 7.970105868312042652e-02
8.280000000000001137e+01 2.094072233434887964e-01
8.290000000000000568e+01 3.203143112035785056e-01
8.300000000000000000e+01 1.143907605471077699e-01
8.310000000000000853e+01 6.974838109509217121e-01
8.320000000000000284e+01 2.380575796444270587e-01
8.330000000000001137e+01 2.125747385244476095e-01
8.340000000000000568e+01 1.790670511463805792e-01
8.350000000000000000e+01 1.334344733187622922e-01
8.360000000000000853e+01 1.143215566064146732e-01
8.370000000000000284e+01 8.916721388865596343e-02
8.380000000000001137e+01 1.432003648794336892e-01
8.390000000000000568e+01 2.104052933765399036e-01
8.400000000000000000e+01 3.901407294982954521e-02
8.410000000000000853e+01 4.597890479918750883e-03
8.420000000000000284e+01 2.415103930708676072e-01
8.430000000000001137e+01 8.104063205348924215e-02
8.440000000000000568e+01 9.363503239969190872e-01
8.450000000000000000e+01 1.633826907223507208e+00
8.460000000000000853e+01 7.092269214570516567e-02
8.470000000000000284e+01 4.228077995744032591e-02
8.480000000000001137e+01 1.924741071381882995e-01
8.490000000000000568e+01 5.369268389558192606e-02
8.500000000000000000e+01 1.070609929173003960e-01
8.510000000000000853e+01 9.887243215007845976e-02
8.520000000000000284e+01 3.245263812056892183e-01
8.530000000000001137e+01 4.235701930211906996e-01
8.540000000000000568e+01 6.657934103297712125e-02
8.550000000000000000e+01 4.957373336398641223e-02
8.560000000000000853e+01 7.457403588091632285e-02
8.570000000000000284e+01 9.972524686784327297e-02
8.580000000000001137e+01 5.612336455629150095e-02
8.590000000000000568e+01 1.018934374124575437e-01
8.600000000000000000e+01 2.435090856469943055e-02
8.610000000000000853e+01 3.629915668431987763e-02
8.620000000000000284e+01 1.022669839922473421e-02
8.630000000000001137e+01 3.313773062086774468e-01
8.640000000000000568e+01 6.237661592909805874e-02
8.650000000000000000e+01 7.603013135651652543e-02
8.660000000000000853e+01 2.809655582364677384e-01
8.670000000000000284e+01 6.234270361861967563e-02
8.680000000000001137e+01 3.740477899072315593e-02
8.690000000000000568e+01 1.569871371236336230e-02
8.700000000000000000e+01 1.030858255249952372e-02
8.710000000000000853e+01 1.376186266969260386e-01
8.720000000000000284e+01 8.894464488484758735e-02
8.730000000000001137e+01 1.649303064468128910e-01
8.740000000000000568e+01 2.004036511481807267e-02
8.750000000000000000e+01 2.948295837376243775e-02
8.760000000000000853e+01 3.623103862807495329e-02
8.770000000000000284e+01 8.895643351615044325e-02
8.780000000000001137e+01 3.995535837462916434e-02
8.790000000000000568e+01 8.456829687075655133e-02
8.800000000000000000e+01 1.080353942098543490e-02
8.810000000000000853e+01 1.454757550837653679e-01
8.820000000000000284e+01 5.216832195015683737e-01
8.830000000000001137e+01 2.937637207051667365e-02
8.840000000000000568e+01 1.886797162438627884e-01
8.850000000000000000e+01 1.441039064492050104e+00
8.860000000000000853e+01 4.919042861056241556e+00
8.870000000000000284e+01 7.864489424771012871e-01
8.880000000000001137e+01 6.136102036803464665e-01
8.890000000000000568e+01 5.986448638047277976e-02
8.900000000000000000e+01 1.033341446132841346e-01
8.910000000000000853e+01 2.860225201471860434e-01
8.920000000000000284e+01 1.177664789362352860e+00
8.930000000000001137e+01 5.973354187125466952e-01
8.940000000000000568e+01 6.312671437399839380e-01
8.950000000000000000e+01 1.315787200086854680e+00
8.960000000000000853e+01 1.126348985325312135e+00
8.970000000000000284e+01 2.228433023298270754e+00
8.980000000000001137e+01 1.548802637982720221e+00
8.990000000000000568e+01 2.219518843451239842e+00
9.000000000000000000e+01 1.179777195130601308e+00
9.010000000000000853e+01 1.563086977312068970e-01
9.020000000000000284e+01 7.317736230680318421e-01
9.030000000000001137e+01 1.665557625672138276e-01
9.040000000000000568e+01 3.465098305809196089e-01
9.050000000000000000e+01 7.957136756225586804e-01
9.060000000000000853e+01 7.432104356335249573e-01
9.070000000000000284e+01 1.777918298468735281e-01
9.080000000000001137e+01 6.703722674113409274e-01
9.090000000000000568e+01 8.242936157632949623e-01
9.100000000000000000e+01 3.935003618030170625e-01
9.110000000000000853e+01 1.628594352605171880e-01
9.120000000000000284e+01 7.583910704591284579e-01
9.130000000000001137e+01 1.412111121553592530e-01
9.140000000000000568e+01 1.080281185489259776e+00
9.150000000000000000e+01 2.088262962559707336e+00
9.160000000000000853e+01 1.673181868339519873e+00
9.170000000000000284e+01 2.295414620379477189e+00
9.180000000000001137e+01 1.131588600349392904e+00
9.190000000000000568e+01 1.440712146626802248e+00
9.200000000000000000e+01 6.602751852745218919e-01
9.210000000000000853e+01 5.674541724501426243e-01
9.220000000000000284e+01 1.202501303795759702e+00
9.230000000000001137e+01 3.694626616366344374e-01
9.240000000000000568e+01 1.120646101164666508e-01
9.250000000000000000e+01 5.200487211149652095e-02
9.260000000000000853e+01 5.043074052785874173e-01
9.270000000000000284e+01 6.965901855008772570e-01
9.280000000000001137e+01 4.812976963045039192e+00
9.290000000000000568e+01 1.801734854500273375e+00
9.300000000000000000e+01 2.427390967115781173e-01
9.310000000000000853e+01 2.353876345716610433e-02
9.320000000000000284e+01 4.280008193546027684e-01
9.330000000000001137e+01 1.825448357482591932e-01
9.340000000000000568e+01 1.419896132566731209e-02
9.350000000000000000e+01 8.072301346035193337e-02
9.360000000000000853e+01 3.906695852554414178e-02
9.370000000000000284e+01 9.105281420731393960e-02
9.380000000000001137e+01 3.858748518556315982e-02
9.390000000000000568e+01 3.450406119936432620e-02
9.400000000000000000e+01 1.841386389976503932e-02
9.410000000000000853e+01 1.365249937181104989e-01
9.420000000000000284e+01 8.827856870488856589e-02
9.430000000000001137e+01 1.757917424272275042e-01
9.440000000000000568e+01 1.132734296044538534e-02
9.450000000000000000e+01 1.584172524480665853e-02
9.460000000000000853e+01 3.460772542790479384e-02
9.470000000000000284e+01 4.260025980926986089e-02
9.480000000000001137e+01 3.039578252329065422e-01
9.490000000000000568e+01 7.881511143965665156e-02
9.500000000000000000e+01 5.677778801641182593e-02
9.510000000000000853e+01 3.561182094114736518e-01
9.520000000000000284e+01 1.396476844095536664e-02
9.530000000000001137e+01 3.563804107124868281e-02
9.540000000000000568e+01 1.974508946654160435e-02
9.550000000000000000e+01 1.005435355321284835e-01
9.560000000000000853e+01 5.427193118487085022e-02
9.570000000000000284e+01 1.004850152404133945e-01
9.580000000000001137e+01 7.711751570076899598e-02
9.590000000000000568e+01 5.002711553135420069e-02
9.600000000000000000e+01 4.901488872240700179e-02
9.610000000000000853e+01 3.528790855392771042e-01
9.620000000000000284e+01 3.539292685747644218e-01
9.630000000000001137e+01 1.059475089451381025e-01
9.640000000000000568e+01 1.084751299934796492e-01
9.650000000000000000e+01 4.287310961142230814e-02
9.660000000000000853e+01 2.045605591255592604e-01
9.670000000000000284e+01 5.039279141795649508e-02
9.680000000000001137e+01 4.930808488240927961e-02
9.690000000000000568e+01 1.421580276503235041e+00
9.700000000000000000e+01 1.079244140475162261e+00
9.710000000000000853e+01 9.093318882537196335e-02
9.720000000000000284e+01 2.949941966683233274e-01
9.730000000000001137e+01 4.613304445388289113e-03
9.740000000000000568e+01 3.544537892656227096e-02
9.750000000000000000e+01 1.880134382920068681e-01
9.760000000000000853e+01 1.666135048658998197e-01
9.770000000000000284e+01 9.749096035016611983e-02
9.780000000000001137e+01 1.108866147651003525e-01
9.790000000000000568e+01 1.336860030511851372e-01
9.800000000000000000e+01 1.806602281262120469e-01
9.810000000000000853e+01 1.984391905808941814e-01
9.820000000000000284e+01 2.359192961757651530e-01
9.830000000000001137e+01 7.237573296436103920e-01
9.840000000000000568e+01 1.231003723191748112e-01
9.850000000000000000e+01 3.053773980352432749e-01
9.860000000000000853e+01 2.287730701093149410e-01
9.870000000000000284e+01 8.972706336977943897e-02
9.880000000000001137e+01 2.179666727916716035e-02
9.890000000000000568e+01 4.171845526092590739e-02
9.900000000000000000e+01 1.274753314312819519e-01
9.910000000000000853e+01 2.414340399403699239e-02
9.920000000000000284e+01 7.126437398519516742e-02
9.930000000000001137e+01 3.221904656745220447e-02
9.940000000000000568e+01 7.337163770014987207e-02
9.950000000000000000e+01 2.637061849247829270e-02
9.960000000000000853e+01 3.886823509592775283e-02
9.970000000000000284e+01 6.527003418267444956e-03
9.980000000000001137e+01 6.381291513258268225e-03
9.990000000000000568e+01 9.722362860339006652e-03
