0.000000000000000000e+00 7.045587752112139612e-02
1.000000000000000056e-01 1.136298153799559715e-02
2.000000000000000111e-01 1.317479615970273965e-02
3.000000000000000444e-01 3.629459723661696002e-02
4.000000000000000222e-01 1.535671631314459301e-02
5.000000000000000000e-01 2.272385749816207071e-02
6.000000000000000888e-01 2.256924512598992849e-02
7.000000000000000666e-01 2.184784026769858410e-03
8.000000000000000444e-01 1.124271252405081856e-02
9.000000000000000222e-01 1.631879498414759780e-02
1.000000000000000000e+00 1.315565579894119146e-02
1.100000000000000089e+00 1.263487667472141737e-02
1.200000000000000178e+00 3.241361732511034016e-02
1.300000000000000044e+00 5.456275021258859964e-02
1.400000000000000133e+00 2.057524223068014219e-02
1.500000000000000000e+00 4.093699341668013275e-02
1.600000000000000089e+00 1.050728642583798056e-02
1.700000000000000178e+00 8.767344490181091729e-03
1.800000000000000044e+00 2.075916787451176360e-02
1.900000000000000133e+00 2.195228247317477371e-02
2.000000000000000000e+00 9.231270119051265127e-03
2.100000000000000089e+00 2.557339334093810396e-02
2.200000000000000178e+00 1.667785326014289693e-01
2.300000000000000266e+00 1.124216676902808770e-01
2.400000000000000355e+00 9.159984373579893591e-02
2.500000000000000000e+00 4.685965845465176437e-03
2.600000000000000089e+00 2.051894060757642954e-02
2.700000000000000178e+00 2.672100872075012026e-02
2.800000000000000266e+00 1.785546119064079784e-02
2.900000000000000355e+00 3.768914380203666759e-02
3.000000000000000000e+00 7.571378564663684696e-02
3.100000000000000089e+00 2.250987126311909323e-02
3.200000000000000178e+00 1.734818326338350702e-01
3.300000000000000266e+00 1.888541062626269418e-01
3.400000000000000355e+00 1.141442441114134537e-01
3.500000000000000000e+00 2.282534225191574506e-01
3.600000000000000089e+00 2.633784100126849714e-01
3.700000000000000178e+00 9.811840205488996103e-02
3.800000000000000266e+00 1.443251076537651334e-01
3.900000000000000355e+00 8.959059415700786067e-02
4.000000000000000000e+00 2.839596015354323849e-02
4.100000000000000533e+00 3.792354503710455155e-02
4.200000000000000178e+00 1.553000082496010237e-01
4.299999999999999822e+00 4.191566169924001994e-02
4.400000000000000355e+00 8.469526647134667519e-02
4.500000000000000000e+00 3.765743870403289728e-01
4.600000000000000533e+00 1.764870150923218695e-01
4.700000000000000178e+00 1.470397306882232358e-01
4.800000000000000711e+00 4.022176036535905497e-01
4.900000000000000355e+00 3.461036799510168738e-01
5.000000000000000000e+00 1.051321167308689186e-01
5.100000000000000533e+00 1.627028195296360558e-01
5.200000000000000178e+00 8.251566921686910305e-01
5.300000000000000711e+00 1.515923676811262721e+00
5.400000000000000355e+00 6.289463169911772011e-01
5.500000000000000000e+00 3.040357712711408422e-01
5.600000000000000533e+00 1.131360034344319088e+00
5.700000000000000178e+00 1.824243060454248666e-01
5.800000000000000711e+00 3.338640329250959771e-01
5.900000000000000355e+00 2.834361648048402404e-01
6.000000000000000000e+00 1.295624237289648484e+00
6.100000000000000533e+00 8.329241565908792611e-01
6.200000000000000178e+00 6.766702447434087553e-01
6.300000000000000711e+00 2.873725814787709831e-01
6.400000000000000355e+00 4.339709009704990905e-02
6.500000000000000000e+00 2.652717111430208941e-01
6.600000000000000533e+00 3.919190154724226660e-02
6.700000000000000178e+00 1.673805588241286946e-01
6.800000000000000711e+00 3.235464151515859421e-01
6.900000000000000355e+00 4.761833222254542308e-01
7.000000000000000000e+00 7.306667704121189155e-01
7.100000000000000533e+00 8.979182474947025039e-01
7.200000000000000178e+00 3.937191993844524784e+00
7.300000000000000711e+00 5.309918067405400066e+00
7.400000000000000355e+00 3.689721095365668391e-01
7.500000000000000000e+00 5.788688725265637158e-01
7.600000000000000533e+00 1.099862456349061990e+00
7.700000000000000178e+00 1.385049027604912997e+00
7.800000000000000711e+00 9.330065788731999321e-01
7.900000000000000355e+00 2.742217875579031627e-01
8.000000000000000000e+00 2.584086814240730501e+00
8.099999999999999645e+00 7.858085730557626825e+00
8.200000000000001066e+00 1.481033340395851772e+00
8.300000000000000711e+00 1.409961995828477921e+00
8.400000000000000355e+00 8.340391737016520368e-01
8.500000000000000000e+00 1.779827060689907592e+00
8.599999999999999645e+00 1.822577337906488459e+00
8.700000000000001066e+00 4.693176558287449396e+00
8.800000000000000711e+00 2.007027471437832666e+00
8.900000000000000355e+00 3.863160881017991266e-01
9.000000000000000000e+00 4.957616282951405884e-01
9.099999999999999645e+00 2.299677704464790640e-01
9.200000000000001066e+00 4.346110213661817379e-01
9.300000000000000711e+00 2.809684280216375729e-01
9.400000000000000355e+00 4.085598956101175738e-01
9.500000000000000000e+00 3.919675875143963317e+00
9.600000000000001421e+00 1.632064749552398331e+00
9.700000000000001066e+00 9.107809270762576404e+00
9.800000000000000711e+00 2.325305913988264361e+00
9.900000000000000355e+00 2.318591495228695898e+00
1.000000000000000000e+01 5.291484859646445216e+00
1.010000000000000142e+01 5.917265351253202521e-01
1.020000000000000107e+01 1.006252214118079191e+00
1.030000000000000071e+01 1.023046542907360523e+00
1.040000000000000036e+01 3.871413073434691876e-01
1.050000000000000000e+01 3.153151322173773918e-01
1.060000000000000142e+01 2.584002156849454668e+00
1.070000000000000107e+01 5.372579378945994577e+00
1.080000000000000071e+01 2.789465521898853329e+00
1.090000000000000036e+01 9.487476039051923049e-01
1.100000000000000000e+01 3.766349609739901849e-01
1.110000000000000142e+01 1.716285899132233839e+00
1.120000000000000107e+01 5.279345712641522192e-01
1.130000000000000071e+01 6.765720588547937675e-01
1.140000000000000036e+01 5.071724803998787223e-01
1.150000000000000000e+01 2.742127061332419125e+00
1.160000000000000142e+01 1.617377081341328626e+00
1.170000000000000107e+01 1.422383440502924312e+00
1.180000000000000071e+01 1.654427090522842869e+00
1.190000000000000036e+01 4.701506174111080405e+00
1.200000000000000000e+01 2.815350424317457634e+00
1.210000000000000142e+01 3.544475884227323181e+00
1.220000000000000107e+01 4.499832620175140185e+00
1.230000000000000071e+01 3.226583840903301414e+00
1.240000000000000036e+01 3.008907509001029101e+00
1.250000000000000000e+01 5.910148398500946421e+00
1.260000000000000142e+01 1.737036254983993055e+00
1.270000000000000107e+01 1.982758735614143175e+00
1.280000000000000071e+01 6.060155556654051034e-01
1.290000000000000036e+01 1.103887462608643677e+00
1.300000000000000000e+01 1.194792195040996097e+00
1.310000000000000142e+01 2.556121686990308617e-01
1.320000000000000107e+01 7.213950235321796578e-01
1.330000000000000071e+01 1.892663056644828812e-01
1.340000000000000036e+01 9.353357001476229060e-01
1.350000000000000000e+01 7.349101361876498872e-01
1.360000000000000142e+01 9.019899305592825600e-01
1.370000000000000107e+01 6.176743371885687672e+00
1.380000000000000071e+01 1.637212199465151485e+01
1.390000000000000036e+01 3.597561829434054559e+00
1.400000000000000000e+01 7.007712179591249146e+00
1.410000000000000142e+01 2.021891052772236907e+00
1.420000000000000107e+01 8.128035489231594246e-01
1.430000000000000071e+01 3.756058252429193001e-01
1.440000000000000036e+01 8.499379980954847591e-01
1.450000000000000000e+01 1.700330784163576414e+00
1.460000000000000142e+01 7.118155955903772814e+00
1.470000000000000107e+01 4.088394725847398270e+00
1.480000000000000071e+01 1.932202171065725782e+00
1.490000000000000036e+01 2.626340998704082552e-01
1.500000000000000000e+01 1.709314526902489639e+00
1.510000000000000142e+01 5.573516250412159367e-01
1.520000000000000107e+01 1.287426441227178808e-01
1.530000000000000071e+01 1.506285723667190879e-01
1.540000000000000036e+01 7.172158622292845731e-01
1.550000000000000000e+01 3.621783356410263610e-01
1.560000000000000142e+01 1.905537854983571922e-01
1.570000000000000107e+01 5.965050963894141800e-01
1.580000000000000071e+01 6.161623321488476357e-01
1.590000000000000036e+01 4.506500249450303142e-01
1.600000000000000000e+01 1.193490559275063534e+00
1.610000000000000142e+01 3.397671293178975649e+00
1.619999999999999929e+01 5.001831271295366088e-01
1.630000000000000071e+01 2.369551581530168427e+00
1.640000000000000213e+01 1.802304423921031074e+00
1.650000000000000000e+01 2.826110719823619277e+00
1.660000000000000142e+01 1.325003762274705288e+00
1.669999999999999929e+01 8.895358045301618999e-01
1.680000000000000071e+01 6.028144213404463825e-01
1.690000000000000213e+01 5.785863612958805469e+00
1.700000000000000000e+01 6.842680250202607395e-01
1.710000000000000142e+01 1.878289399136938043e+00
1.719999999999999929e+01 2.342517756263836848e+00
1.730000000000000071e+01 6.741302123259451662e+00
1.740000000000000213e+01 3.526215110298073885e+00
1.750000000000000000e+01 1.391625551890354640e+00
1.760000000000000142e+01 2.805561758600574329e+00
1.769999999999999929e+01 4.684794298467609419e-01
1.780000000000000071e+01 2.145062734161737872e+00
1.790000000000000213e+01 6.921027080854741387e-01
1.800000000000000000e+01 2.365050250787260888e-01
1.810000000000000142e+01 4.312639771853533643e-01
1.819999999999999929e+01 1.476549839872600911e+00
1.830000000000000071e+01 5.171645590041084262e+00
1.840000000000000213e+01 1.312699064992880693e+00
1.850000000000000000e+01 4.809017132895736069e+00
1.860000000000000142e+01 1.170778874633281230e+00
1.869999999999999929e+01 8.436500728923004289e-01
1.880000000000000071e+01 2.175375071628724566e+00
1.890000000000000213e+01 8.975560591696540413e+00
1.900000000000000000e+01 7.005981768497735018e+00
1.910000000000000142e+01 2.156805970913683979e+00
1.920000000000000284e+01 2.033151457600317624e-01
1.930000000000000071e+01 2.565048852766225740e-01
1.940000000000000213e+01 1.221562345343084388e+00
1.950000000000000000e+01 1.631993186425187092e+00
1.960000000000000142e+01 2.984289823373663886e+00
1.970000000000000284e+01 3.121031684733008404e+00
1.980000000000000071e+01 6.658718729901419442e-01
1.990000000000000213e+01 2.898716953325818135e+00
2.000000000000000000e+01 7.886593187227912694e-01
2.010000000000000142e+01 3.323217735706290865e-01
2.020000000000000284e+01 3.413715455848743696e-01
2.030000000000000071e+01 3.893343523485416569e+00
2.040000000000000213e+01 1.701129966501452540e+00
2.050000000000000000e+01 8.567725602730122958e-01
2.060000000000000142e+01 1.390546159823736971e+00
2.070000000000000284e+01 4.303018969660080906e+00
2.080000000000000071e+01 1.407260318408710908e+01
2.090000000000000213e+01 5.303698267019999690e+00
2.100000000000000000e+01 9.793416982753086586e+00
2.110000000000000142e+01 5.932264565680934965e+00
2.120000000000000284e+01 2.701840627505250669e+00
2.130000000000000071e+01 9.622051221736136473e-01
2.140000000000000213e+01 1.281417438356403871e+00
2.150000000000000000e+01 4.186748099303508330e-01
2.160000000000000142e+01 2.960034886956448119e+00
2.170000000000000284e+01 2.498530454967347048e+00
2.180000000000000071e+01 1.575613358712166789e+00
2.190000000000000213e+01 4.549489114012209789e+00
2.200000000000000000e+01 1.212815457437147693e+00
2.210000000000000142e+01 1.192612870243066281e+00
2.220000000000000284e+01 7.538255519182387454e-01
2.230000000000000071e+01 3.172090804835819844e-01
2.240000000000000213e+01 1.360112288627361443e-01
2.250000000000000000e+01 5.783041066559444499e-01
2.260000000000000142e+01 2.125031453804734627e-01
2.270000000000000284e+01 5.811223135408224438e-01
2.280000000000000071e+01 2.683098295775736108e+00
2.290000000000000213e+01 2.179350513856445737e+00
2.300000000000000000e+01 8.893777789401615674e-01
2.310000000000000142e+01 2.384339865948710557e-01
2.320000000000000284e+01 3.256277007035738857e-01
2.330000000000000071e+01 2.676072350888981100e-01
2.340000000000000213e+01 1.283406089010241391e-01
2.350000000000000000e+01 1.193024793205697126e-01
2.360000000000000142e+01 1.137221750856289848e+00
2.370000000000000284e+01 3.002360148686684216e+00
2.380000000000000071e+01 5.108975495939606759e+00
2.390000000000000213e+01 8.579813874149413877e+00
2.400000000000000000e+01 5.943413015685540479e+00
2.410000000000000142e+01 1.297116839423301649e+01
2.420000000000000284e+01 1.327149326484626712e+01
2.430000000000000071e+01 5.509363073725733528e+00
2.440000000000000213e+01 3.552758562049659119e+00
2.450000000000000000e+01 6.355425540784663818e-01
2.460000000000000142e+01 1.931851559826758491e+00
2.470000000000000284e+01 2.569839467299270819e+00
2.480000000000000071e+01 9.536811577761405978e-01
2.490000000000000213e+01 3.746802657975084827e+00
2.500000000000000000e+01 9.594981610337462996e-01
2.510000000000000142e+01 2.337085935633633316e+00
2.520000000000000284e+01 5.518640728391902783e+00
2.530000000000000071e+01 1.538160846597653064e+00
2.540000000000000213e+01 1.288405711971552847e+00
2.550000000000000000e+01 9.081003078879036350e-01
2.560000000000000142e+01 1.232917150109068549e+00
2.570000000000000284e+01 2.986691241467944735e-01
2.580000000000000071e+01 9.636783241976749903e-02
2.590000000000000213e+01 3.251192630118994731e-01
2.600000000000000000e+01 1.999257579378937721e-01
2.610000000000000142e+01 2.892082690944408618e-01
2.620000000000000284e+01 8.856455600638196701e-01
2.630000000000000071e+01 6.606169119078678653e-01
2.640000000000000213e+01 4.451296285214367821e-01
2.650000000000000000e+01 1.727222858509713577e+00
2.660000000000000142e+01 8.095776397100232558e+00
2.670000000000000284e+01 3.508842824616961398e+00
2.680000000000000071e+01 7.679031126137941810e-01
2.690000000000000213e+01 1.892374421344789059e+00
2.700000000000000000e+01 1.442622153509178418e+01
2.710000000000000142e+01 9.320704317401200534e-01
2.720000000000000284e+01 6.542749299249849271e-01
2.730000000000000071e+01 1.954969689891894680e+00
2.740000000000000213e+01 2.039380345532921357e+00
2.750000000000000000e+01 9.664472553576640701e-01
2.760000000000000142e+01 2.048952079168838036e+00
2.770000000000000284e+01 9.425745017701337991e-01
2.780000000000000071e+01 5.730168609544484815e-01
2.790000000000000213e+01 5.292574232350161223e-01
2.800000000000000000e+01 5.192930433922464672e-01
2.810000000000000142e+01 3.756446293749455823e-01
2.820000000000000284e+01 2.571551544108524823e+00
2.830000000000000071e+01 4.538991300541808549e+00
2.840000000000000213e+01 9.341277703492598672e-01
2.850000000000000000e+01 8.016497867050179638e-01
2.860000000000000142e+01 8.274106662956101088e-01
2.870000000000000284e+01 1.063725204746095443e+00
2.880000000000000071e+01 1.950011077495550138e+00
2.890000000000000213e+01 1.560917552774395922e+00
2.900000000000000000e+01 3.584611062797674386e+00
2.910000000000000142e+01 1.374214816976316422e+00
2.920000000000000284e+01 7.930615187375352759e-01
2.930000000000000071e+01 3.413277841417953207e-01
2.940000000000000213e+01 1.243347684836804357e+00
2.950000000000000000e+01 1.241735621461511618e+00
2.960000000000000142e+01 8.560851598348931946e-01
2.970000000000000284e+01 1.103953678592158427e+00
2.980000000000000071e+01 1.062908204969756243e+00
2.990000000000000213e+01 7.495960777493854144e-01
3.000000000000000000e+01 1.146136529335093801e+00
3.010000000000000142e+01 1.509504874248706052e+00
3.020000000000000284e+01 2.258480112776369619e+00
3.030000000000000071e+01 3.515046109590982404e+00
3.040000000000000213e+01 9.019508995605463042e+00
3.050000000000000000e+01 7.601024789654729830e+00
3.060000000000000142e+01 8.879513103765919624e+00
3.070000000000000284e+01 8.676526820159295994e+00
3.080000000000000071e+01 6.059480426359690419e+00
3.090000000000000213e+01 1.039244508579691528e+00
3.100000000000000000e+01 3.021056603553028630e+00
3.110000000000000142e+01 1.113444309667537269e+00
3.120000000000000284e+01 5.468613950168083271e+00
3.130000000000000071e+01 6.582155667622994422e+00
3.140000000000000213e+01 4.794315127244789032e+00
3.150000000000000000e+01 3.028749797471847138e+00
3.160000000000000142e+01 8.420141439192438071e+00
3.170000000000000284e+01 5.146013202679798226e+00
3.180000000000000071e+01 2.890605607107035624e+00
3.190000000000000213e+01 7.126533814417841839e+00
3.200000000000000000e+01 3.624670045973942933e+00
3.210000000000000142e+01 4.076578879129957755e+00
3.220000000000000284e+01 9.227838592701216314e+00
3.230000000000000426e+01 1.236333151571554190e+01
3.239999999999999858e+01 1.010510729455072543e+01
3.250000000000000000e+01 3.614816184452136483e+00
3.260000000000000142e+01 8.004119785787787933e+00
3.270000000000000284e+01 2.756608421718017343e+00
3.280000000000000426e+01 2.791650031592179726e+00
3.289999999999999858e+01 3.061827783111751522e+00
3.300000000000000000e+01 1.439394536560348570e+01
3.310000000000000142e+01 6.727395464988304319e+00
3.320000000000000284e+01 1.559239144046949521e+00
3.330000000000000426e+01 2.036685098608508770e+00
3.339999999999999858e+01 1.419047273988387259e+00
3.350000000000000000e+01 6.652617924717011411e-01
3.360000000000000142e+01 1.452152753258904028e+00
3.370000000000000284e+01 7.789918275960920901e-01
3.380000000000000426e+01 5.369048211941531257e+00
3.389999999999999858e+01 7.238430987077732581e+00
3.400000000000000000e+01 1.730498149359852533e+01
3.410000000000000142e+01 2.470663349344024695e+01
3.420000000000000284e+01 1.670240448029247915e+01
3.430000000000000426e+01 5.582697239580375559e+00
3.439999999999999858e+01 5.458251227929704186e+00
3.450000000000000000e+01 4.993275803690305992e+00
3.460000000000000142e+01 8.372068991361011570e+00
3.470000000000000284e+01 1.740073184152075569e+01
3.480000000000000426e+01 1.313756425114682536e+01
3.489999999999999858e+01 1.140233900688915725e+01
3.500000000000000000e+01 8.366164990814150215e+00
3.510000000000000142e+01 4.779292198751424081e+00
3.520000000000000284e+01 5.560786612144971164e-01
3.530000000000000426e+01 3.438726753998653241e+00
3.539999999999999858e+01 6.895516518646878090e+00
3.550000000000000000e+01 1.898452207730933594e+00
3.560000000000000142e+01 1.019539230684759445e+01
3.570000000000000284e+01 5.661067581068072840e+00
3.580000000000000426e+01 4.187863755254920051e+00
3.589999999999999858e+01 1.257939090836353380e+01
3.600000000000000000e+01 1.204361523870926654e+01
3.610000000000000142e+01 1.994746081661691539e+00
3.620000000000000284e+01 2.585154765772968322e+00
3.630000000000000426e+01 1.257331645456626035e+01
3.639999999999999858e+01 2.644130965764775354e+01
3.650000000000000000e+01 5.997346403229808942e+00
3.660000000000000142e+01 9.002224468433345450e+00
3.670000000000000284e+01 1.075737627332832425e+01
3.680000000000000426e+01 1.008725604064476933e+01
3.689999999999999858e+01 1.110212686667292559e+01
3.700000000000000000e+01 1.824415604723127160e+01
3.710000000000000142e+01 9.066181113789060220e+00
3.720000000000000284e+01 8.922314272855865980e+00
3.730000000000000426e+01 2.261881118414240888e+01
3.739999999999999858e+01 2.090701998096635350e+01
3.750000000000000000e+01 2.037790586374689994e+01
3.760000000000000142e+01 1.699678435428067758e+01
3.770000000000000284e+01 1.887962196964926775e+01
3.780000000000000426e+01 2.265105119720442062e+01
3.789999999999999858e+01 2.953558385998364955e+01
3.800000000000000000e+01 2.710620589208967246e+01
3.810000000000000142e+01 2.765553090113343870e+01
3.820000000000000284e+01 1.742168934140826764e+01
3.830000000000000426e+01 2.791749636792384592e+01
3.840000000000000568e+01 4.209984394089847370e+01
3.850000000000000000e+01 6.549434089253658442e+01
3.860000000000000142e+01 6.468488487010418453e+01
3.870000000000000284e+01 3.902669955407989733e+01
3.880000000000000426e+01 2.466912092662324696e+01
3.890000000000000568e+01 2.643333792395182158e+01
3.900000000000000000e+01 1.371340535518826620e+01
3.910000000000000142e+01 1.498309262347785875e+01
3.920000000000000284e+01 1.018839165989812834e+01
3.930000000000000426e+01 9.186991765216326655e+00
3.940000000000000568e+01 2.259463193139401582e+01
3.950000000000000000e+01 1.935536994071436467e+01
3.960000000000000142e+01 3.965594807217936335e+01
3.970000000000000284e+01 5.416877101995054034e+01
3.980000000000000426e+01 6.985881686910066435e+01
3.990000000000000568e+01 4.381869227827650093e+01
4.000000000000000000e+01 6.559995704313718079e+01
4.010000000000000142e+01 2.577188986467958998e+01
4.020000000000000284e+01 8.191731965079833344e+01
4.030000000000000426e+01 8.218986742363023268e+01
4.040000000000000568e+01 1.209627298593797065e+02
4.050000000000000000e+01 1.219131167408330754e+02
4.060000000000000142e+01 3.816824719824139720e+02
4.070000000000000284e+01 1.063773653404786273e+03
4.080000000000000426e+01 4.508819731349759081e+02
4.090000000000000568e+01 1.585696450761067524e+02
4.100000000000000000e+01 9.994503452874849359e+01
4.110000000000000142e+01 8.426577895706920174e+01
4.120000000000000284e+01 7.974316223711349494e+01
4.130000000000000426e+01 6.324945203975147479e+01
4.140000000000000568e+01 5.043222791463855259e+01
4.150000000000000000e+01 7.839017971686455155e+01
4.160000000000000142e+01 6.219602147950145365e+01
4.170000000000000284e+01 6.930910740691139438e+01
4.180000000000000426e+01 4.528139433789731783e+01
4.190000000000000568e+01 2.152104666384050802e+01
4.200000000000000000e+01 2.531349212044575836e+01
4.210000000000000142e+01 9.037816019468081663e+00
4.220000000000000284e+01 1.190852842675925416e+01
4.230000000000000426e+01 1.654445943022563270e+01
4.240000000000000568e+01 1.368841949196886176e+01
4.250000000000000000e+01 3.340362706974159579e+01
4.260000000000000142e+01 2.190618905055040599e+01
4.270000000000000284e+01 5.735224158772953018e+01
4.280000000000000426e+01 4.498096791374772607e+01
4.290000000000000568e+01 7.170001571018457298e+01
4.300000000000000000e+01 4.483013785742960522e+01
4.310000000000000142e+01 3.715605044518528643e+01
4.320000000000000284e+01 1.677309660946562175e+01
4.330000000000000426e+01 4.395145866932958967e+01
4.340000000000000568e+01 3.187725493538699340e+01
4.350000000000000000e+01 3.681916547453049304e+01
4.360000000000000142e+01 4.944589069493216726e+01
4.370000000000000284e+01 2.028540659997861439e+01
4.380000000000000426e+01 1.954507054165280167e+01
4.390000000000000568e+01 2.428188452711990308e+01
4.400000000000000000e+01 1.905292391395559903e+01
4.410000000000000142e+01 2.932362489586471810e+01
4.420000000000000284e+01 9.928848268296192714e+00
4.430000000000000426e+01 1.043340121890919825e+01
4.440000000000000568e+01 1.816167529441445794e+01
4.450000000000000000e+01 1.368672974245602170e+01
4.460000000000000142e+01 1.187171703655953614e+01
4.470000000000000284e+01 1.250754904176169724e+01
4.480000000000000426e+01 1.165518452474241329e+01
4.490000000000000568e+01 5.985445069135098883e+00
4.500000000000000000e+01 2.603334730023265919e+01
4.510000000000000142e+01 1.995583235362688868e+01
4.520000000000000284e+01 3.127020007561293724e+00
4.530000000000000426e+01 2.153305916271405440e+00
4.540000000000000568e+01 1.059085139253671315e+01
4.550000000000000000e+01 1.524890320980331460e+01
4.560000000000000142e+01 4.998677659333112366e+00
4.570000000000000284e+01 5.815039690496485392e+00
4.580000000000000426e+01 1.220090439819390404e+01
4.590000000000000568e+01 1.906101438462428410e+00
4.600000000000000000e+01 7.103501850992115507e+00
4.610000000000000142e+01 4.292957934015028343e+00
4.620000000000000284e+01 6.285040367323847521e-01
4.630000000000000426e+01 4.436296832834960568e+00
4.640000000000000568e+01 7.663340092220156663e+00
4.650000000000000000e+01 1.299735426826814688e+01
4.660000000000000142e+01 1.185925022838036291e+01
4.670000000000000284e+01 2.201384429927769304e+01
4.680000000000000426e+01 8.073489705818181150e+00
4.690000000000000568e+01 6.777772786461636834e+00
4.700000000000000000e+01 4.923142356564896183e+00
4.710000000000000142e+01 7.093229022421411401e+00
4.720000000000000284e+01 1.000960736668788087e+01
4.730000000000000426e+01 3.515738004832535779e+01
4.740000000000000568e+01 1.771143707912095167e+01
4.750000000000000000e+01 8.076591450645656423e+00
4.760000000000000142e+01 6.850976624975645635e+00
4.770000000000000284e+01 8.901111886843944276e-01
4.780000000000000426e+01 1.339493477658566745e+00
4.790000000000000568e+01 7.014241504663467630e-01
4.800000000000000000e+01 1.455100546850414789e+00
4.810000000000000142e+01 2.228571112433907153e+00
4.820000000000000284e+01 1.269548258208639036e+00
4.830000000000000426e+01 6.005810717050186653e+00
4.840000000000000568e+01 1.588044733079539483e+01
4.850000000000000000e+01 3.830889716841486603e+00
4.860000000000000142e+01 3.081085913418622368e+00
4.870000000000000284e+01 2.598646701760958688e+00
4.880000000000000426e+01 7.287856103270084596e+00
4.890000000000000568e+01 4.172081655959253510e+00
4.900000000000000000e+01 9.466782669455277244e+00
4.910000000000000142e+01 1.017646270819609100e+01
4.920000000000000284e+01 1.528959031401012680e+01
4.930000000000000426e+01 4.215346159331442522e+00
4.940000000000000568e+01 4.109050045876542434e+00
4.950000000000000000e+01 7.281633020246964350e+00
4.960000000000000142e+01 3.382618188110518176e+00
4.970000000000000284e+01 5.027763916175106651e+00
4.980000000000000426e+01 9.184422345090474948e+00
4.990000000000000568e+01 3.945915162455625680e+00
5.000000000000000000e+01 4.571516592406434931e+00
5.010000000000000142e+01 7.066721150391185091e+00
5.020000000000000284e+01 5.975365290860779943e+00
5.030000000000000426e+01 1.452086313143646779e+00
5.040000000000000568e+01 3.258948946358129373e+00
5.050000000000000000e+01 1.015798190905984555e+00
5.060000000000000142e+01 5.971412450974709962e+00
5.070000000000000284e+01 8.968548730996827700e+00
5.080000000000000426e+01 1.186136933529728488e+01
5.090000000000000568e+01 7.168360305165142776e+00
5.100000000000000000e+01 1.483487131930033875e+01
5.110000000000000142e+01 3.240660649447327124e+00
5.120000000000000284e+01 2.773829039747444547e+00
5.130000000000000426e+01 1.695821893409840353e+00
5.140000000000000568e+01 1.326278557472969633e+00
5.150000000000000000e+01 8.015203784743912818e-01
5.160000000000000142e+01 1.099932140201827169e+00
5.170000000000000284e+01 1.354607822304793263e+00
5.180000000000000426e+01 8.039404623057013755e-01
5.190000000000000568e+01 1.322790711198046143e+00
5.200000000000000000e+01 1.393623120147724714e+00
5.210000000000000142e+01 4.154188413027730120e-01
5.220000000000000284e+01 7.789353272594886635e-01
5.230000000000000426e+01 1.209527823708768990e+00
5.240000000000000568e+01 4.095310975237271833e+00
5.250000000000000000e+01 1.657878004389741866e+00
5.260000000000000142e+01 2.200884461581516405e+00
5.270000000000000284e+01 1.339250367367203598e+00
5.280000000000000426e+01 9.138860552052670005e-01
5.290000000000000568e+01 7.621205149831903336e-01
5.300000000000000000e+01 9.358063096732316399e-01
5.310000000000000142e+01 4.077846433822645444e+00
5.320000000000000284e+01 3.127051230142869009e+00
5.330000000000000426e+01 4.508752993620196436e-01
5.340000000000000568e+01 5.032100138083264174e-01
5.350000000000000000e+01 5.286066378471211413e-01
5.360000000000000142e+01 5.201021389344389068e-01
5.370000000000000284e+01 1.028768006878167274e+00
5.380000000000000426e+01 1.934611999853384168e+00
5.390000000000000568e+01 9.830042026878449413e-01
5.400000000000000000e+01 2.060661791463485493e+00
5.410000000000000142e+01 2.052408447173353689e+00
5.420000000000000284e+01 6.621777951444427490e-01
5.430000000000000426e+01 7.715436816335239367e-01
5.440000000000000568e+01 1.301597052871200155e+01
5.450000000000000000e+01 2.392405152839186311e+00
5.460000000000000142e+01 8.337004882385035121e-01
5.470000000000000284e+01 2.175116265508512559e+00
5.480000000000000426e+01 8.580893252489934397e+00
5.490000000000000568e+01 2.215198111921020896e+00
5.500000000000000000e+01 6.304741641162368015e-01
5.510000000000000142e+01 5.961236073503289878e-01
5.520000000000000284e+01 9.764607162061030854e-01
5.530000000000000426e+01 3.050704526505939040e-01
5.540000000000000568e+01 2.374007679126232673e-01
5.550000000000000000e+01 3.399425891647532283e-01
5.560000000000000142e+01 1.085996700903718998e-01
5.570000000000000284e+01 2.383678781305499372e-01
5.580000000000000426e+01 1.245513748518817687e+00
5.590000000000000568e+01 8.764333705726554680e-01
5.600000000000000000e+01 1.265916919657376294e+00
5.610000000000000142e+01 1.513492014869802116e+00
5.620000000000000284e+01 4.866090278705308414e+00
5.630000000000000426e+01 2.501452603267462660e+00
5.640000000000000568e+01 1.006596172838464698e+00
5.650000000000000000e+01 2.802045809754863726e+00
5.660000000000000142e+01 9.217365964866675032e-01
5.670000000000000284e+01 2.308773320990675337e+00
5.680000000000000426e+01 2.503481255847068265e+00
5.690000000000000568e+01 5.387701039548485893e-01
5.700000000000000000e+01 3.294380835085684023e+00
5.710000000000000142e+01 5.691621993268106472e+00
5.720000000000000284e+01 1.046778375861671151e+01
5.730000000000000426e+01 2.017503672136512094e+01
5.740000000000000568e+01 5.357380476450095408e+00
5.750000000000000000e+01 9.123290977075320995e+00
5.760000000000000142e+01 5.025021832947331291e+00
5.770000000000000284e+01 3.815796666532568882e+00
5.780000000000000426e+01 1.484730196467782593e+00
5.790000000000000568e+01 1.313658153111973981e-01
5.800000000000000000e+01 1.155286614965817943e-01
5.810000000000000142e+01 2.511478356301825032e-01
5.820000000000000284e+01 3.857009093962791013e-01
5.830000000000000426e+01 2.367220272578827722e-01
5.840000000000000568e+01 8.725385378984423790e-01
5.850000000000000000e+01 1.674611555557793396e+00
5.860000000000000142e+01 3.524611269068960606e+00
5.870000000000000284e+01 6.182268682133656990e-01
5.880000000000000426e+01 2.332838552319916881e-01
5.890000000000000568e+01 4.798477111368619208e-01
5.900000000000000000e+01 1.443098065184749423e-01
5.910000000000000142e+01 2.896699718162521475e-01
5.920000000000000284e+01 7.488195818864996633e-01
5.930000000000000426e+01 1.189029268021846386e+00
5.940000000000000568e+01 1.215366890824117974e+00
5.950000000000000000e+01 4.123936977763023926e+00
5.960000000000000142e+01 1.556101258504339890e+00
5.970000000000000284e+01 2.490165429774135575e+00
5.980000000000000426e+01 2.646557657849224920e+00
5.990000000000000568e+01 5.029679508715331204e-01
6.000000000000000000e+01 1.043562347592795980e+00
6.010000000000000142e+01 1.097979040303949994e+00
6.020000000000000284e+01 2.675031336119363168e+00
6.030000000000000426e+01 5.095774806330227946e+00
6.040000000000000568e+01 1.552070045304839674e+01
6.050000000000000000e+01 4.477980442185003795e+00
6.060000000000000142e+01 1.843545015654631314e+01
6.070000000000000284e+01 3.812511749814860185e+00
6.080000000000000426e+01 2.181826254996738434e+00
6.090000000000000568e+01 6.211686649812816485e-01
6.100000000000000000e+01 1.851938543268058623e+00
6.110000000000000142e+01 3.878547471311399875e+00
6.120000000000000284e+01 5.016731125464831687e-01
6.130000000000000426e+01 3.188000288393643133e-01
6.140000000000000568e+01 7.261942933138928469e-01
6.150000000000000000e+01 3.666705273557734124e+00
6.160000000000000142e+01 5.556365382943860842e-01
6.170000000000000284e+01 3.576880947393791477e+00
6.180000000000000426e+01 2.480833006387577644e+00
6.190000000000000568e+01 1.768565466769554506e+00
6.200000000000000000e+01 1.330868192865072519e+00
6.210000000000000142e+01 3.072726602023198583e-01
6.220000000000000284e+01 1.721485227044824429e-01
6.230000000000000426e+01 1.561880555814352034e+00
6.240000000000000568e+01 6.578352145557167852e+00
6.250000000000000000e+01 9.062262092540995795e+00
6.260000000000000142e+01 3.342917115144584006e+00
6.270000000000000284e+01 8.730902251591863283e-01
6.280000000000000426e+01 9.950507608237029178e-01
6.290000000000000568e+01 5.176145246345799755e+00
6.300000000000000000e+01 1.139770342877526321e+00
6.310000000000000142e+01 6.172158183164398793e+00
6.320000000000000284e+01 1.622534412821583727e+00
6.330000000000000426e+01 6.951975335987469196e-01
6.340000000000000568e+01 2.088791534868889022e-01
6.350000000000000000e+01 6.451847505330525756e-01
6.360000000000000142e+01 2.295275044452894431e+00
6.370000000000000284e+01 5.216353371097637304e-01
6.380000000000000426e+01 3.077314591671555188e+00
6.390000000000000568e+01 1.181427265406985949e+00
6.400000000000000000e+01 3.701415217997033658e+00
6.410000000000000853e+01 5.243578955148961995e+00
6.420000000000000284e+01 3.136309762080125019e+00
6.429999999999999716e+01 1.589007484353464061e+00
6.440000000000000568e+01 8.561284470007431979e-01
6.450000000000000000e+01 4.226833127371349974e+00
6.460000000000000853e+01 8.498186408501080535e-01
6.470000000000000284e+01 8.506415925172187142e-01
6.479999999999999716e+01 1.065018172408255248e+00
6.490000000000000568e+01 3.047553014741863020e+00
6.500000000000000000e+01 1.873521749918746870e+00
6.510000000000000853e+01 2.710816517023003858e+00
6.520000000000000284e+01 4.923869765521249331e-01
6.529999999999999716e+01 4.056759863887076101e+00
6.540000000000000568e+01 1.253571787552723027e+00
6.550000000000000000e+01 7.000031800835285756e-01
6.560000000000000853e+01 4.810194675488145277e-01
6.570000000000000284e+01 7.901034923480532157e-01
6.579999999999999716e+01 1.691469391932925725e-01
6.590000000000000568e+01 4.391640153389758106e-01
6.600000000000000000e+01 5.630601455276010858e-01
6.610000000000000853e+01 2.071626669354502126e-01
6.620000000000000284e+01 7.888465942928934993e-02
6.629999999999999716e+01 5.313994306410212420e-01
6.640000000000000568e+01 1.410922009130396670e+00
6.650000000000000000e+01 3.251000001510818138e-01
6.660000000000000853e+01 1.204344060206783640e+00
6.670000000000000284e+01 3.886310039976263120e+00
6.679999999999999716e+01 6.478001053992676006e+00
6.690000000000000568e+01 2.193825949847671986e+00
6.700000000000000000e+01 8.662728776445364209e-01
6.710000000000000853e+01 4.278176584563210261e-01
6.720000000000000284e+01 6.838580135971575880e-01
6.729999999999999716e+01 2.140117852203713422e+00
6.740000000000000568e+01 6.359035237961008669e+00
6.750000000000000000e+01 4.291782373683256324e+00
6.760000000000000853e+01 1.251166276617310125e+01
6.770000000000000284e+01 8.397284003014233278e+00
6.779999999999999716e+01 9.162728703776612527e-01
6.790000000000000568e+01 7.174307391712396731e-01
6.800000000000000000e+01 1.092188701695646635e+00
6.810000000000000853e+01 1.745084983908320730e-01
6.820000000000000284e+01 8.328369722966131317e-01
6.829999999999999716e+01 2.016574709769508034e-01
6.840000000000000568e+01 1.374137393170134391e+00
6.850000000000000000e+01 9.102389932798851113e-01
6.860000000000000853e+01 7.872343381292308262e-01
6.870000000000000284e+01 1.307564390214933869e+00
6.879999999999999716e+01 1.748532992149761878e+00
6.890000000000000568e+01 4.515860836278547730e+00
6.900000000000000000e+01 4.111855007574933829e+00
6.910000000000000853e+01 2.445318097132457957e+00
6.920000000000000284e+01 5.278529755635077869e+00
6.929999999999999716e+01 2.988505535801401436e+00
6.940000000000000568e+01 3.618189741275513516e+00
6.950000000000000000e+01 4.564592306548204803e+00
6.960000000000000853e+01 2.472154399424532745e+00
6.970000000000000284e+01 1.263389986373808505e+00
6.979999999999999716e+01 1.809588874229919542e+00
6.990000000000000568e+01 2.515421789951370890e+00
7.000000000000000000e+01 6.859609236167464319e-01
7.010000000000000853e+01 6.470648627964475930e-01
7.020000000000000284e+01 4.985182368252896179e-01
7.029999999999999716e+01 1.982248401686824257e+00
7.040000000000000568e+01 4.508742590053690935e-01
7.050000000000000000e+01 1.004387204784238374e+00
7.060000000000000853e+01 2.110118083416330670e+00
7.070000000000000284e+01 6.079451887206626104e+00
7.079999999999999716e+01 2.859342909067187577e+00
7.090000000000000568e+01 3.774338485231430451e-01
7.100000000000000000e+01 3.218446316959525100e-01
7.110000000000000853e+01 1.043142334029897533e+00
7.120000000000000284e+01 1.021381817746964238e+00
7.129999999999999716e+01 5.669881985460540896e-01
7.140000000000000568e+01 5.446609081915567252e+00
7.150000000000000000e+01 2.459953048027450073e+00
7.160000000000000853e+01 2.413026774835709709e+00
7.170000000000000284e+01 9.975185076955828123e+00
7.179999999999999716e+01 1.676736606992747181e+00
7.190000000000000568e+01 4.880643748531487525e+00
7.200000000000000000e+01 4.958305942670925837e-01
7.210000000000000853e+01 3.108743390038850585e-01
7.220000000000000284e+01 4.256175203680576113e-01
7.229999999999999716e+01 2.751124357924673025e-01
7.240000000000000568e+01 4.689641671327876016e-01
7.250000000000000000e+01 4.132931531459282382e-01
7.260000000000000853e+01 1.613776962430907291e+00
7.270000000000000284e+01 4.710499823262235708e+00
7.279999999999999716e+01 2.445824629787123783e+00
7.290000000000000568e+01 1.601594998940746084e+00
7.300000000000000000e+01 1.034980186923829093e+00
7.310000000000000853e+01 1.164259998164119292e+00
7.320000000000000284e+01 1.452487816753083028e+00
7.329999999999999716e+01 7.020828518846707667e+00
7.340000000000000568e+01 4.689477449810242504e+00
7.350000000000000000e+01 3.006811172052865633e-01
7.360000000000000853e+01 8.123373356065969331e-01
7.370000000000000284e+01 1.582346017968711216e+00
7.379999999999999716e+01 1.232986336007567907e+00
7.390000000000000568e+01 7.721014711620621807e-01
7.400000000000000000e+01 3.780040243722095905e-01
7.410000000000000853e+01 4.593535677446099363e+00
7.420000000000000284e+01 5.987475780962622451e+00
7.429999999999999716e+01 9.702739240867717108e-01
7.440000000000000568e+01 9.457702204945770408e-01
7.450000000000000000e+01 4.841403889395420879e-01
7.460000000000000853e+01 4.356454503679704215e-01
7.470000000000000284e+01 1.977327584483976330e-01
7.479999999999999716e+01 4.328797645642250974e-02
7.490000000000000568e+01 2.862815280364387482e-01
7.500000000000000000e+01 4.063184749194532347e-02
7.510000000000000853e+01 3.161955087573687928e-01
7.520000000000000284e+01 4.516290850286207026e-01
7.529999999999999716e+01 9.970843845540872108e-01
7.540000000000000568e+01 1.249365325704212548e+00
7.550000000000000000e+01 4.064433343913566032e-01
7.560000000000000853e+01 3.149276345180653247e-01
7.570000000000000284e+01 2.543841472774500678e-01
7.579999999999999716e+01 1.003622053022311222e+00
7.590000000000000568e+01 4.009683704474866217e-01
7.600000000000000000e+01 6.586582364589007588e-01
7.610000000000000853e+01 1.581876176000140743e+00
7.620000000000000284e+01 1.116177995328368588e+00
7.629999999999999716e+01 1.996247736019969299e-01
7.640000000000000568e+01 1.007841939463475500e-01
7.650000000000000000e+01 3.575255596714722595e-01
7.660000000000000853e+01 5.072229525665272742e-01
7.670000000000000284e+01 1.866247606345560472e-01
7.680000000000001137e+01 1.703312580208393989e-01
7.690000000000000568e+01 7.235697493225183852e-01
7.700000000000000000e+01 9.040684243121195618e-02
7.710000000000000853e+01 7.398730027158495481e-02
7.720000000000000284e+01 1.557025130262087442e-01
7.730000000000001137e+01 5.119318332700477370e-02
7.740000000000000568e+01 3.325104211709187241e-02
7.750000000000000000e+01 1.035079515964643093e-01
7.760000000000000853e+01 1.386009054711475896e-01
7.770000000000000284e+01 1.272883311702716347e-01
7.780000000000001137e+01 3.159305035436913434e-01
7.790000000000000568e+01 2.265617110175713045e-01
7.800000000000000000e+01 1.335358554443298318e-01
7.810000000000000853e+01 2.463802406667752742e-01
7.820000000000000284e+01 1.736100201990621872e-01
7.830000000000001137e+01 2.775252100000965769e-02
7.840000000000000568e+01 7.472186124351117009e-02
7.850000000000000000e+01 4.685026760405582719e-02
7.860000000000000853e+01 1.902664543040599385e-02
7.870000000000000284e+01 3.730212160174176117e-02
7.880000000000001137e+01 2.416988221710757168e-02
7.890000000000000568e+01 4.815654009247467317e-03
7.900000000000000000e+01 9.393668417501302437e-02
7.910000000000000853e+01 8.049112314481111918e-02
7.920000000000000284e+01 2.525879018531640430e-01
7.930000000000001137e+01 2.882998452103454484e-02
7.940000000000000568e+01 1.059000854063696200e-02
7.950000000000000000e+01 1.788318007005218133e-02
7.960000000000000853e+01 2.417248953966157077e-02
7.970000000000000284e+01 6.070559899884953557e-03
7.980000000000001137e+01 1.095846744344243506e-02
7.990000000000000568e+01 3.787123181872560640e-02
8.000000000000000000e+01 1.753585185234399907e-02
8.010000000000000853e+01 6.781697986781362597e-02
8.020000000000000284e+01 3.603223951120918672e-02
8.030000000000001137e+01 1.217290135042374023e-02
8.040000000000000568e+01 1.270805780845978353e-02
8.050000000000000000e+01 1.724067340907935522e-02
8.060000000000000853e+01 1.064265329210604266e-02
8.070000000000000284e+01 3.634435975245394086e-03
8.080000000000001137e+01 1.880622843400394859e-02
8.090000000000000568e+01 2.220706980088420213e-02
8.100000000000000000e+01 1.844746846454407840e-02
8.110000000000000853e+01 3.690482054860613065e-02
8.120000000000000284e+01 1.334434123936903763e-02
8.130000000000001137e+01 9.654211304315776787e-03
8.140000000000000568e+01 5.084389360220098464e-02
8.150000000000000000e+01 2.573707348367398201e-02
8.160000000000000853e+01 1.470546809750332071e-02
8.170000000000000284e+01 1.456980061792051938e-02
8.180000000000001137e+01 6.765441955690278120e-02
8.190000000000000568e+01 5.137424665982147365e-02
8.200000000000000000e+01 1.144647051577125929e-01
8.210000000000000853e+01 6.401981683235927201e-02
8.220000000000000284e+01 1.154205698311032147e-01
8.230000000000001137e+01 3.852105290508730379e-02
8.240000000000000568e+01 1.871576110990237074e-01
8.250000000000000000e+01 7.725515604178832818e-02
8.260000000000000853e+01 4.380508261457739111e-02
8.270000000000000284e+01 1.237150600644785908e-01
8.280000000000001137e+01 2.963391533234163155e-01
8.290000000000000568e+01 3.673839532773597316e-01
8.300000000000000000e+01 1.764015932562068290e-01
8.310000000000000853e+01 7.447712482485623342e-01
8.320000000000000284e+01 3.090727357179683943e-01
8.330000000000001137e+01 2.972262859512491695e-01
8.340000000000000568e+01 2.112298543883340263e-01
8.350000000000000000e+01 2.300843408631151055e-01
8.360000000000000853e+01 1.669498709168266981e-01
8.370000000000000284e+01 1.453244752182801525e-01
8.380000000000001137e+01 2.037947405539914381e-01
8.390000000000000568e+01 2.897405784573770515e-01
8.400000000000000000e+01 7.441763375721972829e-02
8.410000000000000853e+01 1.349108559972287888e-02
8.420000000000000284e+01 3.208844411575513256e-01
8.430000000000001137e+01 1.321816814727045652e-01
8.440000000000000568e+01 9.925400248734325137e-01
8.450000000000000000e+01 1.465729101990332461e+00
8.460000000000000853e+01 1.208642828731459479e-01
8.470000000000000284e+01 7.752258733662861778e-02
8.480000000000001137e+01 2.909368486380981000e-01
8.490000000000000568e+01 8.008105725854777757e-02
8.500000000000000000e+01 1.983665481395063823e-01
8.510000000000000853e+01 1.437825431185887903e-01
8.520000000000000284e+01 4.596318097259839974e-01
8.530000000000001137e+01 4.377995842755468270e-01
8.540000000000000568e+01 1.308583639901399753e-01
8.550000000000000000e+01 7.464092852617477958e-02
8.560000000000000853e+01 1.339560261651249196e-01
8.570000000000000284e+01 1.429142121242306107e-01
8.580000000000001137e+01 1.086469271417913052e-01
8.590000000000000568e+01 1.591039794414945419e-01
8.600000000000000000e+01 5.756056224418154565e-02
8.610000000000000853e+01 6.912699828015646253e-02
8.620000000000000284e+01 2.649555602417330916e-02
8.630000000000001137e+01 4.016651687351365796e-01
8.640000000000000568e+01 1.028613914279388336e-01
8.650000000000000000e+01 1.310049166544461630e-01
8.660000000000000853e+01 3.221897984770371592e-01
8.670000000000000284e+01 9.984238782580845406e-02
8.680000000000001137e+01 7.095067900630053215e-02
8.690000000000000568e+01 3.480887772160797672e-02
8.700000000000000000e+01 2.455938349681086041e-02
8.710000000000000853e+01 2.061399638808409096e-01
8.720000000000000284e+01 1.445986231031290703e-01
8.730000000000001137e+01 2.244807342183215426e-01
8.740000000000000568e+01 4.982266059746916220e-02
8.750000000000000000e+01 5.948377581091483790e-02
8.760000000000000853e+01 5.236876199481949740e-02
8.770000000000000284e+01 1.570580402041598933e-01
8.780000000000001137e+01 7.216750224807898240e-02
8.790000000000000568e+01 1.468851654834098797e-01
8.800000000000000000e+01 2.364110172301810489e-02
8.810000000000000853e+01 2.545170003591195051e-01
8.820000000000000284e+01 4.398322732712075522e-01
8.830000000000001137e+01 6.942742519732605921e-02
8.840000000000000568e+01 2.288982723639539363e-01
8.850000000000000000e+01 1.367066891559268527e+00
8.860000000000000853e+01 2.876925178782349768e+00
8.870000000000000284e+01 8.301425511660969203e-01
8.880000000000001137e+01 6.142648298440626098e-01
8.890000000000000568e+01 9.106770046263440443e-02
8.900000000000000000e+01 1.591781020887569620e-01
8.910000000000000853e+01 3.311617364668522079e-01
8.920000000000000284e+01 1.158959993668143174e+00
8.930000000000001137e+01 6.700459217232124232e-01
8.940000000000000568e+01 6.539131567579685722e-01
8.950000000000000000e+01 1.257400367657583562e+00
8.960000000000000853e+01 1.058220674843825870e+00
8.970000000000000284e+01 1.876182299326516700e+00
8.980000000000001137e+01 1.379538932866877010e+00
8.990000000000000568e+01 1.863980028151522861e+00
9.000000000000000000e+01 1.106642916550345968e+00
9.010000000000000853e+01 2.161802494481403492e-01
9.020000000000000284e+01 7.982464874932078125e-01
9.030000000000001137e+01 2.139106936648160207e-01
9.040000000000000568e+01 4.053387853786203365e-01
9.050000000000000000e+01 9.254799724385571746e-01
9.060000000000000853e+01 7.488276653631106283e-01
9.070000000000000284e+01 2.488850307624298486e-01
9.080000000000001137e+01 7.725085744935423770e-01
9.090000000000000568e+01 7.563470502813413043e-01
9.100000000000000000e+01 5.011412198734724877e-01
9.110000000000000853e+01 2.399395980740411660e-01
9.120000000000000284e+01 7.864243607978987916e-01
9.130000000000001137e+01 2.097150166750381406e-01
9.140000000000000568e+01 1.125365753363916754e+00
9.150000000000000000e+01 1.810167441663194543e+00
9.160000000000000853e+01 1.613158020609621657e+00
9.170000000000000284e+01 1.943967118874087463e+00
9.180000000000001137e+01 1.120392051308743975e+00
9.190000000000000568e+01 1.314798746055776846e+00
9.200000000000000000e+01 7.395059456738043435e-01
9.210000000000000853e+01 6.345992708203720412e-01
9.220000000000000284e+01 1.141405596583499493e+00
9.230000000000001137e+01 5.131858761314271877e-01
9.240000000000000568e+01 1.728786609988149925e-01
9.250000000000000000e+01 1.152444845837912735e-01
9.260000000000000853e+01 5.941902126257351258e-01
9.270000000000000284e+01 7.531453705787219954e-01
9.280000000000001137e+01 4.057825627537273938e+00
9.290000000000000568e+01 1.603904207267170090e+00
9.300000000000000000e+01 3.494272301168604433e-01
9.310000000000000853e+01 4.129305264685643323e-02
9.320000000000000284e+01 6.402093000440934878e-01
9.330000000000001137e+01 2.186506799781666177e-01
9.340000000000000568e+01 3.911242183277334472e-02
9.350000000000000000e+01 1.282463504042235802e-01
9.360000000000000853e+01 9.001906711502281888e-02
9.370000000000000284e+01 1.428477513942136012e-01
9.380000000000001137e+01 7.960024274514623799e-02
9.390000000000000568e+01 6.088397858113955147e-02
9.400000000000000000e+01 4.084704769290373183e-02
9.410000000000000853e+01 2.046170295868675604e-01
9.420000000000000284e+01 1.434446075104215679e-01
9.430000000000001137e+01 2.389942890787707386e-01
9.440000000000000568e+01 3.468206664125256938e-02
9.450000000000000000e+01 3.296918787271063689e-02
9.460000000000000853e+01 7.035008511886332860e-02
9.470000000000000284e+01 8.081269833504012290e-02
9.480000000000001137e+01 4.741940592641727958e-01
9.490000000000000568e+01 1.204004666188095707e-01
9.500000000000000000e+01 9.974629292734761565e-02
9.510000000000000853e+01 4.283240379948322629e-01
9.520000000000000284e+01 3.281156845795303589e-02
9.530000000000001137e+01 6.404572520490092735e-02
9.540000000000000568e+01 4.292303032476896957e-02
9.550000000000000000e+01 1.613220136349504397e-01
9.560000000000000853e+01 9.352452212703785128e-02
9.570000000000000284e+01 1.689770464734564048e-01
9.580000000000001137e+01 1.201914666616631933e-01
9.590000000000000568e+01 1.151972860772677298e-01
9.600000000000000000e+01 7.607816419298397970e-02
9.610000000000000853e+01 4.885982012580062372e-01
9.620000000000000284e+01 3.908159137110132075e-01
9.630000000000001137e+01 1.735299783745589131e-01
9.640000000000000568e+01 1.581408599317898345e-01
9.650000000000000000e+01 1.007726722604026792e-01
9.660000000000000853e+01 2.599869523672599936e-01
9.670000000000000284e+01 1.004411421802621357e-01
9.680000000000001137e+01 8.526055354826989063e-02
9.690000000000000568e+01 1.345449132049918672e+00
9.700000000000000000e+01 9.850418315561341176e-01
9.710000000000000853e+01 1.655285991725299610e-01
9.720000000000000284e+01 3.463589072249945167e-01
9.730000000000001137e+01 1.352725549255094986e-02
9.740000000000000568e+01 6.053751975979401734e-02
9.750000000000000000e+01 2.712382717224633422e-01
9.760000000000000853e+01 2.341263742588677865e-01
9.770000000000000284e+01 1.608855245643461274e-01
9.780000000000001137e+01 1.873771064302903466e-01
9.790000000000000568e+01 1.756160173727911722e-01
9.800000000000000000e+01 2.696100846694968189e-01
9.810000000000000853e+01 2.763186140471833308e-01
9.820000000000000284e+01 3.241673504700667285e-01
9.830000000000001137e+01 7.923883775535737195e-01
9.840000000000000568e+01 1.868004446318131673e-01
9.850000000000000000e+01 4.275391948717884305e-01
9.860000000000000853e+01 2.918295883721564454e-01
9.870000000000000284e+01 1.659864359810340750e-01
9.880000000000001137e+01 4.435057094249828663e-02
9.890000000000000568e+01 9.719864718865794950e-02
9.900000000000000000e+01 1.924601942682810929e-01
9.910000000000000853e+01 5.965637326262344248e-02
9.920000000000000284e+01 1.226909138698240170e-01
9.930000000000001137e+01 6.889949213589989518e-02
9.940000000000000568e+01 1.253343513930365305e-01
9.950000000000000000e+01 5.891829421714316062e-02
9.960000000000000853e+01 7.875217830025818544e-02
9.970000000000000284e+01 1.706750342566673226e-02
9.980000000000001137e+01 2.182692465885146052e-02
9.990000000000000568e+01 2.522029696731457882e-02
