0.000000000000000000e+00 2.671700579515845941e+00
1.000000000000000056e-01 2.582622629912907808e+00
2.000000000000000111e-01 2.144678604412320500e+00
3.000000000000000444e-01 1.714894595385111131e+00
4.000000000000000222e-01 1.736651230281273550e+00
5.000000000000000000e-01 2.269806177370866873e+00
6.000000000000000888e-01 2.260897578547916620e+00
7.000000000000000666e-01 1.716060942847360327e+00
8.000000000000000444e-01 1.747230533540384378e+00
9.000000000000000222e-01 1.533198823235481845e+00
1.000000000000000000e+00 1.260873002826257361e+00
1.100000000000000089e+00 1.259405571807737712e+00
1.200000000000000178e+00 2.089170475850472997e+00
1.300000000000000044e+00 1.524481420731056192e+00
1.400000000000000133e+00 2.074815525353861823e+00
1.500000000000000000e+00 2.088194036975829171e+00
1.600000000000000089e+00 1.718142930469671370e+00
1.700000000000000178e+00 2.618374207846228430e+00
1.800000000000000044e+00 3.169234162931934051e+00
1.900000000000000133e+00 2.830222071031908371e+00
2.000000000000000000e+00 2.969407753122128124e+00
2.100000000000000089e+00 2.584601101396439393e+00
2.200000000000000178e+00 1.803270903842657980e+00
2.300000000000000266e+00 1.684466739855806861e+00
2.400000000000000355e+00 2.045318829303955255e+00
2.500000000000000000e+00 2.384262221816385807e+00
2.600000000000000089e+00 2.784007932835649068e+00
2.700000000000000178e+00 2.621253528546315881e+00
2.800000000000000266e+00 1.890340607227470660e+00
2.900000000000000355e+00 1.590914813164493014e+00
3.000000000000000000e+00 1.703673228043159904e+00
3.100000000000000089e+00 8.277791757315406951e-01
3.200000000000000178e+00 1.086970622214255666e+00
3.300000000000000266e+00 6.241938339002652825e-01
3.400000000000000355e+00 7.348220732265094979e-01
3.500000000000000000e+00 9.323240177435668796e-01
3.600000000000000089e+00 1.384960883130804232e+00
3.700000000000000178e+00 1.510481323654022212e+00
3.800000000000000266e+00 1.107716056600791976e+00
3.900000000000000355e+00 1.416109182325337779e+00
4.000000000000000000e+00 1.289023347269434128e+00
4.100000000000000533e+00 1.085255378105091317e+00
4.200000000000000178e+00 1.070572191416383490e+00
4.299999999999999822e+00 9.546694062080967047e-01
4.400000000000000355e+00 7.132569881059418471e-01
4.500000000000000000e+00 7.131523625570127534e-01
4.600000000000000533e+00 6.456869240955301903e-01
4.700000000000000178e+00 8.179096305726346605e-01
4.800000000000000711e+00 5.329170019454327889e-01
4.900000000000000355e+00 7.411205676167513801e-01
5.000000000000000000e+00 7.870392579575481440e-01
5.100000000000000533e+00 5.320751716332701164e-01
5.200000000000000178e+00 6.668550313671163243e-01
5.300000000000000711e+00 7.927487692060969371e-01
5.400000000000000355e+00 1.125926935829551390e+00
5.500000000000000000e+00 1.390692164640305872e+00
5.600000000000000533e+00 1.629247952714681258e+00
5.700000000000000178e+00 1.262793024852588930e+00
5.800000000000000711e+00 2.054211986318638772e+00
5.900000000000000355e+00 1.324082526306270102e+00
6.000000000000000000e+00 1.095981742796338754e+00
6.100000000000000533e+00 1.165715290754837152e+00
6.200000000000000178e+00 1.266961474503925267e+00
6.300000000000000711e+00 7.877302578470198879e-01
6.400000000000000355e+00 3.677682215040704028e-01
6.500000000000000000e+00 5.627879164989819660e-01
6.600000000000000533e+00 3.156222842270392515e-01
6.700000000000000178e+00 5.030690278969924822e-01
6.800000000000000711e+00 5.485706349084878974e-01
6.900000000000000355e+00 4.759836055852176284e-01
7.000000000000000000e+00 3.470497529906055312e-01
7.100000000000000533e+00 4.704985093753044634e-01
7.200000000000000178e+00 4.558912958153511497e-01
7.300000000000000711e+00 3.892091648109373136e-01
7.400000000000000355e+00 3.812693572163858846e-01
7.500000000000000000e+00 2.998658534699467082e-01
7.600000000000000533e+00 4.205315759629088546e-01
7.700000000000000178e+00 1.026614825669201370e+00
7.800000000000000711e+00 8.105260651783161574e-01
7.900000000000000355e+00 3.777292290648037731e-01
8.000000000000000000e+00 6.110345092422090341e-01
8.099999999999999645e+00 5.695475960286797701e-01
8.200000000000001066e+00 7.559931273370009697e-01
8.300000000000000711e+00 7.500511013208963629e-01
8.400000000000000355e+00 1.008272913550017691e+00
8.500000000000000000e+00 5.550239803433779651e-01
8.599999999999999645e+00 7.748033225660004852e-01
8.700000000000001066e+00 1.021581336314327126e+00
8.800000000000000711e+00 8.704885726794820977e-01
8.900000000000000355e+00 1.232602767540971200e+00
9.000000000000000000e+00 1.332658607903104420e+00
9.099999999999999645e+00 1.829187479669887040e+00
9.200000000000001066e+00 1.072393492363457490e+00
9.300000000000000711e+00 5.541760455908741889e-01
9.400000000000000355e+00 6.210231812603788093e-01
9.500000000000000000e+00 6.005000373798790037e-01
9.600000000000001421e+00 7.206198936067874650e-01
9.700000000000001066e+00 1.113636841698995239e+00
9.800000000000000711e+00 1.158799283550914216e+00
9.900000000000000355e+00 1.277097758231727109e+00
1.000000000000000000e+01 1.038935721038799054e+00
1.010000000000000142e+01 1.138497905975943247e+00
1.020000000000000107e+01 1.484248738080354846e+00
1.030000000000000071e+01 1.294790409037151369e+00
1.040000000000000036e+01 1.006214144626581097e+00
1.050000000000000000e+01 1.070810223153431551e+00
1.060000000000000142e+01 9.744076801423424694e-01
1.070000000000000107e+01 7.802791962473442089e-01
1.080000000000000071e+01 1.015837229130498454e+00
1.090000000000000036e+01 1.106108335341153825e+00
1.100000000000000000e+01 8.147446634918310560e-01
1.110000000000000142e+01 7.792737349172845773e-01
1.120000000000000107e+01 1.524209615593995704e+00
1.130000000000000071e+01 8.701214847565780230e-01
1.140000000000000036e+01 5.979163732891511485e-01
1.150000000000000000e+01 5.389044035212413597e-01
1.160000000000000142e+01 7.882364541863383645e-01
1.170000000000000107e+01 6.493353925774155710e-01
1.180000000000000071e+01 9.378270356135670616e-01
1.190000000000000036e+01 1.601607510033319137e+00
1.200000000000000000e+01 9.109435603438313933e-01
1.210000000000000142e+01 6.830490199099403803e-01
1.220000000000000107e+01 6.020419338488229855e-01
1.230000000000000071e+01 7.216772442641151697e-01
1.240000000000000036e+01 7.680104001857990248e-01
1.250000000000000000e+01 5.583246617067944007e-01
1.260000000000000142e+01 7.396544715357946664e-01
1.270000000000000107e+01 8.490297442102209269e-01
1.280000000000000071e+01 8.900737884482436968e-01
1.290000000000000036e+01 7.226962909415760583e-01
1.300000000000000000e+01 7.863413418917379882e-01
1.310000000000000142e+01 1.004003959377479438e+00
1.320000000000000107e+01 1.820104718854528958e+00
1.330000000000000071e+01 9.086078174067404589e-01
1.340000000000000036e+01 6.638371111335974462e-01
1.350000000000000000e+01 1.267039514427581670e+00
1.360000000000000142e+01 7.008856250152324385e-01
1.370000000000000107e+01 5.742155338260885866e-01
1.380000000000000071e+01 1.078301625135749120e+00
1.390000000000000036e+01 1.075177602342915373e+00
1.400000000000000000e+01 1.113323681418714628e+00
1.410000000000000142e+01 1.251384217555610467e+00
1.420000000000000107e+01 9.479471481405682409e-01
1.430000000000000071e+01 7.983339391124055773e-01
1.440000000000000036e+01 7.746500632919927076e-01
1.450000000000000000e+01 8.856117065954222101e-01
1.460000000000000142e+01 1.661075362896123231e+00
1.470000000000000107e+01 1.215116850291049877e+00
1.480000000000000071e+01 1.574895147784923566e+00
1.490000000000000036e+01 1.362300863832033082e+00
1.500000000000000000e+01 2.553545755472914180e+00
1.510000000000000142e+01 2.068654947649475329e+00
1.520000000000000107e+01 2.625944195068696807e+00
1.530000000000000071e+01 1.707577172886658001e+00
1.540000000000000036e+01 2.006856154704087736e+00
1.550000000000000000e+01 1.214982115783656225e+00
1.560000000000000142e+01 6.375741581583593831e-01
1.570000000000000107e+01 9.864215781192492427e-01
1.580000000000000071e+01 1.182634633201834706e+00
1.590000000000000036e+01 1.648940817895531374e+00
1.600000000000000000e+01 2.568702299740555528e+00
1.610000000000000142e+01 1.371788932091940527e+00
1.619999999999999929e+01 1.860503034282785961e+00
1.630000000000000071e+01 1.565714560628524321e+00
1.640000000000000213e+01 7.066314247046187047e-01
1.650000000000000000e+01 7.914425378062356353e-01
1.660000000000000142e+01 8.075611214902685964e-01
1.669999999999999929e+01 9.070556956712898522e-01
1.680000000000000071e+01 1.371067311846526637e+00
1.690000000000000213e+01 1.137396628422368217e+00
1.700000000000000000e+01 1.194726613318989550e+00
1.710000000000000142e+01 1.305721473217515527e+00
1.719999999999999929e+01 8.856000777090775600e-01
1.730000000000000071e+01 2.140070607137613656e+00
1.740000000000000213e+01 1.649057748786640021e+00
1.750000000000000000e+01 1.413358942526541595e+00
1.760000000000000142e+01 1.310976941474565782e+00
1.769999999999999929e+01 1.624167586465248725e+00
1.780000000000000071e+01 1.130931297255115320e+00
1.790000000000000213e+01 1.249629264000439388e+00
1.800000000000000000e+01 1.107063671197734855e+00
1.810000000000000142e+01 9.685594167865686499e-01
1.819999999999999929e+01 8.612883987603026092e-01
1.830000000000000071e+01 6.785228277661303764e-01
1.840000000000000213e+01 9.988440257513422349e-01
1.850000000000000000e+01 6.673794757054931637e-01
1.860000000000000142e+01 6.358296931028134535e-01
1.869999999999999929e+01 5.594737883480227492e-01
1.880000000000000071e+01 3.040787839033147200e-01
1.890000000000000213e+01 2.407773754974824321e-01
1.900000000000000000e+01 5.597240185826568570e-01
1.910000000000000142e+01 4.730389786654220496e-01
1.920000000000000284e+01 5.604510221755795163e-01
1.930000000000000071e+01 5.805861449816125397e-01
1.940000000000000213e+01 6.542556363019643717e-01
1.950000000000000000e+01 5.591951722625317922e-01
1.960000000000000142e+01 6.254921362218279768e-01
1.970000000000000284e+01 6.197779897470322430e-01
1.980000000000000071e+01 4.904695944051795653e-01
1.990000000000000213e+01 8.174991364062919041e-01
2.000000000000000000e+01 8.842716267146283338e-01
2.010000000000000142e+01 5.585255456110543859e-01
2.020000000000000284e+01 5.778921945485565592e-01
2.030000000000000071e+01 6.256884126669508550e-01
2.040000000000000213e+01 3.663609572902317701e-01
2.050000000000000000e+01 4.192901482673869196e-01
2.060000000000000142e+01 5.666449178898691486e-01
2.070000000000000284e+01 7.471721207216748262e-01
2.080000000000000071e+01 6.896062635809190322e-01
2.090000000000000213e+01 9.153448891528953579e-01
2.100000000000000000e+01 6.676538069097972539e-01
2.110000000000000142e+01 6.945895170270042218e-01
2.120000000000000284e+01 1.234701019936688127e+00
2.130000000000000071e+01 2.133233394755676748e+00
2.140000000000000213e+01 6.151242997424345438e-01
2.150000000000000000e+01 6.802950772664367873e-01
2.160000000000000142e+01 7.369988778655617301e-01
2.170000000000000284e+01 1.073712685059010852e+00
2.180000000000000071e+01 1.156761261818866959e+00
2.190000000000000213e+01 9.321579420460104348e-01
2.200000000000000000e+01 1.220666829697983680e+00
2.210000000000000142e+01 9.247134845298393691e-01
2.220000000000000284e+01 9.688470634639063661e-01
2.230000000000000071e+01 8.023393102299649637e-01
2.240000000000000213e+01 8.518696047392042558e-01
2.250000000000000000e+01 8.354790957574141919e-01
2.260000000000000142e+01 3.979246342414865523e-01
2.270000000000000284e+01 5.809880494909538395e-01
2.280000000000000071e+01 5.682847476326258196e-01
2.290000000000000213e+01 1.024813406640412428e+00
2.300000000000000000e+01 1.624582878178224554e+00
2.310000000000000142e+01 1.978311770332384922e+00
2.320000000000000284e+01 6.270273646770813114e-01
2.330000000000000071e+01 8.654312357185161009e-01
2.340000000000000213e+01 1.040492424652861070e+00
2.350000000000000000e+01 9.624143150699928650e-01
2.360000000000000142e+01 6.072813821709823756e-01
2.370000000000000284e+01 7.039513091172413528e-01
2.380000000000000071e+01 4.681364027038018572e-01
2.390000000000000213e+01 8.770867531924454452e-01
2.400000000000000000e+01 1.059462216993642292e+00
2.410000000000000142e+01 9.966777692115525999e-01
2.420000000000000284e+01 1.371610709235763226e+00
2.430000000000000071e+01 6.047918683789915706e-01
2.440000000000000213e+01 8.649486084043428447e-01
2.450000000000000000e+01 1.542176197376879943e+00
2.460000000000000142e+01 1.468221968837219782e+00
2.470000000000000284e+01 1.049188085899218414e+00
2.480000000000000071e+01 9.083368443480224208e-01
2.490000000000000213e+01 1.195385454834499095e+00
2.500000000000000000e+01 1.327938854813392577e+00
2.510000000000000142e+01 1.057727778839690380e+00
2.520000000000000284e+01 8.189740363285732405e-01
2.530000000000000071e+01 1.395768737589106134e+00
2.540000000000000213e+01 1.096370911974332563e+00
2.550000000000000000e+01 4.523688419781706771e-01
2.560000000000000142e+01 5.815070501378055701e-01
2.570000000000000284e+01 2.648083437367332871e-01
2.580000000000000071e+01 6.654749150285682591e-01
2.590000000000000213e+01 6.206218374993360820e-01
2.600000000000000000e+01 9.639461530294223257e-01
2.610000000000000142e+01 1.049598003990197981e+00
2.620000000000000284e+01 1.094938283770287235e+00
2.630000000000000071e+01 1.072341888550195854e+00
2.640000000000000213e+01 1.745355892197280712e+00
2.650000000000000000e+01 8.761090573433980566e-01
2.660000000000000142e+01 9.965659892985047064e-01
2.670000000000000284e+01 9.340543752813705858e-01
2.680000000000000071e+01 1.243585936780201129e+00
2.690000000000000213e+01 1.256841153214099505e+00
2.700000000000000000e+01 1.562678765879258025e+00
2.710000000000000142e+01 1.256891734065912480e+00
2.720000000000000284e+01 1.672522238412974538e+00
2.730000000000000071e+01 1.506138925244777438e+00
2.740000000000000213e+01 1.434195199369942442e+00
2.750000000000000000e+01 9.024506854497619246e-01
2.760000000000000142e+01 1.671310966874913539e+00
2.770000000000000284e+01 1.383791289959648729e+00
2.780000000000000071e+01 1.067247453921944755e+00
2.790000000000000213e+01 1.173493952788560168e+00
2.800000000000000000e+01 1.553149140851680432e+00
2.810000000000000142e+01 1.933461732539642153e+00
2.820000000000000284e+01 9.347882693069939908e-01
2.830000000000000071e+01 1.555705912898716736e+00
2.840000000000000213e+01 1.776892103210437002e+00
2.850000000000000000e+01 1.211232402931263552e+00
2.860000000000000142e+01 6.956457040913232026e-01
2.870000000000000284e+01 9.211039632587825210e-01
2.880000000000000071e+01 9.780269264153396147e-01
2.890000000000000213e+01 9.724500865271269445e-01
2.900000000000000000e+01 7.725290025247244508e-01
2.910000000000000142e+01 1.125960187102887922e+00
2.920000000000000284e+01 9.416811655082117927e-01
2.930000000000000071e+01 9.412564359497674893e-01
2.940000000000000213e+01 1.096423635219292647e+00
2.950000000000000000e+01 1.392290317601009075e+00
2.960000000000000142e+01 7.300296777664767589e-01
2.970000000000000284e+01 1.120986607720002581e+00
2.980000000000000071e+01 9.784187597320597174e-01
2.990000000000000213e+01 7.090371958965152599e-01
3.000000000000000000e+01 5.808255318522224098e-01
3.010000000000000142e+01 7.824936025649179561e-01
3.020000000000000284e+01 8.296579362159125504e-01
3.030000000000000071e+01 8.011071846033466226e-01
3.040000000000000213e+01 1.010246864589236404e+00
3.050000000000000000e+01 1.266529380612990474e+00
3.060000000000000142e+01 1.531903794699439159e+00
3.070000000000000284e+01 9.761985014779811509e-01
3.080000000000000071e+01 8.048233788681968814e-01
3.090000000000000213e+01 6.587099018141798767e-01
3.100000000000000000e+01 9.823420637502782160e-01
3.110000000000000142e+01 1.430037117133265312e+00
3.120000000000000284e+01 1.187109153707253117e+00
3.130000000000000071e+01 1.563542230925779819e+00
3.140000000000000213e+01 1.817951275361690433e+00
3.150000000000000000e+01 1.100065892764071629e+00
3.160000000000000142e+01 9.848422938068241983e-01
3.170000000000000284e+01 7.757484613004346219e-01
3.180000000000000071e+01 6.418347310461474109e-01
3.190000000000000213e+01 7.059982385266977412e-01
3.200000000000000000e+01 8.261895130836817147e-01
3.210000000000000142e+01 7.004095423795113629e-01
3.220000000000000284e+01 1.297767806233479870e+00
3.230000000000000426e+01 1.339829771123691282e+00
3.239999999999999858e+01 1.325595077979883740e+00
3.250000000000000000e+01 1.800440756330973002e+00
3.260000000000000142e+01 1.345108747464372589e+00
3.270000000000000284e+01 1.536120380138513708e+00
3.280000000000000426e+01 1.535585183849363045e+00
3.289999999999999858e+01 1.266036426976755003e+00
3.300000000000000000e+01 2.892809052176449569e+00
3.310000000000000142e+01 1.120350501944396004e+00
3.320000000000000284e+01 8.143516247315816248e-01
3.330000000000000426e+01 8.613345988801760500e-01
3.339999999999999858e+01 8.514577893303106881e-01
3.350000000000000000e+01 1.146180717142710748e+00
3.360000000000000142e+01 8.410403608376233464e-01
3.370000000000000284e+01 1.307147728246177643e+00
3.380000000000000426e+01 1.141975245181022336e+00
3.389999999999999858e+01 7.587876514980137488e-01
3.400000000000000000e+01 6.290606882544459433e-01
3.410000000000000142e+01 8.073053363024216278e-01
3.420000000000000284e+01 1.100302472873310622e+00
3.430000000000000426e+01 1.406325254330722307e+00
3.439999999999999858e+01 1.871315725806295571e+00
3.450000000000000000e+01 1.989311572072690604e+00
3.460000000000000142e+01 1.674890235024796281e+00
3.470000000000000284e+01 1.073980460858647401e+00
3.480000000000000426e+01 1.630756849822605270e+00
3.489999999999999858e+01 1.557759507353898343e+00
3.500000000000000000e+01 1.743847777065509197e+00
3.510000000000000142e+01 2.544736325214696393e+00
3.520000000000000284e+01 1.590210271451811819e+00
3.530000000000000426e+01 1.571846905148634566e+00
3.539999999999999858e+01 1.047827940308147410e+00
3.550000000000000000e+01 1.413296556837853490e+00
3.560000000000000142e+01 1.090018358514023067e+00
3.570000000000000284e+01 1.379677409313686987e+00
3.580000000000000426e+01 9.753871411074505060e-01
3.589999999999999858e+01 2.494359295178315783e+00
3.600000000000000000e+01 1.697305350262991341e+00
3.610000000000000142e+01 8.219008555321287712e-01
3.620000000000000284e+01 1.219994472771250393e+00
3.630000000000000426e+01 8.338266896016073293e-01
3.639999999999999858e+01 7.794167994230063456e-01
3.650000000000000000e+01 7.564818549121129498e-01
3.660000000000000142e+01 6.862214899487258934e-01
3.670000000000000284e+01 9.914930653880216216e-01
3.680000000000000426e+01 1.722648937321448859e+00
3.689999999999999858e+01 2.664687270577053457e+00
3.700000000000000000e+01 1.532232164754541826e+00
3.710000000000000142e+01 1.138052654310041101e+00
3.720000000000000284e+01 1.771081784517188451e+00
3.730000000000000426e+01 1.734943757054002278e+00
3.739999999999999858e+01 1.477244251895423632e+00
3.750000000000000000e+01 1.112462734756380689e+00
3.760000000000000142e+01 1.492128060416096247e+00
3.770000000000000284e+01 7.802401951115679468e-01
3.780000000000000426e+01 1.056946969920768309e+00
3.789999999999999858e+01 1.110766929143596871e+00
3.800000000000000000e+01 9.817868322364442513e-01
3.810000000000000142e+01 6.470349507790937871e-01
3.820000000000000284e+01 9.717297476675712531e-01
3.830000000000000426e+01 1.009693522925971587e+00
3.840000000000000568e+01 1.572690571103556145e+00
3.850000000000000000e+01 1.404554475446210260e+00
3.860000000000000142e+01 1.113661722429326151e+00
3.870000000000000284e+01 1.252554397178764489e+00
3.880000000000000426e+01 1.451419342157443282e+00
3.890000000000000568e+01 1.398604587441261593e+00
3.900000000000000000e+01 2.426207185072631667e+00
3.910000000000000142e+01 1.294367441781613337e+00
3.920000000000000284e+01 1.206927209293265912e+00
3.930000000000000426e+01 2.217890579234303328e+00
3.940000000000000568e+01 1.397745526159275054e+00
3.950000000000000000e+01 1.456259892620711316e+00
3.960000000000000142e+01 1.260612476324716180e+00
3.970000000000000284e+01 1.673173974341523929e+00
3.980000000000000426e+01 1.849357227871194054e+00
3.990000000000000568e+01 1.782821299376164292e+00
4.000000000000000000e+01 2.434383354321708381e+00
4.010000000000000142e+01 2.180418937162331261e+00
4.020000000000000284e+01 2.194991414679968056e+00
4.030000000000000426e+01 2.686826519795139312e+00
4.040000000000000568e+01 1.882771300802431380e+00
4.050000000000000000e+01 7.991740713373206573e-01
4.060000000000000142e+01 8.858785592335727266e-01
4.070000000000000284e+01 8.229054041377155126e-01
4.080000000000000426e+01 7.013447925135136707e-01
4.090000000000000568e+01 1.025395921322783233e+00
4.100000000000000000e+01 9.974188310279705760e-01
4.110000000000000142e+01 7.866454134663725117e-01
4.120000000000000284e+01 9.456591956080800943e-01
4.130000000000000426e+01 4.226077721556424915e-01
4.140000000000000568e+01 6.403796917345023765e-01
4.150000000000000000e+01 7.330337640195360160e-01
4.160000000000000142e+01 4.630791467062829736e-01
4.170000000000000284e+01 5.680582416101775944e-01
4.180000000000000426e+01 1.003777343028150915e+00
4.190000000000000568e+01 7.909077187557487232e-01
4.200000000000000000e+01 5.731071716030451402e-01
4.210000000000000142e+01 6.634587939879293961e-01
4.220000000000000284e+01 1.012107500408701011e+00
4.230000000000000426e+01 8.875941338114045065e-01
4.240000000000000568e+01 7.580651580470756379e-01
4.250000000000000000e+01 4.472139105610115628e-01
4.260000000000000142e+01 3.851362809564870537e-01
4.270000000000000284e+01 4.818266715460521876e-01
4.280000000000000426e+01 4.079915553699045572e-01
4.290000000000000568e+01 3.821879199081600897e-01
4.300000000000000000e+01 4.839152699107050482e-01
4.310000000000000142e+01 5.618518924714386298e-01
4.320000000000000284e+01 4.200613319441587890e-01
4.330000000000000426e+01 6.966344025356349112e-01
4.340000000000000568e+01 5.430404353391815597e-01
4.350000000000000000e+01 6.843119295801975976e-01
4.360000000000000142e+01 6.194525820475927924e-01
4.370000000000000284e+01 5.439675469811606767e-01
4.380000000000000426e+01 4.643181029647298619e-01
4.390000000000000568e+01 4.309744989820166183e-01
4.400000000000000000e+01 8.620273527499936472e-01
4.410000000000000142e+01 1.268961141005004567e+00
4.420000000000000284e+01 2.299295234651462128e+00
4.430000000000000426e+01 2.146869080438189137e+00
4.440000000000000568e+01 1.898905862964487934e+00
4.450000000000000000e+01 1.935709355333928183e+00
4.460000000000000142e+01 1.744624410219747901e+00
4.470000000000000284e+01 1.981399112494328429e+00
4.480000000000000426e+01 1.508150264099475724e+00
4.490000000000000568e+01 1.258775048200945657e+00
4.500000000000000000e+01 1.368392441983441676e+00
4.510000000000000142e+01 1.785208278310818741e+00
4.520000000000000284e+01 1.257323244140478247e+00
4.530000000000000426e+01 1.059280647924860430e+00
4.540000000000000568e+01 1.231155761884731525e+00
4.550000000000000000e+01 1.646460455414976431e+00
4.560000000000000142e+01 1.582159580182922909e+00
4.570000000000000284e+01 1.165564786992097979e+00
4.580000000000000426e+01 1.593646563647466596e+00
4.590000000000000568e+01 1.386624415040309755e+00
4.600000000000000000e+01 8.047289896952571908e-01
4.610000000000000142e+01 6.719706881949838451e-01
4.620000000000000284e+01 4.734387980929964379e-01
4.630000000000000426e+01 5.271525755866496299e-01
4.640000000000000568e+01 7.117774508123763111e-01
4.650000000000000000e+01 1.308315777447394357e+00
4.660000000000000142e+01 1.226368048607638928e+00
4.670000000000000284e+01 4.274242355161279594e-01
4.680000000000000426e+01 2.992732811407385340e-01
4.690000000000000568e+01 6.933626626154079098e-01
4.700000000000000000e+01 7.321114506334394090e-01
4.710000000000000142e+01 9.024107942100602076e-01
4.720000000000000284e+01 1.032887971649932402e+00
4.730000000000000426e+01 1.055648338432612743e+00
4.740000000000000568e+01 8.192712012945650990e-01
4.750000000000000000e+01 1.070452268735727186e+00
4.760000000000000142e+01 2.138694982769835384e+00
4.770000000000000284e+01 1.823340138330266091e+00
4.780000000000000426e+01 1.459344904357584349e+00
4.790000000000000568e+01 1.204522737020705891e+00
4.800000000000000000e+01 1.053430285744228589e+00
4.810000000000000142e+01 7.905935053752860542e-01
4.820000000000000284e+01 1.389356640392130249e+00
4.830000000000000426e+01 1.171592712947724158e+00
4.840000000000000568e+01 1.214622785438385977e+00
4.850000000000000000e+01 9.700340153027199319e-01
4.860000000000000142e+01 8.285754183871769651e-01
4.870000000000000284e+01 8.537491924118294495e-01
4.880000000000000426e+01 8.164127574613834204e-01
4.890000000000000568e+01 9.532351354733802351e-01
4.900000000000000000e+01 8.273232396709322423e-01
4.910000000000000142e+01 5.911097191227968617e-01
4.920000000000000284e+01 4.370822760084123182e-01
4.930000000000000426e+01 6.970690332357395436e-01
4.940000000000000568e+01 5.648709898531029117e-01
4.950000000000000000e+01 1.046066615207514872e+00
4.960000000000000142e+01 7.950874760377492079e-01
4.970000000000000284e+01 9.097850325704627261e-01
4.980000000000000426e+01 1.440388375571661772e+00
4.990000000000000568e+01 1.021165410013307406e+00
5.000000000000000000e+01 8.608605568160933030e-01
5.010000000000000142e+01 1.061808223829737718e+00
5.020000000000000284e+01 7.997012886918388741e-01
5.030000000000000426e+01 1.495687792695308271e+00
5.040000000000000568e+01 1.967760091001458544e+00
5.050000000000000000e+01 1.709904723391885373e+00
5.060000000000000142e+01 1.484566180389450762e+00
5.070000000000000284e+01 1.276170716886121825e+00
5.080000000000000426e+01 1.229842074912311567e+00
5.090000000000000568e+01 1.462666091442171412e+00
5.100000000000000000e+01 8.768851378349088455e-01
5.110000000000000142e+01 4.409442993862103255e-01
5.120000000000000284e+01 2.881618879576182679e-01
5.130000000000000426e+01 6.668496037915472296e-01
5.140000000000000568e+01 9.909433453847499296e-01
5.150000000000000000e+01 7.021127307323448141e-01
5.160000000000000142e+01 7.778592384467505338e-01
5.170000000000000284e+01 1.481264950383694989e+00
5.180000000000000426e+01 8.945087204780606260e-01
5.190000000000000568e+01 1.259996177224657732e+00
5.200000000000000000e+01 1.215432276992808092e+00
5.210000000000000142e+01 6.581170414855854744e-01
5.220000000000000284e+01 7.209205188324073754e-01
5.230000000000000426e+01 8.599245583910197777e-01
5.240000000000000568e+01 9.170617733701064145e-01
5.250000000000000000e+01 1.373528368455710469e+00
5.260000000000000142e+01 7.550230286115573453e-01
5.270000000000000284e+01 9.646070639508556033e-01
5.280000000000000426e+01 5.038596235787865529e-01
5.290000000000000568e+01 7.073682925163295998e-01
5.300000000000000000e+01 8.388692617226828352e-01
5.310000000000000142e+01 6.635065051184226848e-01
5.320000000000000284e+01 1.023507344338548286e+00
5.330000000000000426e+01 7.814287496616743045e-01
5.340000000000000568e+01 5.965868331475979724e-01
5.350000000000000000e+01 1.010065633748308267e+00
5.360000000000000142e+01 1.444674075987395057e+00
5.370000000000000284e+01 1.015844782300180382e+00
5.380000000000000426e+01 1.293940546448648199e+00
5.390000000000000568e+01 1.025480839121094112e+00
5.400000000000000000e+01 1.065965914381605595e+00
5.410000000000000142e+01 1.077844008686422717e+00
5.420000000000000284e+01 6.768384712902013600e-01
5.430000000000000426e+01 6.758786465903985352e-01
5.440000000000000568e+01 2.652662028776579528e-01
5.450000000000000000e+01 4.626487919768557666e-01
5.460000000000000142e+01 4.076274443808621806e-01
5.470000000000000284e+01 7.535132486074107572e-01
5.480000000000000426e+01 5.908894121378663877e-01
5.490000000000000568e+01 7.111362021946021628e-01
5.500000000000000000e+01 4.932647658747981168e-01
5.510000000000000142e+01 1.256731668721394080e+00
5.520000000000000284e+01 9.533512262571389728e-01
5.530000000000000426e+01 8.437874544800385568e-01
5.540000000000000568e+01 1.075325342613240531e+00
5.550000000000000000e+01 1.478132356548585324e+00
5.560000000000000142e+01 1.640933354123239152e+00
5.570000000000000284e+01 1.094427705925948624e+00
5.580000000000000426e+01 9.493303343562218277e-01
5.590000000000000568e+01 7.753466520252203509e-01
5.600000000000000000e+01 5.916096919242950225e-01
5.610000000000000142e+01 7.786801627370600887e-01
5.620000000000000284e+01 1.200424869221909940e+00
5.630000000000000426e+01 4.023439747528642640e-01
5.640000000000000568e+01 6.175622907197055866e-01
5.650000000000000000e+01 4.111517042241643605e-01
5.660000000000000142e+01 7.216099513224795148e-01
5.670000000000000284e+01 7.152340242394055192e-01
5.680000000000000426e+01 6.333344597806738197e-01
5.690000000000000568e+01 7.338186299330191620e-01
5.700000000000000000e+01 6.445039635406075718e-01
5.710000000000000142e+01 7.278608772355638079e-01
5.720000000000000284e+01 8.584155907614334780e-01
5.730000000000000426e+01 5.795644927527395796e-01
5.740000000000000568e+01 6.934052053046548814e-01
5.750000000000000000e+01 6.434515109887745110e-01
5.760000000000000142e+01 1.186247389161247057e+00
5.770000000000000284e+01 7.337976727709396574e-01
5.780000000000000426e+01 7.842088914073606087e-01
5.790000000000000568e+01 6.327588702748553340e-01
5.800000000000000000e+01 3.432302269986899912e-01
5.810000000000000142e+01 5.626313353058353117e-01
5.820000000000000284e+01 8.476245923207919031e-01
5.830000000000000426e+01 7.196273046649095395e-01
5.840000000000000568e+01 2.791596347091511721e-01
5.850000000000000000e+01 4.116185921140232962e-01
5.860000000000000142e+01 6.093800749753469637e-01
5.870000000000000284e+01 5.655908505615359072e-01
5.880000000000000426e+01 5.277027643060636652e-01
5.890000000000000568e+01 5.214515856175595543e-01
5.900000000000000000e+01 5.975624224341146151e-01
5.910000000000000142e+01 9.347484186151950869e-01
5.920000000000000284e+01 5.098620753644813597e-01
5.930000000000000426e+01 7.041398462737952224e-01
5.940000000000000568e+01 1.236389209041885540e+00
5.950000000000000000e+01 8.586063925611735481e-01
5.960000000000000142e+01 8.877126642669337375e-01
5.970000000000000284e+01 1.566006925006425909e+00
5.980000000000000426e+01 2.376014562097234606e+00
5.990000000000000568e+01 2.087611161955512440e+00
6.000000000000000000e+01 1.368276449862863453e+00
6.010000000000000142e+01 1.087706731532148030e+00
6.020000000000000284e+01 6.791841892064345299e-01
6.030000000000000426e+01 7.818843957417719315e-01
6.040000000000000568e+01 1.051005812516778937e+00
6.050000000000000000e+01 8.359743256280671719e-01
6.060000000000000142e+01 6.256404083037034880e-01
6.070000000000000284e+01 5.862378052903102210e-01
6.080000000000000426e+01 5.661623454121218479e-01
6.090000000000000568e+01 1.143143248693737402e+00
6.100000000000000000e+01 1.373363575873645104e+00
6.110000000000000142e+01 9.559450736271760674e-01
6.120000000000000284e+01 8.984494325796147374e-01
6.130000000000000426e+01 1.208076513488813619e+00
6.140000000000000568e+01 2.036732997056622807e+00
6.150000000000000000e+01 8.297489746497921370e-01
6.160000000000000142e+01 6.616185163706250760e-01
6.170000000000000284e+01 6.189087128865004006e-01
6.180000000000000426e+01 1.070156446135533068e+00
6.190000000000000568e+01 1.127440571593795848e+00
6.200000000000000000e+01 1.687806228359928440e+00
6.210000000000000142e+01 9.492416042900525541e-01
6.220000000000000284e+01 7.403869221453642790e-01
6.230000000000000426e+01 6.785995939053455217e-01
6.240000000000000568e+01 1.604998306868500091e+00
6.250000000000000000e+01 1.057278807916717689e+00
6.260000000000000142e+01 8.720737033755592282e-01
6.270000000000000284e+01 5.901201926364179062e-01
6.280000000000000426e+01 8.492365847250752386e-01
6.290000000000000568e+01 7.221551156176415631e-01
6.300000000000000000e+01 8.322489238814191337e-01
6.310000000000000142e+01 5.804224871109278094e-01
6.320000000000000284e+01 9.742969577263671521e-01
6.330000000000000426e+01 8.586264653316367790e-01
6.340000000000000568e+01 6.069875266848545614e-01
6.350000000000000000e+01 1.359634035039901434e+00
6.360000000000000142e+01 9.190608020863971772e-01
6.370000000000000284e+01 9.641752028817591746e-01
6.380000000000000426e+01 1.058943318330950678e+00
6.390000000000000568e+01 9.985799949247187168e-01
6.400000000000000000e+01 1.141899219920869291e+00
6.410000000000000853e+01 1.160225959014229202e+00
6.420000000000000284e+01 1.113903165326768807e+00
6.429999999999999716e+01 1.437700525351851777e+00
6.440000000000000568e+01 1.252948292190017687e+00
6.450000000000000000e+01 1.740403561239279639e+00
6.460000000000000853e+01 1.573965700635931775e+00
6.470000000000000284e+01 1.258030257128529783e+00
6.479999999999999716e+01 1.118698973327884039e+00
6.490000000000000568e+01 1.024203543694909069e+00
6.500000000000000000e+01 5.719669802775536604e-01
6.510000000000000853e+01 9.777139891575619135e-01
6.520000000000000284e+01 7.675070379452648694e-01
6.529999999999999716e+01 1.050744391591098115e+00
6.540000000000000568e+01 1.440052972492545269e+00
6.550000000000000000e+01 1.134032540852057513e+00
6.560000000000000853e+01 7.665882586518737440e-01
6.570000000000000284e+01 1.029325842939993629e+00
6.579999999999999716e+01 1.215289775533051175e+00
6.590000000000000568e+01 1.512311312017292630e+00
6.600000000000000000e+01 1.995911590908871158e+00
6.610000000000000853e+01 1.867510885807645682e+00
6.620000000000000284e+01 2.176277834542689860e+00
6.629999999999999716e+01 1.905765964699747794e+00
6.640000000000000568e+01 1.514772118585153704e+00
6.650000000000000000e+01 1.891150320228633719e+00
6.660000000000000853e+01 2.229443512284800200e+00
6.670000000000000284e+01 1.828155774126329680e+00
6.679999999999999716e+01 2.705512419539167546e+00
6.690000000000000568e+01 2.223094634723789209e+00
6.700000000000000000e+01 1.234984434058193470e+00
6.710000000000000853e+01 9.557460802196493521e-01
6.720000000000000284e+01 8.438039680088863514e-01
6.729999999999999716e+01 6.104915044384965350e-01
6.740000000000000568e+01 6.807025307523745239e-01
6.750000000000000000e+01 5.934767554167001968e-01
6.760000000000000853e+01 7.088092987178715720e-01
6.770000000000000284e+01 7.273053749346495289e-01
6.779999999999999716e+01 5.796548789435013171e-01
6.790000000000000568e+01 1.151080481614676909e+00
6.800000000000000000e+01 1.105781575542670314e+00
6.810000000000000853e+01 7.034457844918650116e-01
6.820000000000000284e+01 1.240593845298108677e+00
6.829999999999999716e+01 2.344941825848094741e+00
6.840000000000000568e+01 8.406042797440119729e-01
6.850000000000000000e+01 7.091637743960548246e-01
6.860000000000000853e+01 5.256900807865609870e-01
6.870000000000000284e+01 1.028259646165678109e+00
6.879999999999999716e+01 6.596525761350685579e-01
6.890000000000000568e+01 1.117745617591846097e+00
6.900000000000000000e+01 1.443723180463139633e+00
6.910000000000000853e+01 1.699296924842811807e+00
6.920000000000000284e+01 1.054030030972440191e+00
6.929999999999999716e+01 8.588829283121622860e-01
6.940000000000000568e+01 5.945187730672945037e-01
6.950000000000000000e+01 6.664721285221957281e-01
6.960000000000000853e+01 7.426568432387046226e-01
6.970000000000000284e+01 5.838292398009027329e-01
6.979999999999999716e+01 6.484690678438841394e-01
6.990000000000000568e+01 1.009005449615700156e+00
7.000000000000000000e+01 5.685434952994832258e-01
7.010000000000000853e+01 6.968348223492678573e-01
7.020000000000000284e+01 4.164983329676655299e-01
7.029999999999999716e+01 6.819994832826953290e-01
7.040000000000000568e+01 6.227750558889616483e-01
7.050000000000000000e+01 8.660226755818766220e-01
7.060000000000000853e+01 8.369702138104364586e-01
7.070000000000000284e+01 9.333060132154797905e-01
7.079999999999999716e+01 8.703160684379434020e-01
7.090000000000000568e+01 1.215093253131118489e+00
7.100000000000000000e+01 1.024374212671075757e+00
7.110000000000000853e+01 1.439388905549472408e+00
7.120000000000000284e+01 1.597730566766572879e+00
7.129999999999999716e+01 1.284272011194569352e+00
7.140000000000000568e+01 1.261913414669773470e+00
7.150000000000000000e+01 1.500103447359114384e+00
7.160000000000000853e+01 9.026663261033719410e-01
7.170000000000000284e+01 9.334998446518537607e-01
7.179999999999999716e+01 8.925587479407932623e-01
7.190000000000000568e+01 1.146700925837959018e+00
7.200000000000000000e+01 1.974512407129594305e+00
7.210000000000000853e+01 9.866612386600291940e-01
7.220000000000000284e+01 7.425203118869807550e-01
7.229999999999999716e+01 1.002538401123770351e+00
7.240000000000000568e+01 1.492524025894879092e+00
7.250000000000000000e+01 1.095785657642115885e+00
7.260000000000000853e+01 6.323526353741997230e-01
7.270000000000000284e+01 5.928425287765984875e-01
7.279999999999999716e+01 8.468074422440348137e-01
7.290000000000000568e+01 9.830469023628967129e-01
7.300000000000000000e+01 4.847365471364818434e-01
7.310000000000000853e+01 7.554907403765853680e-01
7.320000000000000284e+01 4.295499463971965137e-01
7.329999999999999716e+01 4.287281802040271983e-01
7.340000000000000568e+01 5.054174035039372681e-01
7.350000000000000000e+01 4.324192608091913526e-01
7.360000000000000853e+01 3.048704226828792829e-01
7.370000000000000284e+01 4.338727574116045260e-01
7.379999999999999716e+01 3.741594254919491935e-01
7.390000000000000568e+01 4.754794701668625390e-01
7.400000000000000000e+01 8.207699471825872228e-01
7.410000000000000853e+01 9.406740958505104278e-01
7.420000000000000284e+01 6.761483212217914707e-01
7.429999999999999716e+01 1.076812877738674512e+00
7.440000000000000568e+01 8.623923488634416268e-01
7.450000000000000000e+01 9.536231574588609483e-01
7.460000000000000853e+01 1.187592871388702065e+00
7.470000000000000284e+01 2.513896710493071840e+00
7.479999999999999716e+01 8.482878835363381054e-01
7.490000000000000568e+01 5.925676766005437690e-01
7.500000000000000000e+01 1.173181146528047503e+00
7.510000000000000853e+01 1.068735594383413368e+00
7.520000000000000284e+01 6.732706609046271717e-01
7.529999999999999716e+01 9.148781997662575050e-01
7.540000000000000568e+01 5.884952442523657679e-01
7.550000000000000000e+01 7.661111941498790490e-01
7.560000000000000853e+01 6.227024070351403484e-01
7.570000000000000284e+01 1.034678891099395814e+00
7.579999999999999716e+01 6.683352788475734885e-01
7.590000000000000568e+01 6.149617150399935284e-01
7.600000000000000000e+01 5.217341152437469098e-01
7.610000000000000853e+01 1.032754810084668851e+00
7.620000000000000284e+01 8.263154209054508481e-01
7.629999999999999716e+01 9.370635913450905408e-01
7.640000000000000568e+01 8.097150829634086611e-01
7.650000000000000000e+01 6.462631166921333215e-01
7.660000000000000853e+01 7.569558947978010099e-01
7.670000000000000284e+01 1.390492580052232308e+00
7.680000000000001137e+01 4.969255050935845741e-01
7.690000000000000568e+01 5.111455238587557792e-01
7.700000000000000000e+01 4.950611367613496072e-01
7.710000000000000853e+01 6.104864078676852657e-01
7.720000000000000284e+01 6.694131799133058447e-01
7.730000000000001137e+01 4.776852460187531735e-01
7.740000000000000568e+01 4.447410540385998701e-01
7.750000000000000000e+01 5.793130812037170507e-01
7.760000000000000853e+01 6.305571991830488665e-01
7.770000000000000284e+01 6.936598754765194164e-01
7.780000000000001137e+01 4.232352345324745246e-01
7.790000000000000568e+01 2.519759657089792326e-01
7.800000000000000000e+01 1.771054797948809212e-01
7.810000000000000853e+01 2.414573166708991192e-01
7.820000000000000284e+01 1.975303773564372756e-01
7.830000000000001137e+01 5.115787108089622226e-01
7.840000000000000568e+01 2.809082778769147470e-01
7.850000000000000000e+01 5.392309962533829992e-01
7.860000000000000853e+01 2.674312785587174002e-01
7.870000000000000284e+01 3.338205239625148812e-01
7.880000000000001137e+01 7.506223783647495429e-01
7.890000000000000568e+01 9.033115435250113068e-01
7.900000000000000000e+01 6.841594168190475722e-01
7.910000000000000853e+01 7.601094102225317561e-01
7.920000000000000284e+01 5.846637564254265618e-01
7.930000000000001137e+01 4.747975881210103610e-01
7.940000000000000568e+01 6.146088624220830132e-01
7.950000000000000000e+01 4.767057471153600123e-01
7.960000000000000853e+01 8.556137737355572481e-01
7.970000000000000284e+01 1.016036211499194319e+00
7.980000000000001137e+01 6.212661176107655558e-01
7.990000000000000568e+01 4.589233151488067985e-01
8.000000000000000000e+01 4.703415063784638916e-01
8.010000000000000853e+01 3.591504556490348055e-01
8.020000000000000284e+01 3.146388661524224806e-01
8.030000000000001137e+01 7.269602071517899944e-01
8.040000000000000568e+01 6.674725008482252919e-01
8.050000000000000000e+01 8.854678973574544587e-01
8.060000000000000853e+01 6.457029254426213116e-01
8.070000000000000284e+01 5.127480034496145755e-01
8.080000000000001137e+01 4.597990963842600864e-01
8.090000000000000568e+01 5.346591451000396455e-01
8.100000000000000000e+01 6.695354134977330451e-01
8.110000000000000853e+01 1.293502837023799534e+00
8.120000000000000284e+01 1.122417955048446991e+00
8.130000000000001137e+01 6.697741861381618644e-01
8.140000000000000568e+01 7.678587248662173126e-01
8.150000000000000000e+01 1.380695714504093008e+00
8.160000000000000853e+01 1.569252326415524257e+00
8.170000000000000284e+01 1.654912497123436133e+00
8.180000000000001137e+01 2.380393328836690969e+00
8.190000000000000568e+01 1.311245972921675884e+00
8.200000000000000000e+01 9.563563270944747119e-01
8.210000000000000853e+01 1.124390326177677313e+00
8.220000000000000284e+01 9.145914500530637481e-01
8.230000000000001137e+01 9.459171463396901514e-01
8.240000000000000568e+01 8.061587176022577683e-01
8.250000000000000000e+01 8.285856478680442283e-01
8.260000000000000853e+01 9.100347980877402376e-01
8.270000000000000284e+01 7.798707398505967392e-01
8.280000000000001137e+01 7.269720241738387712e-01
8.290000000000000568e+01 5.276065603501650658e-01
8.300000000000000000e+01 9.795681063321154403e-01
8.310000000000000853e+01 9.133899652580679263e-01
8.320000000000000284e+01 1.125833989430586435e+00
8.330000000000001137e+01 9.096162343890542568e-01
8.340000000000000568e+01 8.368007042880634128e-01
8.350000000000000000e+01 9.398121762039829408e-01
8.360000000000000853e+01 8.155046083327257556e-01
8.370000000000000284e+01 1.210219957345195274e+00
8.380000000000001137e+01 9.035546178712549059e-01
8.390000000000000568e+01 1.152568812731434855e+00
8.400000000000000000e+01 1.055460573290883719e+00
8.410000000000000853e+01 5.037515495445511471e-01
8.420000000000000284e+01 6.820793758839066578e-01
8.430000000000001137e+01 7.030282932971707588e-01
8.440000000000000568e+01 7.794971130063440556e-01
8.450000000000000000e+01 7.496010007636391137e-01
8.460000000000000853e+01 1.246566403715475557e+00
8.470000000000000284e+01 1.060156006261793404e+00
8.480000000000001137e+01 7.790490949570978430e-01
8.490000000000000568e+01 5.510967428205483243e-01
8.500000000000000000e+01 9.007108776789941595e-01
8.510000000000000853e+01 1.264870885563651237e+00
8.520000000000000284e+01 1.089414546758912694e+00
8.530000000000001137e+01 9.345128328836905807e-01
8.540000000000000568e+01 1.074157689213308897e+00
8.550000000000000000e+01 1.243056572840887553e+00
8.560000000000000853e+01 8.661478050991266997e-01
8.570000000000000284e+01 6.766002836208993010e-01
8.580000000000001137e+01 6.572579204191992819e-01
8.590000000000000568e+01 7.302498824245070574e-01
8.600000000000000000e+01 5.927722411236773237e-01
8.610000000000000853e+01 7.776822952387407728e-01
8.620000000000000284e+01 7.127183504761209765e-01
8.630000000000001137e+01 7.414959737620628877e-01
8.640000000000000568e+01 1.028229310069733726e+00
8.650000000000000000e+01 1.677216932746086631e+00
8.660000000000000853e+01 2.100997529609671677e+00
8.670000000000000284e+01 1.202095350745508107e+00
8.680000000000001137e+01 1.313399088982289298e+00
8.690000000000000568e+01 1.044802595074540763e+00
8.700000000000000000e+01 1.361086534189159369e+00
8.710000000000000853e+01 9.340483045767123960e-01
8.720000000000000284e+01 1.339815897940471290e+00
8.730000000000001137e+01 1.493960152036607480e+00
8.740000000000000568e+01 1.980809649517434989e+00
8.750000000000000000e+01 1.040254343302619677e+00
8.760000000000000853e+01 1.617904438848418724e+00
8.770000000000000284e+01 2.158276690879611159e+00
8.780000000000001137e+01 1.766469626934835668e+00
8.790000000000000568e+01 1.684091581716884889e+00
8.800000000000000000e+01 1.613542476129599779e+00
8.810000000000000853e+01 1.090858496647847842e+00
8.820000000000000284e+01 1.057679808812292066e+00
8.830000000000001137e+01 1.248502084258714895e+00
8.840000000000000568e+01 1.800078146431570492e+00
8.850000000000000000e+01 1.008975705959627378e+00
8.860000000000000853e+01 7.152563675161033308e-01
8.870000000000000284e+01 8.000546184216088541e-01
8.880000000000001137e+01 8.523410871498466879e-01
8.890000000000000568e+01 1.370013920429388410e+00
8.900000000000000000e+01 1.223680422116430577e+00
8.910000000000000853e+01 8.314950380007936070e-01
8.920000000000000284e+01 1.475487488731573427e+00
8.930000000000001137e+01 1.106867961412546286e+00
8.940000000000000568e+01 6.578448332880113547e-01
8.950000000000000000e+01 7.798987814305056165e-01
8.960000000000000853e+01 1.210373476024078299e+00
8.970000000000000284e+01 1.612309476151730703e+00
8.980000000000001137e+01 1.828194419923749869e+00
8.990000000000000568e+01 1.318030421722789169e+00
9.000000000000000000e+01 1.362560076552404187e+00
9.010000000000000853e+01 1.669041668139783496e+00
9.020000000000000284e+01 1.396447050497545916e+00
9.030000000000001137e+01 9.487811562747013872e-01
9.040000000000000568e+01 1.240472303783009655e+00
9.050000000000000000e+01 1.179866156823968781e+00
9.060000000000000853e+01 1.047871700510978554e+00
9.070000000000000284e+01 1.148275276465822170e+00
9.080000000000001137e+01 9.401687792881308070e-01
9.090000000000000568e+01 8.806752325877451604e-01
9.100000000000000000e+01 1.280505359550411892e+00
9.110000000000000853e+01 2.167738623132074771e+00
9.120000000000000284e+01 1.247989706594562875e+00
9.130000000000001137e+01 6.336437595905338727e-01
9.140000000000000568e+01 7.741818896351027046e-01
9.150000000000000000e+01 1.411214863691929722e+00
9.160000000000000853e+01 1.124257094217472552e+00
9.170000000000000284e+01 1.455056368139319378e+00
9.180000000000001137e+01 6.972104419620961391e-01
9.190000000000000568e+01 7.391211589067990806e-01
9.200000000000000000e+01 9.088447952656197870e-01
9.210000000000000853e+01 1.418539018351613779e+00
9.220000000000000284e+01 1.268816206596925067e+00
9.230000000000001137e+01 1.712245043418780144e+00
9.240000000000000568e+01 2.033974849396206874e+00
9.250000000000000000e+01 1.208636300419451137e+00
9.260000000000000853e+01 1.632764454529163300e+00
9.270000000000000284e+01 1.197535845614110084e+00
9.280000000000001137e+01 1.144987067067794184e+00
9.290000000000000568e+01 1.273967486144221617e+00
9.300000000000000000e+01 8.755818726235427008e-01
9.310000000000000853e+01 7.046755157979731621e-01
9.320000000000000284e+01 1.085035207531103607e+00
9.330000000000001137e+01 7.190344118367563153e-01
9.340000000000000568e+01 6.202401695311947627e-01
9.350000000000000000e+01 6.399339171704376827e-01
9.360000000000000853e+01 1.380203253488180959e+00
9.370000000000000284e+01 1.088673934042852176e+00
9.380000000000001137e+01 1.006341765883987049e+00
9.390000000000000568e+01 9.781171277077748138e-01
9.400000000000000000e+01 7.508360829975246897e-01
9.410000000000000853e+01 7.144594792945053729e-01
9.420000000000000284e+01 6.495124983625523152e-01
9.430000000000001137e+01 1.004736195321224157e+00
9.440000000000000568e+01 1.214833181221068648e+00
9.450000000000000000e+01 9.461224238065955028e-01
9.460000000000000853e+01 9.121331348878334300e-01
9.470000000000000284e+01 1.187181874652820879e+00
9.480000000000001137e+01 2.507760545920586726e+00
9.490000000000000568e+01 1.957536385507409937e+00
9.500000000000000000e+01 1.986961474947867901e+00
9.510000000000000853e+01 1.706260592854247138e+00
9.520000000000000284e+01 1.459437609050627360e+00
9.530000000000001137e+01 1.844836329267087294e+00
9.540000000000000568e+01 1.033892859573748657e+00
9.550000000000000000e+01 1.075173680726723147e+00
9.560000000000000853e+01 1.337370162812523189e+00
9.570000000000000284e+01 1.417078465733522696e+00
9.580000000000001137e+01 1.447224361943219018e+00
9.590000000000000568e+01 1.493381416983285748e+00
9.600000000000000000e+01 2.594898709247154933e+00
9.610000000000000853e+01 1.852421357377251665e+00
9.620000000000000284e+01 1.976316109174427460e+00
9.630000000000001137e+01 1.617485173769795503e+00
9.640000000000000568e+01 2.810910741822154613e+00
9.650000000000000000e+01 2.054977554379610272e+00
9.660000000000000853e+01 2.438888107475443601e+00
9.670000000000000284e+01 1.528773465517317298e+00
9.680000000000001137e+01 1.063982169182404958e+00
9.690000000000000568e+01 2.296838233974155319e+00
9.700000000000000000e+01 1.889132439001266039e+00
9.710000000000000853e+01 2.190063802830738204e+00
9.720000000000000284e+01 1.595721961967974112e+00
9.730000000000001137e+01 1.462242253116807555e+00
9.740000000000000568e+01 1.431406438759077915e+00
9.750000000000000000e+01 1.637053969646212526e+00
9.760000000000000853e+01 2.306026806130716977e+00
9.770000000000000284e+01 2.563957220384991409e+00
9.780000000000001137e+01 1.873893085151669302e+00
9.790000000000000568e+01 2.093495282666962165e+00
9.800000000000000000e+01 2.326882580598205852e+00
9.810000000000000853e+01 3.064755133291013234e+00
9.820000000000000284e+01 4.038552310786596600e+00
9.830000000000001137e+01 3.185796780498582947e+00
9.840000000000000568e+01 3.189335324928794790e+00
9.850000000000000000e+01 3.065821658997170296e+00
9.860000000000000853e+01 2.832553361249458668e+00
9.870000000000000284e+01 3.146833792271451991e+00
9.880000000000001137e+01 3.824423603848753128e+00
9.890000000000000568e+01 4.097350130269145296e+00
9.900000000000000000e+01 2.965322913014566630e+00
9.910000000000000853e+01 2.918948528944887322e+00
9.920000000000000284e+01 3.546165107446141551e+00
9.930000000000001137e+01 3.695328806410635547e+00
9.940000000000000568e+01 4.183333864016119286e+00
9.950000000000000000e+01 2.987134885337542567e+00
9.960000000000000853e+01 2.188045064505721005e+00
9.970000000000000284e+01 2.732629196800098637e+00
9.980000000000001137e+01 1.942576106866192420e+00
9.990000000000000568e+01 2.601509275611334715e+00
