0.000000000000000000e+00 1.121360951437765152e+00
1.000000000000000056e-01 6.852183637747889522e-01
2.000000000000000111e-01 6.638088666884169875e-01
3.000000000000000444e-01 3.783779041336204352e-01
4.000000000000000222e-01 6.122962380550236450e-01
5.000000000000000000e-01 1.856569962214493330e+00
6.000000000000000888e-01 1.622993155752627370e+00
7.000000000000000666e-01 2.793280347996358159e+00
8.000000000000000444e-01 3.241586917057646566e+00
9.000000000000000222e-01 2.323214952269196054e+00
1.000000000000000000e+00 1.539073088991547378e+00
1.100000000000000089e+00 1.914878334168188756e+00
1.200000000000000178e+00 4.796379460469434974e+00
1.300000000000000044e+00 2.911325210727326862e+00
1.400000000000000133e+00 3.905825363382347870e+00
1.500000000000000000e+00 5.286758576090921480e+00
1.600000000000000089e+00 5.317759630593434039e+00
1.700000000000000178e+00 6.680162853339688844e+00
1.800000000000000044e+00 9.902562916181526731e+00
1.900000000000000133e+00 7.219036747474459226e+00
2.000000000000000000e+00 6.767850511091810795e+00
2.100000000000000089e+00 4.364633277165292036e+00
2.200000000000000178e+00 2.452377689168081520e+00
2.300000000000000266e+00 2.250310352778699396e+00
2.400000000000000355e+00 3.983663078724380746e+00
2.500000000000000000e+00 5.684706342380808408e+00
2.600000000000000089e+00 7.100558249975386538e+00
2.700000000000000178e+00 5.645445199298112726e+00
2.800000000000000266e+00 5.886481304898063094e+00
2.900000000000000355e+00 5.152020082830945924e+00
3.000000000000000000e+00 2.477368026778359766e+00
3.100000000000000089e+00 8.951476408296671350e-01
3.200000000000000178e+00 1.043628426705766277e+00
3.300000000000000266e+00 6.081983708751171891e-01
3.400000000000000355e+00 1.557478307765982839e+00
3.500000000000000000e+00 1.628611698637638217e+00
3.600000000000000089e+00 2.008111378045674744e+00
3.700000000000000178e+00 1.881315937690233309e+00
3.800000000000000266e+00 2.944865159566171453e+00
3.900000000000000355e+00 1.956094792011741745e+00
4.000000000000000000e+00 2.952015129522910009e+00
4.100000000000000533e+00 2.426614682751460084e+00
4.200000000000000178e+00 1.477275619955922270e+00
4.299999999999999822e+00 4.414190619425943041e+00
4.400000000000000355e+00 3.511475294579240902e+00
4.500000000000000000e+00 1.091612462674494965e+00
4.600000000000000533e+00 5.066271394849647391e-01
4.700000000000000178e+00 1.938472328485518759e+00
4.800000000000000711e+00 1.110979306191763438e+00
4.900000000000000355e+00 3.877582877273576534e-01
5.000000000000000000e+00 1.711690173517780078e+00
5.100000000000000533e+00 6.183327059680991944e-01
5.200000000000000178e+00 2.144422961142191386e-01
5.300000000000000711e+00 5.498162791053499143e-01
5.400000000000000355e+00 1.122460189237083572e+00
5.500000000000000000e+00 5.746627838449377412e-01
5.600000000000000533e+00 9.001856825019592945e-01
5.700000000000000178e+00 2.719391458833261055e+00
5.800000000000000711e+00 3.136730687448588739e+00
5.900000000000000355e+00 1.673149589388618352e+00
6.000000000000000000e+00 1.886127511536445089e+00
6.100000000000000533e+00 1.948170368831087185e+00
6.200000000000000178e+00 1.524486608632697804e+00
6.300000000000000711e+00 9.296338218520814323e-01
6.400000000000000355e+00 2.904179561345849314e-01
6.500000000000000000e+00 7.418972912280736853e-01
6.600000000000000533e+00 9.442587025020817704e-01
6.700000000000000178e+00 1.094255363451706931e+00
6.800000000000000711e+00 5.208180448886473579e-01
6.900000000000000355e+00 4.065008071513406818e-01
7.000000000000000000e+00 6.755210163244451671e-01
7.100000000000000533e+00 5.104523475537757760e-01
7.200000000000000178e+00 6.913839982199411205e-01
7.300000000000000711e+00 4.482776699275802801e-01
7.400000000000000355e+00 1.189972259708802493e+00
7.500000000000000000e+00 4.457616058811448290e-01
7.600000000000000533e+00 8.144172396687452409e-01
7.700000000000000178e+00 1.249355265645777591e+00
7.800000000000000711e+00 2.359665822276891589e+00
7.900000000000000355e+00 4.824545971638070085e-01
8.000000000000000000e+00 6.665297905456997185e-01
8.099999999999999645e+00 4.808107787435905167e-01
8.200000000000001066e+00 2.480294726516496517e+00
8.300000000000000711e+00 5.215080110127292556e-01
8.400000000000000355e+00 5.079674471054028695e-01
8.500000000000000000e+00 6.683048380250330434e-01
8.599999999999999645e+00 1.118788054129144838e+00
8.700000000000001066e+00 1.409400803504186284e+00
8.800000000000000711e+00 2.287085504455465212e+00
8.900000000000000355e+00 3.925942442993311854e+00
9.000000000000000000e+00 2.639269528069843496e+00
9.099999999999999645e+00 3.576449533700863714e+00
9.200000000000001066e+00 3.251785952645516620e+00
9.300000000000000711e+00 9.819687137623198669e-01
9.400000000000000355e+00 4.042793986312178678e-01
9.500000000000000000e+00 4.852994907961810656e-01
9.600000000000001421e+00 7.489712237572777598e-01
9.700000000000001066e+00 1.465003951462609866e+00
9.800000000000000711e+00 1.104613217944054870e+00
9.900000000000000355e+00 8.867634174729041030e-01
1.000000000000000000e+01 1.149917125939400542e+00
1.010000000000000142e+01 1.342815779558112155e+00
1.020000000000000107e+01 1.450875023999852687e+00
1.030000000000000071e+01 5.057146980717620588e-01
1.040000000000000036e+01 6.400873924577460405e-01
1.050000000000000000e+01 1.296177481911607865e+00
1.060000000000000142e+01 7.002354186969990124e-01
1.070000000000000107e+01 5.284711427821734420e-01
1.080000000000000071e+01 3.408565812464999789e-01
1.090000000000000036e+01 7.170828442398844427e-01
1.100000000000000000e+01 5.373384991926487553e-01
1.110000000000000142e+01 1.223475649511178709e+00
1.120000000000000107e+01 1.553927798872134058e+00
1.130000000000000071e+01 2.260807265501603436e-01
1.140000000000000036e+01 2.000002817992724558e-01
1.150000000000000000e+01 6.188110065276801741e-01
1.160000000000000142e+01 1.675387074344278249e+00
1.170000000000000107e+01 5.297814566101244349e-01
1.180000000000000071e+01 1.569879422901881982e+00
1.190000000000000036e+01 2.552742963980234148e+00
1.200000000000000000e+01 3.898699245908704647e+00
1.210000000000000142e+01 1.185210934664340687e+00
1.220000000000000107e+01 1.100795639592865749e+00
1.230000000000000071e+01 1.838078525010568010e-01
1.240000000000000036e+01 7.574500589812790396e-01
1.250000000000000000e+01 4.755567987700360377e-01
1.260000000000000142e+01 2.959006921687012404e-01
1.270000000000000107e+01 4.377390612044671503e-01
1.280000000000000071e+01 5.513364135647391695e-01
1.290000000000000036e+01 3.830479948868246165e-01
1.300000000000000000e+01 2.241442955397410230e-01
1.310000000000000142e+01 4.205121319503159483e-01
1.320000000000000107e+01 1.503978590645708158e+00
1.330000000000000071e+01 7.376798845460749154e-01
1.340000000000000036e+01 5.707662587947610611e-01
1.350000000000000000e+01 3.501822545649942775e+00
1.360000000000000142e+01 1.057317899932765481e+00
1.370000000000000107e+01 1.775978965218240502e+00
1.380000000000000071e+01 1.255185247207060151e+00
1.390000000000000036e+01 2.056915869895789228e+00
1.400000000000000000e+01 1.592425466123527533e+00
1.410000000000000142e+01 1.018031975216728391e+00
1.420000000000000107e+01 9.699143436706869625e-01
1.430000000000000071e+01 1.233803170879096189e+00
1.440000000000000036e+01 1.098035100731769909e+00
1.450000000000000000e+01 2.231916935873242913e+00
1.460000000000000142e+01 2.923774163077880406e+00
1.470000000000000107e+01 3.605843476400906411e+00
1.480000000000000071e+01 4.787541204307845355e+00
1.490000000000000036e+01 2.337148308869827940e+00
1.500000000000000000e+01 4.550684716500828841e+00
1.510000000000000142e+01 1.757202310764494069e+00
1.520000000000000107e+01 1.150027802463493121e+00
1.530000000000000071e+01 1.142195770702068014e+00
1.540000000000000036e+01 2.616258287365105684e+00
1.550000000000000000e+01 8.947592477394228361e-01
1.560000000000000142e+01 9.595536749430866319e-01
1.570000000000000107e+01 1.313730236349778924e+00
1.580000000000000071e+01 7.675670803591375657e-01
1.590000000000000036e+01 1.042778794607646331e+00
1.600000000000000000e+01 6.221828293442465352e+00
1.610000000000000142e+01 6.980253194476264689e-01
1.619999999999999929e+01 8.143452415068315187e-01
1.630000000000000071e+01 4.603932277997457856e-01
1.640000000000000213e+01 3.534525715294412063e-01
1.650000000000000000e+01 9.134505698552245478e-01
1.660000000000000142e+01 9.735003998741431630e-01
1.669999999999999929e+01 5.384897816367734125e-01
1.680000000000000071e+01 5.582661779837251315e-01
1.690000000000000213e+01 1.263954013898314965e+00
1.700000000000000000e+01 1.047567283914947911e+00
1.710000000000000142e+01 2.629105150415659287e-01
1.719999999999999929e+01 3.243844641420481900e-01
1.730000000000000071e+01 2.907700673204159925e-01
1.740000000000000213e+01 4.169322679251594166e-01
1.750000000000000000e+01 3.878487702374992518e-01
1.760000000000000142e+01 1.162734394770397639e+00
1.769999999999999929e+01 9.088785606059905930e-01
1.780000000000000071e+01 3.998698554646955561e-01
1.790000000000000213e+01 1.018091997354181100e+00
1.800000000000000000e+01 5.637548235310657629e-01
1.810000000000000142e+01 3.190792351776243208e-01
1.819999999999999929e+01 1.352534647482670216e-01
1.830000000000000071e+01 3.570808487053271918e-01
1.840000000000000213e+01 3.514622639262320325e-01
1.850000000000000000e+01 1.977946051473648270e-01
1.860000000000000142e+01 5.222899289407112455e-01
1.869999999999999929e+01 5.289731084088310498e-01
1.880000000000000071e+01 3.781779109649301973e-01
1.890000000000000213e+01 6.349188729497266814e-02
1.900000000000000000e+01 2.140439047176439791e-01
1.910000000000000142e+01 2.265603927859040079e-01
1.920000000000000284e+01 1.785973290863554219e-01
1.930000000000000071e+01 2.763500610373810784e-01
1.940000000000000213e+01 3.957173495071571456e-01
1.950000000000000000e+01 4.216364520536664551e-01
1.960000000000000142e+01 2.230188056591006607e+00
1.970000000000000284e+01 3.165540194680272479e-01
1.980000000000000071e+01 4.811640228461003810e-01
1.990000000000000213e+01 6.437483687402959509e-01
2.000000000000000000e+01 1.565962459947267460e+00
2.010000000000000142e+01 1.153814741296075308e+00
2.020000000000000284e+01 4.929622866564301042e-01
2.030000000000000071e+01 5.192930310618577572e-01
2.040000000000000213e+01 2.114152090357820923e-01
2.050000000000000000e+01 2.272483693328135601e-01
2.060000000000000142e+01 3.837215014054296547e-01
2.070000000000000284e+01 4.401775713199177487e-01
2.080000000000000071e+01 4.859052370962085310e-01
2.090000000000000213e+01 4.855787696385356900e-01
2.100000000000000000e+01 2.321569414131472442e-01
2.110000000000000142e+01 1.882455696239490606e-01
2.120000000000000284e+01 2.212211326223625929e-01
2.130000000000000071e+01 1.222752892809630509e+00
2.140000000000000213e+01 1.910409160006939222e-01
2.150000000000000000e+01 1.791280637497587036e-01
2.160000000000000142e+01 3.130109198484881117e-01
2.170000000000000284e+01 1.210665531811122353e+00
2.180000000000000071e+01 9.559246445943931914e-01
2.190000000000000213e+01 5.757587000658710430e-01
2.200000000000000000e+01 5.677822158268935882e-01
2.210000000000000142e+01 4.948359717193753782e-01
2.220000000000000284e+01 3.271462265278234360e-01
2.230000000000000071e+01 3.914259205024248622e-01
2.240000000000000213e+01 2.433101292535194138e-01
2.250000000000000000e+01 2.405604230359813522e-01
2.260000000000000142e+01 2.554467517646617503e-01
2.270000000000000284e+01 1.426793704898910164e-01
2.280000000000000071e+01 1.661601334124729046e-01
2.290000000000000213e+01 4.984335128028000717e-01
2.300000000000000000e+01 1.427371680572662171e+00
2.310000000000000142e+01 1.579776831163216544e+00
2.320000000000000284e+01 2.254327496855285939e-01
2.330000000000000071e+01 3.436747643515997153e-01
2.340000000000000213e+01 5.024106219489208325e-01
2.350000000000000000e+01 3.575039894472514801e-01
2.360000000000000142e+01 4.402408823344634015e-01
2.370000000000000284e+01 6.087747620677376181e-01
2.380000000000000071e+01 6.395221511353877952e-01
2.390000000000000213e+01 1.295163843982129803e+00
2.400000000000000000e+01 1.239489619607719417e+00
2.410000000000000142e+01 8.274016938641229890e-01
2.420000000000000284e+01 1.007568954376654169e+00
2.430000000000000071e+01 3.009297414839014473e-01
2.440000000000000213e+01 7.151948875155031415e-02
2.450000000000000000e+01 8.692280740615068169e-01
2.460000000000000142e+01 5.178634576192825412e-01
2.470000000000000284e+01 7.843080948588561085e-01
2.480000000000000071e+01 1.664571092531538787e-01
2.490000000000000213e+01 7.372049373469120592e-01
2.500000000000000000e+01 1.997407157569731861e+00
2.510000000000000142e+01 9.138309837920671752e-01
2.520000000000000284e+01 9.971620062638513193e-01
2.530000000000000071e+01 3.052814537335815981e+00
2.540000000000000213e+01 2.617614773245416693e+00
2.550000000000000000e+01 9.010596233151526580e-01
2.560000000000000142e+01 3.841247565748724391e-01
2.570000000000000284e+01 4.119518219770804124e-01
2.580000000000000071e+01 9.093971264418074796e-01
2.590000000000000213e+01 1.132058056338095975e+00
2.600000000000000000e+01 5.027337451647934108e-01
2.610000000000000142e+01 1.538771536452727684e+00
2.620000000000000284e+01 6.771733041590568547e-01
2.630000000000000071e+01 9.573032693956219363e-01
2.640000000000000213e+01 1.456673288532430721e+00
2.650000000000000000e+01 1.070560407686675486e+00
2.660000000000000142e+01 3.777440537677670407e-01
2.670000000000000284e+01 2.073752563584615238e+00
2.680000000000000071e+01 2.268454462137493355e+00
2.690000000000000213e+01 2.659367903243347264e+00
2.700000000000000000e+01 2.738735373135326778e+00
2.710000000000000142e+01 7.840533972506315008e-01
2.720000000000000284e+01 1.031925276087528820e+00
2.730000000000000071e+01 6.213167077082514256e-01
2.740000000000000213e+01 2.117189034462786168e+00
2.750000000000000000e+01 5.332648907810063621e-01
2.760000000000000142e+01 4.568119449168688839e-01
2.770000000000000284e+01 1.428946385629882299e+00
2.780000000000000071e+01 4.577879437958813358e-01
2.790000000000000213e+01 3.284518301428421827e-01
2.800000000000000000e+01 3.186968596949477650e+00
2.810000000000000142e+01 1.392084148018562395e+00
2.820000000000000284e+01 1.136283330623412358e+00
2.830000000000000071e+01 2.940863473281063900e+00
2.840000000000000213e+01 1.725017166939507574e+00
2.850000000000000000e+01 1.267711464826522638e+00
2.860000000000000142e+01 4.708999332674492777e-01
2.870000000000000284e+01 1.286029803711373543e+00
2.880000000000000071e+01 1.519309582549661419e+00
2.890000000000000213e+01 2.346729236214541103e+00
2.900000000000000000e+01 8.942713142381211178e-01
2.910000000000000142e+01 1.156006876579860343e+00
2.920000000000000284e+01 2.202994316493125826e+00
2.930000000000000071e+01 3.117264278700064284e-01
2.940000000000000213e+01 6.712053012706398203e-01
2.950000000000000000e+01 1.328414868081149613e+00
2.960000000000000142e+01 6.074905472228028236e-01
2.970000000000000284e+01 1.881804874209946910e+00
2.980000000000000071e+01 1.259822065815137782e+00
2.990000000000000213e+01 5.170104854054300425e-01
3.000000000000000000e+01 8.148064962809590250e-01
3.010000000000000142e+01 1.475308510906103265e+00
3.020000000000000284e+01 9.663812122452866138e-01
3.030000000000000071e+01 8.550950284713175753e-01
3.040000000000000213e+01 1.186824054689927355e+00
3.050000000000000000e+01 1.602848234432068031e+00
3.060000000000000142e+01 1.020598727412382889e+00
3.070000000000000284e+01 1.109715366923167190e+00
3.080000000000000071e+01 1.604096671955925313e+00
3.090000000000000213e+01 1.057255514086480774e+00
3.100000000000000000e+01 6.650477662119124167e-01
3.110000000000000142e+01 2.539709369825378538e+00
3.120000000000000284e+01 1.561573297446279929e+00
3.130000000000000071e+01 9.304667878238899181e-01
3.140000000000000213e+01 1.972773274495979168e+00
3.150000000000000000e+01 4.169116039479469071e-01
3.160000000000000142e+01 1.639693975837329454e+00
3.170000000000000284e+01 1.113997021771520712e+00
3.180000000000000071e+01 7.037016382631590128e-01
3.190000000000000213e+01 2.469349576125141610e-01
3.200000000000000000e+01 4.861024003809813476e-01
3.210000000000000142e+01 1.051436795465399587e+00
3.220000000000000284e+01 3.403421081783661428e+00
3.230000000000000426e+01 3.157345546451610030e+00
3.239999999999999858e+01 3.312781187596523846e+00
3.250000000000000000e+01 2.785700089986831163e+00
3.260000000000000142e+01 1.903509753770526780e+00
3.270000000000000284e+01 4.754226741536109913e+00
3.280000000000000426e+01 4.658158274394244458e+00
3.289999999999999858e+01 5.414382543891366417e+00
3.300000000000000000e+01 1.630990476695975744e+01
3.310000000000000142e+01 5.926222315798612250e+00
3.320000000000000284e+01 3.178451785509314842e+00
3.330000000000000426e+01 7.410808982817141954e-01
3.339999999999999858e+01 1.053938000283804799e+00
3.350000000000000000e+01 1.398624675648437954e+00
3.360000000000000142e+01 6.827971748261524310e-01
3.370000000000000284e+01 4.905735270562764372e-01
3.380000000000000426e+01 2.848689864490566492e+00
3.389999999999999858e+01 2.139392095054718723e+00
3.400000000000000000e+01 5.700597737337685933e-01
3.410000000000000142e+01 8.319868557603066206e-01
3.420000000000000284e+01 1.005083245727805830e+00
3.430000000000000426e+01 2.120692874855685250e+00
3.439999999999999858e+01 1.753194536469594667e+00
3.450000000000000000e+01 4.148281301299252988e+00
3.460000000000000142e+01 3.240281333260518259e+00
3.470000000000000284e+01 7.689275449557471109e-01
3.480000000000000426e+01 3.304946839589196994e+00
3.489999999999999858e+01 4.609046848541516361e+00
3.500000000000000000e+01 4.219786884735167831e+00
3.510000000000000142e+01 4.736185213121819615e+00
3.520000000000000284e+01 2.880845452031375764e+00
3.530000000000000426e+01 2.420220887428029322e+00
3.539999999999999858e+01 1.476508959861241532e+00
3.550000000000000000e+01 1.467083933910642957e+00
3.560000000000000142e+01 3.491502973766333895e-01
3.570000000000000284e+01 3.198930102389216379e-01
3.580000000000000426e+01 7.184674495069887090e-01
3.589999999999999858e+01 2.576019565050751581e+00
3.600000000000000000e+01 6.386791962978689563e-01
3.610000000000000142e+01 6.475887468559492488e-01
3.620000000000000284e+01 7.249803670112596743e-01
3.630000000000000426e+01 5.968010597418457186e-01
3.639999999999999858e+01 3.713440757769595479e-01
3.650000000000000000e+01 4.441850980969061502e-01
3.660000000000000142e+01 4.406797101182002296e-01
3.670000000000000284e+01 1.117136897224693559e+00
3.680000000000000426e+01 2.094458353801957440e+00
3.689999999999999858e+01 6.573876627964332364e+00
3.700000000000000000e+01 3.342153534471439702e+00
3.710000000000000142e+01 4.027471625673678446e+00
3.720000000000000284e+01 3.872079775738067831e+00
3.730000000000000426e+01 4.304859464249421563e+00
3.739999999999999858e+01 1.066857561979111413e+00
3.750000000000000000e+01 8.859636782168588409e-01
3.760000000000000142e+01 4.955474456078778345e-01
3.770000000000000284e+01 5.463000875437297177e-01
3.780000000000000426e+01 3.511364513517665764e-01
3.789999999999999858e+01 6.844637428996068751e-01
3.800000000000000000e+01 4.942487811763326966e-01
3.810000000000000142e+01 3.500020275787592561e-01
3.820000000000000284e+01 1.097943392490414727e+00
3.830000000000000426e+01 5.085862922206489944e-01
3.840000000000000568e+01 8.714219599650350201e-01
3.850000000000000000e+01 6.082421092767875681e-01
3.860000000000000142e+01 1.649354598737744260e+00
3.870000000000000284e+01 5.359871761485989206e-01
3.880000000000000426e+01 1.809317542505173515e+00
3.890000000000000568e+01 1.922727268385880928e+00
3.900000000000000000e+01 6.870970060916512523e+00
3.910000000000000142e+01 1.609894566123010851e+00
3.920000000000000284e+01 1.031940621726500806e+00
3.930000000000000426e+01 2.294534571242954790e+00
3.940000000000000568e+01 1.690457238864347400e-01
3.950000000000000000e+01 1.460676061237261847e-01
3.960000000000000142e+01 5.115597094296945313e-01
3.970000000000000284e+01 1.441019866646439551e+00
3.980000000000000426e+01 8.001458510112972045e-01
3.990000000000000568e+01 5.830163577391085650e-02
4.000000000000000000e+01 1.579374487167259700e+00
4.010000000000000142e+01 3.738274271195194398e+00
4.020000000000000284e+01 8.072113829026316134e-01
4.030000000000000426e+01 1.855863643597503332e+00
4.040000000000000568e+01 1.661581189805695802e+00
4.050000000000000000e+01 9.294597462683745759e-02
4.060000000000000142e+01 1.869864171187674562e-01
4.070000000000000284e+01 9.730275297792700950e-01
4.080000000000000426e+01 5.087355310819596799e-01
4.090000000000000568e+01 1.181505133556845832e+00
4.100000000000000000e+01 7.577503551655619951e-01
4.110000000000000142e+01 2.948929144133679014e-01
4.120000000000000284e+01 2.915819801363591424e+00
4.130000000000000426e+01 1.376354002568863866e+00
4.140000000000000568e+01 5.722647968112711814e-01
4.150000000000000000e+01 1.146124817034077648e+00
4.160000000000000142e+01 2.530784468292250344e-01
4.170000000000000284e+01 4.453953645929389360e-01
4.180000000000000426e+01 3.463266525076517111e-01
4.190000000000000568e+01 5.284883239314084324e-01
4.200000000000000000e+01 3.513789298467869804e-01
4.210000000000000142e+01 1.059511690944128448e+00
4.220000000000000284e+01 1.019481010238659335e+00
4.230000000000000426e+01 1.587590366620750926e+00
4.240000000000000568e+01 2.341739884527505033e-01
4.250000000000000000e+01 1.514837739728273625e-01
4.260000000000000142e+01 4.095154183451005792e-01
4.270000000000000284e+01 8.364775205101657729e-01
4.280000000000000426e+01 4.015044140680263385e-01
4.290000000000000568e+01 2.778898379476383296e-01
4.300000000000000000e+01 3.896179422791120062e-01
4.310000000000000142e+01 1.188140021897605036e+00
4.320000000000000284e+01 4.807517819091279287e-01
4.330000000000000426e+01 3.126992406817226677e-01
4.340000000000000568e+01 1.066582497753020498e+00
4.350000000000000000e+01 2.836164455609679003e+00
4.360000000000000142e+01 8.227500350497276571e-01
4.370000000000000284e+01 4.327598246837315310e-01
4.380000000000000426e+01 6.736633061981069925e-01
4.390000000000000568e+01 8.986037956678364358e-01
4.400000000000000000e+01 2.665919763973916279e+00
4.410000000000000142e+01 3.461471540575453254e+00
4.420000000000000284e+01 4.137053687976322003e+00
4.430000000000000426e+01 3.420122156279427728e+00
4.440000000000000568e+01 2.324043602154179933e+00
4.450000000000000000e+01 3.544827771125279359e+00
4.460000000000000142e+01 1.198889845265821874e+00
4.470000000000000284e+01 9.948443244892033466e-01
4.480000000000000426e+01 3.132909769783183696e-01
4.490000000000000568e+01 4.665559635999300681e-01
4.500000000000000000e+01 4.485974604170371860e-01
4.510000000000000142e+01 1.568892517891858018e+00
4.520000000000000284e+01 3.606002948932361396e-01
4.530000000000000426e+01 3.205398013625548326e-01
4.540000000000000568e+01 2.078368736002000339e-01
4.550000000000000000e+01 1.674282137743826393e+00
4.560000000000000142e+01 2.444664307888364529e+00
4.570000000000000284e+01 8.378562660983263077e-01
4.580000000000000426e+01 4.651232951978633845e-01
4.590000000000000568e+01 1.476181541674129738e+00
4.600000000000000000e+01 7.880337742998978490e-01
4.610000000000000142e+01 2.470702693225340418e+00
4.620000000000000284e+01 1.048992898917209482e+00
4.630000000000000426e+01 8.298181701318956272e-01
4.640000000000000568e+01 1.886580178952605991e+00
4.650000000000000000e+01 3.043714332734603012e+00
4.660000000000000142e+01 1.264253605601943553e+00
4.670000000000000284e+01 5.003699012574676086e-01
4.680000000000000426e+01 1.845131564498344034e-01
4.690000000000000568e+01 1.764515225947007604e-01
4.700000000000000000e+01 9.961742630069395088e-02
4.710000000000000142e+01 8.112800851692639759e-01
4.720000000000000284e+01 2.191516915364561668e-01
4.730000000000000426e+01 5.384590245640470396e-01
4.740000000000000568e+01 7.481360951806091952e-01
4.750000000000000000e+01 2.719005820921984284e+00
4.760000000000000142e+01 4.579902203534355287e+00
4.770000000000000284e+01 6.855883492314363004e+00
4.780000000000000426e+01 4.358120363521243767e+00
4.790000000000000568e+01 2.546328579906920631e+00
4.800000000000000000e+01 2.565146616195128626e+00
4.810000000000000142e+01 1.546505982157490244e+00
4.820000000000000284e+01 3.923606867621383998e+00
4.830000000000000426e+01 4.222932749004003838e+00
4.840000000000000568e+01 2.902502467951000753e+00
4.850000000000000000e+01 1.114393414435536078e+00
4.860000000000000142e+01 6.194307935663679876e-01
4.870000000000000284e+01 1.599898357146575245e+00
4.880000000000000426e+01 3.684338575509970015e-01
4.890000000000000568e+01 1.101655969980207761e+00
4.900000000000000000e+01 1.704908565621318761e+00
4.910000000000000142e+01 5.729822266691395605e-01
4.920000000000000284e+01 5.890670532955142313e-01
4.930000000000000426e+01 2.087083185830033827e+00
4.940000000000000568e+01 1.177301401582064866e+00
4.950000000000000000e+01 1.490027509124925986e+00
4.960000000000000142e+01 6.263812906491748045e-01
4.970000000000000284e+01 7.120051364275415962e-01
4.980000000000000426e+01 9.933665756405168912e-01
4.990000000000000568e+01 2.184875263475874352e+00
5.000000000000000000e+01 9.976893877791479515e-01
5.010000000000000142e+01 1.795143815589363090e+00
5.020000000000000284e+01 1.310995383752509236e+00
5.030000000000000426e+01 3.046267190427765836e+00
5.040000000000000568e+01 4.817987310518766719e+00
5.050000000000000000e+01 2.412272253728313220e+00
5.060000000000000142e+01 2.281553829107607179e+00
5.070000000000000284e+01 9.565366687934362400e-01
5.080000000000000426e+01 1.012466904846602178e+00
5.090000000000000568e+01 1.558757454398355335e+00
5.100000000000000000e+01 1.024361592383548736e+00
5.110000000000000142e+01 6.076157491852250958e-01
5.120000000000000284e+01 8.255681658526405897e-01
5.130000000000000426e+01 8.410022961767245064e-01
5.140000000000000568e+01 7.571113982349918503e-01
5.150000000000000000e+01 7.368773264623008634e-01
5.160000000000000142e+01 3.080516187562064578e-01
5.170000000000000284e+01 3.375471136513029657e-01
5.180000000000000426e+01 4.100861495859762784e-01
5.190000000000000568e+01 1.079387432450409134e+00
5.200000000000000000e+01 4.153853590195527579e-01
5.210000000000000142e+01 3.912404124753458556e-01
5.220000000000000284e+01 7.372394069679003570e-01
5.230000000000000426e+01 1.719366001503312535e+00
5.240000000000000568e+01 1.177779235706024608e+00
5.250000000000000000e+01 1.202029176623429674e+00
5.260000000000000142e+01 1.399952756844654866e-01
5.270000000000000284e+01 4.839229456207128632e-01
5.280000000000000426e+01 2.106106091871710329e-01
5.290000000000000568e+01 1.114361422186079531e-01
5.300000000000000000e+01 3.726998769915788601e-01
5.310000000000000142e+01 4.176560159966298813e-01
5.320000000000000284e+01 2.784702074562609986e-01
5.330000000000000426e+01 9.012280837288959567e-01
5.340000000000000568e+01 3.229475543918772229e-01
5.350000000000000000e+01 1.197772003498334570e+00
5.360000000000000142e+01 6.321640945520784483e-01
5.370000000000000284e+01 3.339593885201467272e-01
5.380000000000000426e+01 4.446883940769434940e-01
5.390000000000000568e+01 2.281831942639967470e-01
5.400000000000000000e+01 3.141053482576518507e-01
5.410000000000000142e+01 2.931783088712180518e+00
5.420000000000000284e+01 1.159525973663845688e+00
5.430000000000000426e+01 3.297234792871798770e-01
5.440000000000000568e+01 4.338987347480465218e-01
5.450000000000000000e+01 1.104063776460146862e+00
5.460000000000000142e+01 7.256818234785281652e-01
5.470000000000000284e+01 2.155913007407654902e-01
5.480000000000000426e+01 1.251487392924861997e+00
5.490000000000000568e+01 3.859715888911536275e-01
5.500000000000000000e+01 3.559158494850798160e-01
5.510000000000000142e+01 7.195923333545599654e-01
5.520000000000000284e+01 4.571765522910468671e-01
5.530000000000000426e+01 3.359997786830051791e-01
5.540000000000000568e+01 8.710601143041734051e-01
5.550000000000000000e+01 2.503228937164602819e+00
5.560000000000000142e+01 2.066982800596990799e+00
5.570000000000000284e+01 7.878233463764173772e-01
5.580000000000000426e+01 1.758042284340873007e-01
5.590000000000000568e+01 2.213688473243834720e-01
5.600000000000000000e+01 5.777663155088451630e-01
5.610000000000000142e+01 1.977750720968370901e+00
5.620000000000000284e+01 7.605125441191628033e-01
5.630000000000000426e+01 5.029132589156586342e-01
5.640000000000000568e+01 2.237658753368256259e-01
5.650000000000000000e+01 3.373582984514170158e-01
5.660000000000000142e+01 9.492545618348544600e-01
5.670000000000000284e+01 8.250758228001234817e-01
5.680000000000000426e+01 7.922313488826089323e-01
5.690000000000000568e+01 5.481727944838856725e-01
5.700000000000000000e+01 3.226901658612469359e-01
5.710000000000000142e+01 1.202144787867488462e+00
5.720000000000000284e+01 5.115916712723309612e-01
5.730000000000000426e+01 3.733631714848673067e-01
5.740000000000000568e+01 6.883322911260472132e-01
5.750000000000000000e+01 6.631685687029666987e-01
5.760000000000000142e+01 1.528658276235219216e+00
5.770000000000000284e+01 7.012345891259187669e-02
5.780000000000000426e+01 2.722064870091754352e-01
5.790000000000000568e+01 8.164109474764694729e-01
5.800000000000000000e+01 2.046375691926711204e-01
5.810000000000000142e+01 3.356036460537444865e-01
5.820000000000000284e+01 4.218664855291644478e-01
5.830000000000000426e+01 7.847808217097506089e-01
5.840000000000000568e+01 1.857390187728002739e-01
5.850000000000000000e+01 1.694298653739307048e-01
5.860000000000000142e+01 2.719117561430670071e-01
5.870000000000000284e+01 5.619016603458492076e-01
5.880000000000000426e+01 3.846978679000851997e-01
5.890000000000000568e+01 8.832469265412663528e-01
5.900000000000000000e+01 2.462552863960534744e+00
5.910000000000000142e+01 2.048924392920945969e+00
5.920000000000000284e+01 1.734708613648444087e-01
5.930000000000000426e+01 8.780881742245587596e-01
5.940000000000000568e+01 1.718660541078007364e+00
5.950000000000000000e+01 1.950064364843295373e+00
5.960000000000000142e+01 3.041005069576317332e+00
5.970000000000000284e+01 3.948015902927006326e+00
5.980000000000000426e+01 7.137983986585306972e+00
5.990000000000000568e+01 3.342294837040336031e+00
6.000000000000000000e+01 1.410376828173262043e+00
6.010000000000000142e+01 4.481140054416440366e-01
6.020000000000000284e+01 3.494107000414317654e-01
6.030000000000000426e+01 2.858604014391052384e-01
6.040000000000000568e+01 1.082129098759964547e+00
6.050000000000000000e+01 8.689184289194534783e-01
6.060000000000000142e+01 4.958129231104840273e-01
6.070000000000000284e+01 4.633559353726873220e-01
6.080000000000000426e+01 4.280504376328882477e-01
6.090000000000000568e+01 7.320749298060014176e-01
6.100000000000000000e+01 1.306776487034072121e+00
6.110000000000000142e+01 1.377088057231319329e+00
6.120000000000000284e+01 2.378307423755813055e+00
6.130000000000000426e+01 1.225156684001565965e+00
6.140000000000000568e+01 6.598231504692418703e+00
6.150000000000000000e+01 2.679945699534422854e+00
6.160000000000000142e+01 4.912406593529929921e-01
6.170000000000000284e+01 6.417727212231005840e-01
6.180000000000000426e+01 2.473355632438029250e+00
6.190000000000000568e+01 1.879825573614060552e+00
6.200000000000000000e+01 3.773601930967412699e+00
6.210000000000000142e+01 1.460801706691617463e+00
6.220000000000000284e+01 1.545189643282932623e+00
6.230000000000000426e+01 6.063427958402143325e-01
6.240000000000000568e+01 2.237081973217763586e+00
6.250000000000000000e+01 1.594646223616351222e+00
6.260000000000000142e+01 1.589800729256103162e+00
6.270000000000000284e+01 1.032329583077635560e+00
6.280000000000000426e+01 1.145868059641465653e+00
6.290000000000000568e+01 1.146634534009902007e+00
6.300000000000000000e+01 1.240780261724995004e+00
6.310000000000000142e+01 1.183105933820348232e+00
6.320000000000000284e+01 6.865372239554854428e-01
6.330000000000000426e+01 6.149835853623615289e-01
6.340000000000000568e+01 2.599593358949760513e-01
6.350000000000000000e+01 6.011624308067181621e-01
6.360000000000000142e+01 8.839173335481340654e-01
6.370000000000000284e+01 8.738291084339649961e-01
6.380000000000000426e+01 7.502120202780347968e-01
6.390000000000000568e+01 4.140298469937370718e-01
6.400000000000000000e+01 8.370021204075480670e-01
6.410000000000000853e+01 4.965675825651395536e-01
6.420000000000000284e+01 1.852556553551057750e+00
6.429999999999999716e+01 6.689761637834636954e-01
6.440000000000000568e+01 6.521549649426203743e-01
6.450000000000000000e+01 5.625766545926895734e-01
6.460000000000000853e+01 1.279005599111137759e+00
6.470000000000000284e+01 1.303933828455889898e+00
6.479999999999999716e+01 9.649959302131556615e-01
6.490000000000000568e+01 3.522146592199338344e-01
6.500000000000000000e+01 6.017856752099919326e-01
6.510000000000000853e+01 7.418177058390861278e-01
6.520000000000000284e+01 1.933469615180313905e+00
6.529999999999999716e+01 1.737204192586753404e+00
6.540000000000000568e+01 1.579649684412547828e+00
6.550000000000000000e+01 1.906320656049968143e+00
6.560000000000000853e+01 4.003837879115111908e-01
6.570000000000000284e+01 1.618806740199335015e-01
6.579999999999999716e+01 3.370802717446100272e-01
6.590000000000000568e+01 1.515744510021973968e+00
6.600000000000000000e+01 2.840005309625084351e-01
6.610000000000000853e+01 3.914859897456885451e-01
6.620000000000000284e+01 3.431464885267379916e+00
6.629999999999999716e+01 2.129687549874446972e+00
6.640000000000000568e+01 8.848677546041753272e-01
6.650000000000000000e+01 2.182250579758070241e+00
6.660000000000000853e+01 3.324569260046233765e+00
6.670000000000000284e+01 1.630978684080503172e+00
6.679999999999999716e+01 6.669939648538263377e+00
6.690000000000000568e+01 5.111657860683833654e+00
6.700000000000000000e+01 2.045006156378820439e+00
6.710000000000000853e+01 6.884833609323813830e-01
6.720000000000000284e+01 1.155998443727449532e+00
6.729999999999999716e+01 1.525186552366036397e+00
6.740000000000000568e+01 8.446727579316918311e-01
6.750000000000000000e+01 9.639053839528719525e-01
6.760000000000000853e+01 1.708635183459142892e+00
6.770000000000000284e+01 7.819363098125349243e-01
6.779999999999999716e+01 5.797374455145565264e-02
6.790000000000000568e+01 7.119772683379032019e-01
6.800000000000000000e+01 3.210864629704164863e-01
6.810000000000000853e+01 3.418317080774905259e-01
6.820000000000000284e+01 6.088356240964014621e-01
6.829999999999999716e+01 2.603519322274439940e+00
6.840000000000000568e+01 6.707184721803152172e-01
6.850000000000000000e+01 6.047897523277960818e-01
6.860000000000000853e+01 5.207209218476311907e-01
6.870000000000000284e+01 3.568821372086872223e+00
6.879999999999999716e+01 8.733142348243007058e-01
6.890000000000000568e+01 1.358541272675934719e+00
6.900000000000000000e+01 7.288876835438509172e-01
6.910000000000000853e+01 1.991527391505031774e+00
6.920000000000000284e+01 6.113432083044758603e-01
6.929999999999999716e+01 1.684201278896059195e+00
6.940000000000000568e+01 1.584514621973292847e+00
6.950000000000000000e+01 2.654448891424979973e+00
6.960000000000000853e+01 2.710832031245291152e+00
6.970000000000000284e+01 3.573387611333122660e+00
6.979999999999999716e+01 1.848604709238883759e+00
6.990000000000000568e+01 2.074718672481970838e+00
7.000000000000000000e+01 7.966611185256365912e-01
7.010000000000000853e+01 1.304107460606256153e+00
7.020000000000000284e+01 7.212027768355098178e-01
7.029999999999999716e+01 1.763421602123104615e+00
7.040000000000000568e+01 1.953692555898268735e+00
7.050000000000000000e+01 6.926382713017801285e-01
7.060000000000000853e+01 1.201175980542899868e+00
7.070000000000000284e+01 1.267502171757189933e+00
7.079999999999999716e+01 7.264853288437824741e-01
7.090000000000000568e+01 6.517419060223660354e-01
7.100000000000000000e+01 8.342812286341345640e-01
7.110000000000000853e+01 1.475819658195702155e+00
7.120000000000000284e+01 1.409228142815550866e+00
7.129999999999999716e+01 1.153434030306152547e+00
7.140000000000000568e+01 1.240187015189313069e+00
7.150000000000000000e+01 2.194145853235210275e+00
7.160000000000000853e+01 8.484325111310365708e-01
7.170000000000000284e+01 1.488386513592401261e+00
7.179999999999999716e+01 2.813056639490190580e+00
7.190000000000000568e+01 2.358021856857682064e+00
7.200000000000000000e+01 6.475682964867197633e+00
7.210000000000000853e+01 4.186542275297043814e-01
7.220000000000000284e+01 5.197263944735873720e-01
7.229999999999999716e+01 2.012252946585959990e+00
7.240000000000000568e+01 4.574016229324866067e+00
7.250000000000000000e+01 3.029004555974367019e+00
7.260000000000000853e+01 8.724462352826309886e-01
7.270000000000000284e+01 7.842874976383242824e-01
7.279999999999999716e+01 8.795195487277308599e-01
7.290000000000000568e+01 1.605191377877160264e+00
7.300000000000000000e+01 8.259988618814063654e-01
7.310000000000000853e+01 3.976023814415711177e-01
7.320000000000000284e+01 1.826914771065464016e-01
7.329999999999999716e+01 7.430911568891619412e-01
7.340000000000000568e+01 9.409659908443175347e-01
7.350000000000000000e+01 1.178069887255722703e-01
7.360000000000000853e+01 6.000827205582882629e-01
7.370000000000000284e+01 6.988530731093017812e-01
7.379999999999999716e+01 3.119507851001260268e-01
7.390000000000000568e+01 1.453663227521960477e-01
7.400000000000000000e+01 4.351415212016324641e-01
7.410000000000000853e+01 8.281633337305941422e-01
7.420000000000000284e+01 5.896070213531732218e-01
7.429999999999999716e+01 6.952669482919752175e-01
7.440000000000000568e+01 3.381504493599722938e-01
7.450000000000000000e+01 6.072675539319343230e-01
7.460000000000000853e+01 1.589143815465533072e+00
7.470000000000000284e+01 6.520595925293735995e+00
7.479999999999999716e+01 2.129958134711411599e+00
7.490000000000000568e+01 3.156775490737370737e-01
7.500000000000000000e+01 9.146174243736338028e-01
7.510000000000000853e+01 1.267786342940770528e+00
7.520000000000000284e+01 7.499952746219924471e-01
7.529999999999999716e+01 2.226446148681101356e+00
7.540000000000000568e+01 8.956449680474354302e-02
7.550000000000000000e+01 3.901824997857650940e-02
7.560000000000000853e+01 3.813831829189701095e-01
7.570000000000000284e+01 1.476929238515173770e+00
7.579999999999999716e+01 1.512511529224619622e+00
7.590000000000000568e+01 4.319879739537705321e-01
7.600000000000000000e+01 3.071110895067385993e-01
7.610000000000000853e+01 3.232417060473535275e-01
7.620000000000000284e+01 5.993575982389783841e-01
7.629999999999999716e+01 6.069174923534731425e-01
7.640000000000000568e+01 2.538745202729565387e-01
7.650000000000000000e+01 2.617127773529598356e-01
7.660000000000000853e+01 3.851714651810523304e-01
7.670000000000000284e+01 2.071840421418908118e+00
7.680000000000001137e+01 4.455195393885841848e-01
7.690000000000000568e+01 9.830584987125358110e-01
7.700000000000000000e+01 2.612697465608418423e-01
7.710000000000000853e+01 3.037076199474175731e-01
7.720000000000000284e+01 1.012723749762501235e+00
7.730000000000001137e+01 5.399634793009057132e-01
7.740000000000000568e+01 2.349695201297986868e-01
7.750000000000000000e+01 7.208515065536731381e-01
7.760000000000000853e+01 5.492596957445756711e-01
7.770000000000000284e+01 5.470887372628957523e-01
7.780000000000001137e+01 2.831039882685738029e-01
7.790000000000000568e+01 7.793010165094671482e-02
7.800000000000000000e+01 3.136635097337497902e-02
7.810000000000000853e+01 1.583440145362208507e-01
7.820000000000000284e+01 9.899761609368201709e-02
7.830000000000001137e+01 4.466720449522638692e-01
7.840000000000000568e+01 7.036615838913078125e-02
7.850000000000000000e+01 3.657732040573514753e-01
7.860000000000000853e+01 1.204435310508403245e-01
7.870000000000000284e+01 7.890946057977393790e-02
7.880000000000001137e+01 6.498918779661168044e-01
7.890000000000000568e+01 4.581103162184567701e-01
7.900000000000000000e+01 3.167302389572650978e-01
7.910000000000000853e+01 6.205189591277324723e-01
7.920000000000000284e+01 4.682828169657733963e-01
7.930000000000001137e+01 3.482418417572429870e-01
7.940000000000000568e+01 2.537656236685363886e-01
7.950000000000000000e+01 3.358950012597403112e-01
7.960000000000000853e+01 1.768468063818477709e-01
7.970000000000000284e+01 4.918845179858234995e-01
7.980000000000001137e+01 8.303727367129892789e-02
7.990000000000000568e+01 1.342203510266150313e-01
8.000000000000000000e+01 1.227034862051209041e+00
8.010000000000000853e+01 3.856697916627613298e-01
8.020000000000000284e+01 4.604974088484998784e-01
8.030000000000001137e+01 9.262413138516435440e-01
8.040000000000000568e+01 6.556385155784397734e-01
8.050000000000000000e+01 1.009494822188569341e+00
8.060000000000000853e+01 6.050649948369587472e-01
8.070000000000000284e+01 1.346124275970488116e+00
8.080000000000001137e+01 1.610262377380722976e+00
8.090000000000000568e+01 6.255350195874225250e-01
8.100000000000000000e+01 4.993279703800792557e-01
8.110000000000000853e+01 9.381073438459380798e-01
8.120000000000000284e+01 5.876575583029119976e-01
8.130000000000001137e+01 3.726936541911898271e-01
8.140000000000000568e+01 6.003201886593139136e-01
8.150000000000000000e+01 9.567131155153073552e-01
8.160000000000000853e+01 1.876938142170302859e+00
8.170000000000000284e+01 1.293671090346570907e+00
8.180000000000001137e+01 9.494703271203814854e-01
8.190000000000000568e+01 1.020232584479371596e+00
8.200000000000000000e+01 1.256610974687598858e+00
8.210000000000000853e+01 3.015957495637461072e+00
8.220000000000000284e+01 2.177063329403404968e+00
8.230000000000001137e+01 1.118686577969206786e+00
8.240000000000000568e+01 1.049342527585486184e+00
8.250000000000000000e+01 1.580861740255936621e+00
8.260000000000000853e+01 1.240242432004253326e+00
8.270000000000000284e+01 8.737546061036080003e-01
8.280000000000001137e+01 9.086572235009535703e-01
8.290000000000000568e+01 4.428568625322801267e-01
8.300000000000000000e+01 1.476451613804764751e+00
8.310000000000000853e+01 2.106618106788745060e+00
8.320000000000000284e+01 1.582640127850874823e+00
8.330000000000001137e+01 9.291921859402224593e-01
8.340000000000000568e+01 2.805257299381417102e+00
8.350000000000000000e+01 3.487596908610057778e+00
8.360000000000000853e+01 2.347735406708389316e+00
8.370000000000000284e+01 2.837428197680450292e+00
8.380000000000001137e+01 1.788558952381195111e+00
8.390000000000000568e+01 2.350698631570666386e+00
8.400000000000000000e+01 1.225589972085806556e+00
8.410000000000000853e+01 4.515446057932402391e-01
8.420000000000000284e+01 5.634339549019532489e-01
8.430000000000001137e+01 4.612911628680018139e-01
8.440000000000000568e+01 5.869263618017537265e-01
8.450000000000000000e+01 9.246390682011874917e-02
8.460000000000000853e+01 3.931633160538854921e-01
8.470000000000000284e+01 6.825891115294510092e-01
8.480000000000001137e+01 4.628013921529472441e-01
8.490000000000000568e+01 1.139017127902873350e+00
8.500000000000000000e+01 6.284506110777815513e-01
8.510000000000000853e+01 6.106308907978076350e-01
8.520000000000000284e+01 1.117838477669795827e+00
8.530000000000001137e+01 1.445033232283966074e+00
8.540000000000000568e+01 1.008023950445655403e+00
8.550000000000000000e+01 1.434092101530701768e+00
8.560000000000000853e+01 2.692662272674144042e+00
8.570000000000000284e+01 7.073488885578796959e-01
8.580000000000001137e+01 5.431673459750971933e-01
8.590000000000000568e+01 1.050242518429927330e+00
8.600000000000000000e+01 1.123930757612956022e+00
8.610000000000000853e+01 7.692811726256657545e-01
8.620000000000000284e+01 1.934024696791939668e+00
8.630000000000001137e+01 1.372629485032208274e+00
8.640000000000000568e+01 2.084336621806603063e+00
8.650000000000000000e+01 1.872497875277406632e+00
8.660000000000000853e+01 3.746970708327291621e+00
8.670000000000000284e+01 2.203936743956123046e+00
8.680000000000001137e+01 4.942149754937698702e+00
8.690000000000000568e+01 2.274517219103318499e+00
8.700000000000000000e+01 1.605389131120881663e+00
8.710000000000000853e+01 3.010029840140656887e+00
8.720000000000000284e+01 2.441964925329921154e+00
8.730000000000001137e+01 4.331180402937397922e-01
8.740000000000000568e+01 8.159717446655384565e-01
8.750000000000000000e+01 9.513800750377656712e-01
8.760000000000000853e+01 1.161747707061217438e+00
8.770000000000000284e+01 2.005365216266136841e+00
8.780000000000001137e+01 1.122075491068111885e+00
8.790000000000000568e+01 2.531009942746213603e+00
8.800000000000000000e+01 9.529635142878559728e-01
8.810000000000000853e+01 9.386646323826345339e-01
8.820000000000000284e+01 7.666436156669498292e-01
8.830000000000001137e+01 1.464632345156606341e+00
8.840000000000000568e+01 2.637920348924351011e+00
8.850000000000000000e+01 1.318536110542660511e+00
8.860000000000000853e+01 3.624544901124305274e-01
8.870000000000000284e+01 7.755888652934790350e-01
8.880000000000001137e+01 4.011125379456779716e-01
8.890000000000000568e+01 1.586102394300374918e+00
8.900000000000000000e+01 2.227627967873457404e+00
8.910000000000000853e+01 7.437205633782041359e-01
8.920000000000000284e+01 5.515391868092778260e-01
8.930000000000001137e+01 1.237573336221645226e+00
8.940000000000000568e+01 1.944318751611958940e-01
8.950000000000000000e+01 8.991953007725954350e-02
8.960000000000000853e+01 2.450855291314396889e-01
8.970000000000000284e+01 1.016614268198641646e+00
8.980000000000001137e+01 2.451462085364172427e+00
8.990000000000000568e+01 1.152858930056630760e+00
9.000000000000000000e+01 6.865541758529065675e-01
9.010000000000000853e+01 8.724575759822714716e-01
9.020000000000000284e+01 1.483299549089941161e-01
9.030000000000001137e+01 9.931437710265074159e-01
9.040000000000000568e+01 1.314923013317632616e+00
9.050000000000000000e+01 3.368902635440351179e-01
9.060000000000000853e+01 1.082624485759989819e+00
9.070000000000000284e+01 1.200746207494164386e+00
9.080000000000001137e+01 1.358892139099634688e+00
9.090000000000000568e+01 1.324986275154276472e+00
9.100000000000000000e+01 1.872180443249321202e+00
9.110000000000000853e+01 3.831948700585415590e+00
9.120000000000000284e+01 2.799511148413810435e+00
9.130000000000001137e+01 2.783686825245323959e-01
9.140000000000000568e+01 7.394702461239904823e-01
9.150000000000000000e+01 2.138152406800117866e+00
9.160000000000000853e+01 4.652322750061796963e-01
9.170000000000000284e+01 6.477406711728210809e-01
9.180000000000001137e+01 1.289890497929093161e-01
9.190000000000000568e+01 4.446956328596377017e-01
9.200000000000000000e+01 1.930311874201707134e+00
9.210000000000000853e+01 2.528768707430845364e+00
9.220000000000000284e+01 1.904961020939359706e+00
9.230000000000001137e+01 3.345926835781073638e+00
9.240000000000000568e+01 2.155675749776241990e+00
9.250000000000000000e+01 3.687906771314987120e-01
9.260000000000000853e+01 1.210144968422813827e+00
9.270000000000000284e+01 1.068934445077583062e+00
9.280000000000001137e+01 1.459448862443287531e+00
9.290000000000000568e+01 2.599541846888667962e+00
9.300000000000000000e+01 9.113936751497199173e-01
9.310000000000000853e+01 4.532933828349534622e-01
9.320000000000000284e+01 4.680741076221792696e-01
9.330000000000001137e+01 5.898399747935511028e-01
9.340000000000000568e+01 6.373370783387299898e-01
9.350000000000000000e+01 1.127436704192462447e+00
9.360000000000000853e+01 1.795106640374031448e+00
9.370000000000000284e+01 7.005191388058877866e-01
9.380000000000001137e+01 1.338096616844777431e+00
9.390000000000000568e+01 6.250380907415823417e-01
9.400000000000000000e+01 7.066155551239491350e-01
9.410000000000000853e+01 5.329433304198260002e-01
9.420000000000000284e+01 8.277088054892379754e-01
9.430000000000001137e+01 1.997583500419744196e+00
9.440000000000000568e+01 1.271122242475744901e+00
9.450000000000000000e+01 2.967519361254716603e+00
9.460000000000000853e+01 6.569525023334440439e-01
9.470000000000000284e+01 1.156324592466283274e+00
9.480000000000001137e+01 4.279333292434654545e+00
9.490000000000000568e+01 2.797330637985946389e+00
9.500000000000000000e+01 5.715256085807789432e-01
9.510000000000000853e+01 2.759171361220487562e+00
9.520000000000000284e+01 1.051610951404503336e+00
9.530000000000001137e+01 1.918116647802457164e+00
9.540000000000000568e+01 1.407182868291875222e+00
9.550000000000000000e+01 1.145234819205434018e+00
9.560000000000000853e+01 1.676482203334593857e+00
9.570000000000000284e+01 3.120414942883297460e+00
9.580000000000001137e+01 1.497393775471045574e+00
9.590000000000000568e+01 9.456591707866167651e-01
9.600000000000000000e+01 6.288862955675919686e+00
9.610000000000000853e+01 6.319676671027886883e+00
9.620000000000000284e+01 6.895582915614985708e+00
9.630000000000001137e+01 3.913717460635655065e+00
9.640000000000000568e+01 7.319797452280680794e+00
9.650000000000000000e+01 4.382722498548823786e+00
9.660000000000000853e+01 4.699090738218542285e+00
9.670000000000000284e+01 4.360554336061410297e+00
9.680000000000001137e+01 3.957360530782319863e+00
9.690000000000000568e+01 5.948175200785151162e+00
9.700000000000000000e+01 5.498752166611795111e+00
9.710000000000000853e+01 6.733499311252550967e+00
9.720000000000000284e+01 4.599646316223979348e+00
9.730000000000001137e+01 4.183329113505301677e+00
9.740000000000000568e+01 4.919038621456272686e+00
9.750000000000000000e+01 5.666272399970221585e+00
9.760000000000000853e+01 7.750700170091824326e+00
9.770000000000000284e+01 7.901219198491173934e+00
9.780000000000001137e+01 8.010156971356144240e+00
9.790000000000000568e+01 4.970418374468787093e+00
9.800000000000000000e+01 5.275465873045516396e+00
9.810000000000000853e+01 9.392724027033615641e+00
9.820000000000000284e+01 1.678827809001657911e+01
9.830000000000001137e+01 1.365545498748825182e+01
9.840000000000000568e+01 1.014930112663513739e+01
9.850000000000000000e+01 1.017185981483866009e+01
9.860000000000000853e+01 8.922974823200533478e+00
9.870000000000000284e+01 8.793139978449193706e+00
9.880000000000001137e+01 1.004404517949487641e+01
9.890000000000000568e+01 1.462621590167548469e+01
9.900000000000000000e+01 8.520260514629521609e+00
9.910000000000000853e+01 8.368344212354006828e+00
9.920000000000000284e+01 9.399262444776161018e+00
9.930000000000001137e+01 1.257528696926850564e+01
9.940000000000000568e+01 1.750028221782403293e+01
9.950000000000000000e+01 8.817382404301806531e+00
9.960000000000000853e+01 7.467262327204351458e+00
9.970000000000000284e+01 8.023358544325606800e+00
9.980000000000001137e+01 3.631943912207959979e+00
9.990000000000000568e+01 2.887610038780236810e+00
