0.000000000000000000e+00 3.632016810328835721e+00
1.000000000000000056e-01 7.205261055401703629e+01
2.000000000000000111e-01 1.996906703570643415e+01
3.000000000000000444e-01 1.465719968794850203e+01
4.000000000000000222e-01 8.117341378862274581e+00
5.000000000000000000e-01 1.126657722813952667e+01
6.000000000000000888e-01 2.499696462712157174e+00
7.000000000000000666e-01 1.130239177306047793e+02
8.000000000000000444e-01 1.171055313322495550e+01
9.000000000000000222e-01 2.154844038261364858e+02
1.000000000000000000e+00 1.700837975845680603e+02
1.100000000000000089e+00 1.370889380215741760e+01
1.200000000000000178e+00 1.487094085979834546e+01
1.300000000000000044e+00 6.857168685461233792e+01
1.400000000000000133e+00 7.722481742840622054e+00
1.500000000000000000e+00 8.791288849391250437e+00
1.600000000000000089e+00 2.064211340829292585e+00
1.700000000000000178e+00 1.489286051197225547e+01
1.800000000000000044e+00 3.683608560942174925e+00
1.900000000000000133e+00 1.199117359011842510e+01
2.000000000000000000e+00 1.273080746677967667e+00
2.100000000000000089e+00 2.182860291522203511e+00
2.200000000000000178e+00 5.792928085389354109e+00
2.300000000000000266e+00 1.038691124754227957e+01
2.400000000000000355e+00 9.513836856333901082e+00
2.500000000000000000e+00 1.287847184819417912e+01
2.600000000000000089e+00 1.451983186231490919e+00
2.700000000000000178e+00 6.807852259818027996e-01
2.800000000000000266e+00 1.089962564503039744e-01
2.900000000000000355e+00 4.989630277133661612e-02
3.000000000000000000e+00 8.236615442892931682e-01
3.100000000000000089e+00 4.622332210642441930e-01
3.200000000000000178e+00 1.004928539556671385e+00
3.300000000000000266e+00 2.188256270780050627e+01
3.400000000000000355e+00 4.210029506702417379e+00
3.500000000000000000e+00 4.438034324096909455e-01
3.600000000000000089e+00 2.954925221469039132e-01
3.700000000000000178e+00 5.986295684584080207e-02
3.800000000000000266e+00 9.715879446003866660e-02
3.900000000000000355e+00 3.142060802914794365e-02
4.000000000000000000e+00 8.813913033880860226e-02
4.100000000000000533e+00 1.246862412922622974e-02
4.200000000000000178e+00 5.233893839419199306e-02
4.299999999999999822e+00 1.010892283645919848e-01
4.400000000000000355e+00 1.926686797299289114e-02
4.500000000000000000e+00 7.776301383761245745e-02
4.600000000000000533e+00 1.152726771459327670e+00
4.700000000000000178e+00 1.876801151153195402e-01
4.800000000000000711e+00 1.025567998713636658e-01
4.900000000000000355e+00 3.670389356548129506e-02
5.000000000000000000e+00 1.342598751231098286e-01
5.100000000000000533e+00 6.417441368580725225e-01
5.200000000000000178e+00 6.254959827286022955e-01
5.300000000000000711e+00 1.138456230188846563e+00
5.400000000000000355e+00 1.717322116321149394e+01
5.500000000000000000e+00 1.305089499978825118e-01
5.600000000000000533e+00 3.960849928109951845e-01
5.700000000000000178e+00 1.014981145713250266e+00
5.800000000000000711e+00 6.595726609937179186e-01
5.900000000000000355e+00 5.947397522659918501e-01
6.000000000000000000e+00 4.387927407047863097e-03
6.100000000000000533e+00 4.393185066267304428e-01
6.200000000000000178e+00 4.037562262566977977e-02
6.300000000000000711e+00 8.652178421580843104e-02
6.400000000000000355e+00 1.136828348334518779e+01
6.500000000000000000e+00 3.828861911813634666e+00
6.600000000000000533e+00 9.120229728527184943e-01
6.700000000000000178e+00 2.454508694605676000e-01
6.800000000000000711e+00 3.854405513096142988e-01
6.900000000000000355e+00 2.404458915424490417e+00
7.000000000000000000e+00 1.655902703221930339e-01
7.100000000000000533e+00 1.988394801436162540e+00
7.200000000000000178e+00 3.713643006579935291e-01
7.300000000000000711e+00 7.503982236490378543e-01
7.400000000000000355e+00 9.147219628061097341e-01
7.500000000000000000e+00 3.798866902727500161e-01
7.600000000000000533e+00 3.168884233795674277e+01
7.700000000000000178e+00 4.833380818001436485e-01
7.800000000000000711e+00 6.058217203315187760e+00
7.900000000000000355e+00 1.827588386288517697e+01
8.000000000000000000e+00 5.750524378340792886e+00
8.099999999999999645e+00 1.311942639735386251e+01
8.200000000000001066e+00 3.283678636810542173e+00
8.300000000000000711e+00 2.932551768342654408e-01
8.400000000000000355e+00 8.251821265959965457e-01
8.500000000000000000e+00 5.216715992381724121e-01
8.599999999999999645e+00 3.163385133279719152e+00
8.700000000000001066e+00 9.600541076141777097e+00
8.800000000000000711e+00 4.950833980452709504e+00
8.900000000000000355e+00 5.915597021555621948e-01
9.000000000000000000e+00 1.500336411531508318e+00
9.099999999999999645e+00 3.273036116935836848e+00
9.200000000000001066e+00 7.160449669809434425e+00
9.300000000000000711e+00 3.505357108777306330e+00
9.400000000000000355e+00 1.573032635493620546e-01
9.500000000000000000e+00 1.748170955122851034e+00
9.600000000000001421e+00 6.785509096342816349e-02
9.700000000000001066e+00 2.203051483796620094e-02
9.800000000000000711e+00 2.827033419724095387e-02
9.900000000000000355e+00 9.252775730396987919e-02
1.000000000000000000e+01 3.143066399494080787e-02
1.010000000000000142e+01 9.767236025595801840e-02
1.020000000000000107e+01 6.203429825609737581e-03
1.030000000000000071e+01 2.480531816250647163e-03
1.040000000000000036e+01 8.247275720259776175e-04
1.050000000000000000e+01 4.122245267527220071e-03
1.060000000000000142e+01 8.651818576285985607e-02
1.070000000000000107e+01 2.302112526617845073e-02
1.080000000000000071e+01 1.471646963791710949e-01
1.090000000000000036e+01 1.605609467019867035e-03
1.100000000000000000e+01 9.374703036792487749e-04
1.110000000000000142e+01 1.117534608452617307e-04
1.120000000000000107e+01 8.578921435007390989e-03
1.130000000000000071e+01 7.176538439430513172e-01
1.140000000000000036e+01 2.117089359136486160e-01
1.150000000000000000e+01 1.535469029166438258e-02
1.160000000000000142e+01 1.007250996041854189e-02
1.170000000000000107e+01 2.361518956052954810e-02
1.180000000000000071e+01 3.829253641906763678e-02
1.190000000000000036e+01 2.135949908361284635e-02
1.200000000000000000e+01 8.362522530182578406e-02
1.210000000000000142e+01 1.083272742857419729e-01
1.220000000000000107e+01 2.937071680974507812e-02
1.230000000000000071e+01 1.067335762611712813e+00
1.240000000000000036e+01 8.776874365448668336e-02
1.250000000000000000e+01 1.500058444779721056e-01
1.260000000000000142e+01 3.113458118742981284e+00
1.270000000000000107e+01 2.606530425703380838e-02
1.280000000000000071e+01 1.082399859999538944e-01
1.290000000000000036e+01 1.513951581814261260e-01
1.300000000000000000e+01 8.838983508099494679e-02
1.310000000000000142e+01 5.595465130385486596e-02
1.320000000000000107e+01 1.759578460999685900e-01
1.330000000000000071e+01 8.101571695027482978e-01
1.340000000000000036e+01 3.077250374442024317e-01
1.350000000000000000e+01 4.488108669863834499e-01
1.360000000000000142e+01 1.358093305421012864e-01
1.370000000000000107e+01 5.471446237305653826e-01
1.380000000000000071e+01 5.091796428128319008e+00
1.390000000000000036e+01 6.317807309046702180e+00
1.400000000000000000e+01 7.154114700184268649e+00
1.410000000000000142e+01 4.003664755550293997e+00
1.420000000000000107e+01 1.241818744033047706e+00
1.430000000000000071e+01 8.003203821930243711e-02
1.440000000000000036e+01 1.823388342355296288e-01
1.450000000000000000e+01 3.631712946362825739e-02
1.460000000000000142e+01 1.053875983288023566e+00
1.470000000000000107e+01 4.113883172305676794e+00
1.480000000000000071e+01 8.195272796799518034e+00
1.490000000000000036e+01 3.315351337051020142e+00
1.500000000000000000e+01 2.290861001337150260e-01
1.510000000000000142e+01 3.621131577488086783e+00
1.520000000000000107e+01 4.819150194401727205e+00
1.530000000000000071e+01 6.344634220817673143e-01
1.540000000000000036e+01 5.686463689603818983e-01
1.550000000000000000e+01 1.703462380096779361e-01
1.560000000000000142e+01 4.216946730976223190e-01
1.570000000000000107e+01 1.093655296822894779e-01
1.580000000000000071e+01 1.042439399985552152e-04
1.590000000000000036e+01 2.912339473089535329e-03
1.600000000000000000e+01 1.937610961138769641e-02
1.610000000000000142e+01 1.211825726774089750e-02
1.619999999999999929e+01 4.082534406412352199e-03
1.630000000000000071e+01 3.223985685947703978e-03
1.640000000000000213e+01 3.223810911622252556e-02
1.650000000000000000e+01 5.501958325947352811e-03
1.660000000000000142e+01 2.448900367440429160e-02
1.669999999999999929e+01 5.363206514441363343e-03
1.680000000000000071e+01 1.789788189502534597e-03
1.690000000000000213e+01 1.755905559643444053e-02
1.700000000000000000e+01 9.910961785556166373e-03
1.710000000000000142e+01 4.991328427723422390e-03
1.719999999999999929e+01 3.066564747517916412e-01
1.730000000000000071e+01 5.331406147612670690e-03
1.740000000000000213e+01 5.773332444523714135e-02
1.750000000000000000e+01 1.054161686016488325e-01
1.760000000000000142e+01 2.332929450160861062e-01
1.769999999999999929e+01 4.479525601277829089e-02
1.780000000000000071e+01 4.009377402195631740e-02
1.790000000000000213e+01 5.710229293328821995e-03
1.800000000000000000e+01 2.598891872513759416e-01
1.810000000000000142e+01 1.450163686938895913e-01
1.819999999999999929e+01 4.247823343909443161e-01
1.830000000000000071e+01 2.922034882101551823e-01
1.840000000000000213e+01 6.564626974169590623e-01
1.850000000000000000e+01 2.341029718515506564e-01
1.860000000000000142e+01 5.808398787648290096e-01
1.869999999999999929e+01 1.296671104022940613e-01
1.880000000000000071e+01 1.620811452863190616e-01
1.890000000000000213e+01 3.354563432886775720e-02
1.900000000000000000e+01 3.212478658755233418e-01
1.910000000000000142e+01 3.368098156074629812e-01
1.920000000000000284e+01 5.169388643577699227e-01
1.930000000000000071e+01 2.020621595261872239e-01
1.940000000000000213e+01 2.592769154267141052e-01
1.950000000000000000e+01 2.766003242921610372e+00
1.960000000000000142e+01 1.649712572248465681e-01
1.970000000000000284e+01 2.305318898778192793e-01
1.980000000000000071e+01 1.554324338952019213e-01
1.990000000000000213e+01 6.142610628474755308e-02
2.000000000000000000e+01 1.481317613805817890e-01
2.010000000000000142e+01 8.333389433383627670e-03
2.020000000000000284e+01 1.667607255979856873e-02
2.030000000000000071e+01 1.729030528103584624e-02
2.040000000000000213e+01 6.768024296670460682e-02
2.050000000000000000e+01 3.928362051535858046e-02
2.060000000000000142e+01 3.568595555029593219e-02
2.070000000000000284e+01 2.176215409034366888e-02
2.080000000000000071e+01 9.853202883903761089e-02
2.090000000000000213e+01 1.675365238447486596e-02
2.100000000000000000e+01 1.432855015930492235e-02
2.110000000000000142e+01 5.551485529174508826e-02
2.120000000000000284e+01 7.538740582021269399e-02
2.130000000000000071e+01 2.756379698579825566e-01
2.140000000000000213e+01 3.647224919718310837e-02
2.150000000000000000e+01 1.107363058416413731e-03
2.160000000000000142e+01 5.744437303853514205e-03
2.170000000000000284e+01 2.501609568611935005e-03
2.180000000000000071e+01 5.684486850983723472e-03
2.190000000000000213e+01 4.236161620220096208e-02
2.200000000000000000e+01 5.469157412680249880e-02
2.210000000000000142e+01 3.919451765202119908e-01
2.220000000000000284e+01 1.189132484542039236e+00
2.230000000000000071e+01 8.002827846900989472e-02
2.240000000000000213e+01 3.058147563263644703e-03
2.250000000000000000e+01 4.679948038687967854e-02
2.260000000000000142e+01 1.988767948948430911e-03
2.270000000000000284e+01 1.778166013138319287e-03
2.280000000000000071e+01 1.484333533473220119e-02
2.290000000000000213e+01 1.210783229354318738e-03
2.300000000000000000e+01 1.650354475459248071e-02
2.310000000000000142e+01 2.492571786120695732e-03
2.320000000000000284e+01 2.413243403912191699e-03
2.330000000000000071e+01 7.438496098727336026e-02
2.340000000000000213e+01 1.134509198779220795e-01
2.350000000000000000e+01 3.930325679701507369e-02
2.360000000000000142e+01 1.642879465862805699e-01
2.370000000000000284e+01 2.314905924380926683e-01
2.380000000000000071e+01 2.832825347032544849e-01
2.390000000000000213e+01 6.028335730681895488e-02
2.400000000000000000e+01 1.741315938360538454e-02
2.410000000000000142e+01 1.364776969067164891e-01
2.420000000000000284e+01 3.694970357210400347e-01
2.430000000000000071e+01 2.532994837041047553e+00
2.440000000000000213e+01 2.783028617332891641e-01
2.450000000000000000e+01 1.385375311860034930e+00
2.460000000000000142e+01 2.654067265009966148e-01
2.470000000000000284e+01 5.462014904823518924e-01
2.480000000000000071e+01 3.402686959642869935e-01
2.490000000000000213e+01 4.964583398695948668e-02
2.500000000000000000e+01 1.037067415007881355e+00
2.510000000000000142e+01 4.122223325417841089e+00
2.520000000000000284e+01 2.275704906970437424e-01
2.530000000000000071e+01 9.053219347387736482e-01
2.540000000000000213e+01 1.987888155936471390e-01
2.550000000000000000e+01 5.865142509049876829e-02
2.560000000000000142e+01 8.306055192818065369e-02
2.570000000000000284e+01 1.938356381425654584e+00
2.580000000000000071e+01 2.888914868152243187e+00
2.590000000000000213e+01 2.985581561343608054e-02
2.600000000000000000e+01 1.654785806378597859e-02
2.610000000000000142e+01 2.984764899362443713e-01
2.620000000000000284e+01 2.447714144783765366e+00
2.630000000000000071e+01 8.718171484967511375e+00
2.640000000000000213e+01 1.813023009499581117e-01
2.650000000000000000e+01 2.537139164817225012e+00
2.660000000000000142e+01 1.291803100887445599e-01
2.670000000000000284e+01 2.412684325989052636e-01
2.680000000000000071e+01 8.863560954713031181e-01
2.690000000000000213e+01 4.727449427019639883e-01
2.700000000000000000e+01 4.076388869182994701e-01
2.710000000000000142e+01 6.326288341989735886e-02
2.720000000000000284e+01 1.317359865104920758e+00
2.730000000000000071e+01 1.314796807141954162e-02
2.740000000000000213e+01 1.365485103993396843e-01
2.750000000000000000e+01 2.054062969258851012e+00
2.760000000000000142e+01 1.034063227706810251e+00
2.770000000000000284e+01 1.224229000545748125e+00
2.780000000000000071e+01 7.786210002649332496e-02
2.790000000000000213e+01 4.365766971381647710e-01
2.800000000000000000e+01 1.270738484049490413e+00
2.810000000000000142e+01 6.233869042037882835e-01
2.820000000000000284e+01 6.089981571233699098e-01
2.830000000000000071e+01 9.287964263374848262e-02
2.840000000000000213e+01 2.207866301342087112e-01
2.850000000000000000e+01 1.313166488040238944e+00
2.860000000000000142e+01 4.872457777109566179e-01
2.870000000000000284e+01 4.508588196249157520e-01
2.880000000000000071e+01 8.584651803759852484e+00
2.890000000000000213e+01 8.201072437921036240e+00
2.900000000000000000e+01 2.742454962594879642e-01
2.910000000000000142e+01 7.286583473177768999e-01
2.920000000000000284e+01 3.628907034747481108e-01
2.930000000000000071e+01 1.495847543415620429e-01
2.940000000000000213e+01 2.116647318028692215e+00
2.950000000000000000e+01 5.891101814359077871e+00
2.960000000000000142e+01 3.586588447352067277e+00
2.970000000000000284e+01 9.535272305110801483e+01
2.980000000000000071e+01 1.047590736842540560e+00
2.990000000000000213e+01 5.692945908259156029e-01
3.000000000000000000e+01 3.060401090873702823e-01
3.010000000000000142e+01 2.859291557588478749e+00
3.020000000000000284e+01 3.555182653458376585e+00
3.030000000000000071e+01 6.642997483979554474e+00
3.040000000000000213e+01 3.795440155826816664e+01
3.050000000000000000e+01 2.134630279257153518e+01
3.060000000000000142e+01 3.708368875066132553e+00
3.070000000000000284e+01 7.432308502223267110e-01
3.080000000000000071e+01 3.984380085421754258e-01
3.090000000000000213e+01 1.232329365319404513e+00
3.100000000000000000e+01 8.668489536725735078e+00
3.110000000000000142e+01 1.852805418630289935e+01
3.120000000000000284e+01 2.397859722982807806e+00
3.130000000000000071e+01 1.447285576808292840e+00
3.140000000000000213e+01 8.203969142411824578e+01
3.150000000000000000e+01 1.365020790397016981e+02
3.160000000000000142e+01 3.737996846316988808e+01
3.170000000000000284e+01 3.125540571528163891e+00
3.180000000000000071e+01 1.080681391871663344e+01
3.190000000000000213e+01 2.221439106596885793e+01
3.200000000000000000e+01 4.845687039013959918e+01
3.210000000000000142e+01 7.698033307545048842e+01
3.220000000000000284e+01 8.194054076818941823e+00
3.230000000000000426e+01 5.602838419856617946e+01
3.239999999999999858e+01 5.809192821622940528e+01
3.250000000000000000e+01 7.164282313684596204e+01
3.260000000000000142e+01 1.923030584665386300e+01
3.270000000000000284e+01 1.172099164489215584e+00
3.280000000000000426e+01 7.213275919110047596e+01
3.289999999999999858e+01 1.938228456108709707e+01
3.300000000000000000e+01 1.171007550648507811e+00
3.310000000000000142e+01 1.939876776223774968e+00
3.320000000000000284e+01 2.558684762784823263e+00
3.330000000000000426e+01 2.953614601962580188e+00
3.339999999999999858e+01 6.284797915581821215e+00
3.350000000000000000e+01 2.881879672402837400e+01
3.360000000000000142e+01 1.856104285801276399e+00
3.370000000000000284e+01 1.821100203668740702e+00
3.380000000000000426e+01 7.005859084541835591e-01
3.389999999999999858e+01 2.571021128659039867e+00
3.400000000000000000e+01 2.337589331735392406e-01
3.410000000000000142e+01 1.037747297684093149e-02
3.420000000000000284e+01 2.600944675104909232e-01
3.430000000000000426e+01 4.696798792895499064e-01
3.439999999999999858e+01 1.878244251946191157e-01
3.450000000000000000e+01 7.403064484215475805e-01
3.460000000000000142e+01 6.355477593372934608e-01
3.470000000000000284e+01 7.852417836400367612e+00
3.480000000000000426e+01 6.721393619463248648e+00
3.489999999999999858e+01 7.014432291715648304e+00
3.500000000000000000e+01 7.555668297434628755e+00
3.510000000000000142e+01 2.355645259864993335e+01
3.520000000000000284e+01 4.544138567084236513e+01
3.530000000000000426e+01 1.717413496738569734e+01
3.539999999999999858e+01 1.164581470551340026e+01
3.550000000000000000e+01 7.140646695571682301e+00
3.560000000000000142e+01 1.281266472636107778e+01
3.570000000000000284e+01 2.835684738082667522e+01
3.580000000000000426e+01 3.285397229964219235e-01
3.589999999999999858e+01 1.937322801739601863e-01
3.600000000000000000e+01 1.098363189761969005e+00
3.610000000000000142e+01 3.895330909230044547e+00
3.620000000000000284e+01 1.140031647873494536e-01
3.630000000000000426e+01 1.634990132883579639e+00
3.639999999999999858e+01 3.020452204740465163e+00
3.650000000000000000e+01 1.106019575883276218e+01
3.660000000000000142e+01 1.576557266606392060e+00
3.670000000000000284e+01 7.535612548745131978e-01
3.680000000000000426e+01 6.427023961360065485e+00
3.689999999999999858e+01 9.621185864229176987e-01
3.700000000000000000e+01 1.132776602877120675e+00
3.710000000000000142e+01 3.073467150274380888e+00
3.720000000000000284e+01 1.739332157920408628e+00
3.730000000000000426e+01 4.270666887318237404e-01
3.739999999999999858e+01 3.061074416698123524e-01
3.750000000000000000e+01 2.078364491089117028e+00
3.760000000000000142e+01 6.724110692847708182e-02
3.770000000000000284e+01 2.462121044173809850e-02
3.780000000000000426e+01 3.285777592766210564e-02
3.789999999999999858e+01 1.054084140508212974e-02
3.800000000000000000e+01 1.168697823105749600e-01
3.810000000000000142e+01 3.670893046863399345e-02
3.820000000000000284e+01 4.473780974262990540e-02
3.830000000000000426e+01 1.385890873422387093e-01
3.840000000000000568e+01 1.225510615477087700e-01
3.850000000000000000e+01 1.964402754328398837e+00
3.860000000000000142e+01 2.698683336655083753e+00
3.870000000000000284e+01 2.534700987339268963e-01
3.880000000000000426e+01 4.090319975317384671e-01
3.890000000000000568e+01 3.444336786632354319e-02
3.900000000000000000e+01 2.081131028797584548e-01
3.910000000000000142e+01 2.665829016675238083e+00
3.920000000000000284e+01 7.983907914645797632e+00
3.930000000000000426e+01 1.209446483238018999e+02
3.940000000000000568e+01 4.642767103138516660e+01
3.950000000000000000e+01 3.571642890000523352e+01
3.960000000000000142e+01 1.926577471966126609e+01
3.970000000000000284e+01 1.280678716427048336e+01
3.980000000000000426e+01 1.041956575812631236e+00
3.990000000000000568e+01 1.525459425373680622e+00
4.000000000000000000e+01 3.972087153801077790e-03
4.010000000000000142e+01 1.106171565494041692e-01
4.020000000000000284e+01 1.840825720644031216e-01
4.030000000000000426e+01 8.779172215452876182e-01
4.040000000000000568e+01 5.664094144383567953e-01
4.050000000000000000e+01 6.867860654203263859e-01
4.060000000000000142e+01 1.001410770062635791e+00
4.070000000000000284e+01 6.288833683464472024e-01
4.080000000000000426e+01 1.018472803607447658e-01
4.090000000000000568e+01 9.569411226674729223e-03
4.100000000000000000e+01 8.563135591141583791e-02
4.110000000000000142e+01 2.445372532223388795e+00
4.120000000000000284e+01 7.462621668616219450e-01
4.130000000000000426e+01 5.069678852971001248e+01
4.140000000000000568e+01 4.491398281282509508e+00
4.150000000000000000e+01 1.109404343223944807e+02
4.160000000000000142e+01 9.427626679653674557e+01
4.170000000000000284e+01 8.913152390476645337e+01
4.180000000000000426e+01 4.344128491359842137e+00
4.190000000000000568e+01 1.188880127110869322e+00
4.200000000000000000e+01 4.196790798482793322e-02
4.210000000000000142e+01 2.083394564392492820e-01
4.220000000000000284e+01 2.887528205882362586e-01
4.230000000000000426e+01 7.840153950432773300e-01
4.240000000000000568e+01 4.292419017772732381e+00
4.250000000000000000e+01 1.808249336702957566e-01
4.260000000000000142e+01 2.236323546174614207e-01
4.270000000000000284e+01 9.941778174315057948e-02
4.280000000000000426e+01 4.131302248814440470e-02
4.290000000000000568e+01 1.305930158622389259e-01
4.300000000000000000e+01 2.696722920714066801e-02
4.310000000000000142e+01 1.619888916170047002e-02
4.320000000000000284e+01 2.919633684155136660e-02
4.330000000000000426e+01 1.615570122339627171e-02
4.340000000000000568e+01 8.100195841018283938e-01
4.350000000000000000e+01 4.187301357713249517e-01
4.360000000000000142e+01 1.748592931848969023e-01
4.370000000000000284e+01 1.720591380758956346e+00
4.380000000000000426e+01 1.928006046259698625e+00
4.390000000000000568e+01 1.602202814397891029e+00
4.400000000000000000e+01 7.426891954338940005e-01
4.410000000000000142e+01 4.125838537187026311e+00
4.420000000000000284e+01 1.314054639253452228e+00
4.430000000000000426e+01 6.494395256677101269e-01
4.440000000000000568e+01 1.005255296270182797e+01
4.450000000000000000e+01 4.823738173175716071e+00
4.460000000000000142e+01 1.965987777712378648e+00
4.470000000000000284e+01 2.781880445364209864e-01
4.480000000000000426e+01 9.363922754478527510e-01
4.490000000000000568e+01 5.864014336096534663e+00
4.500000000000000000e+01 8.614788056217707879e-02
4.510000000000000142e+01 3.370818215506550253e-01
4.520000000000000284e+01 3.386065129686174124e+00
4.530000000000000426e+01 2.990993963849350479e+01
4.540000000000000568e+01 3.392808434497619707e+00
4.550000000000000000e+01 1.327512647722030614e+01
4.560000000000000142e+01 8.840736961646241454e+00
4.570000000000000284e+01 4.340937684329266943e+01
4.580000000000000426e+01 3.734544413993413059e+01
4.590000000000000568e+01 8.850527917210007089e+00
4.600000000000000000e+01 7.656218035250367926e+00
4.610000000000000142e+01 8.034290614917463103e+00
4.620000000000000284e+01 9.137784725435526667e+00
4.630000000000000426e+01 2.776979519889816839e+00
4.640000000000000568e+01 6.570200354741657645e-01
4.650000000000000000e+01 5.967165495280803977e-01
4.660000000000000142e+01 3.176891910289689758e-01
4.670000000000000284e+01 7.827402649122421341e-01
4.680000000000000426e+01 1.224130374000111619e-02
4.690000000000000568e+01 8.195187916669646744e-02
4.700000000000000000e+01 1.531449283431059794e+00
4.710000000000000142e+01 5.042790027417886067e-01
4.720000000000000284e+01 8.329692197013620625e-01
4.730000000000000426e+01 1.429024475562193697e+00
4.740000000000000568e+01 7.583216568090530352e+00
4.750000000000000000e+01 1.764189685925056494e+01
4.760000000000000142e+01 2.024524037380279307e+00
4.770000000000000284e+01 4.434169905174881521e+00
4.780000000000000426e+01 1.246921174665675647e+00
4.790000000000000568e+01 1.041964545991773461e+00
4.800000000000000000e+01 6.965423273753573952e+00
4.810000000000000142e+01 7.504198394468798483e+01
4.820000000000000284e+01 2.328336325925485895e+00
4.830000000000000426e+01 4.207487912853398626e+00
4.840000000000000568e+01 9.575508330933301693e+01
4.850000000000000000e+01 3.057162301312882136e+01
4.860000000000000142e+01 9.218234882552323484e+01
4.870000000000000284e+01 8.985363925012444852e+00
4.880000000000000426e+01 4.608794867031039644e+01
4.890000000000000568e+01 1.069148565668983935e+02
4.900000000000000000e+01 2.133339129044214033e+01
4.910000000000000142e+01 2.433976077633997903e+01
4.920000000000000284e+01 3.134942900104773056e+00
4.930000000000000426e+01 8.809286912171552686e+00
4.940000000000000568e+01 1.567509296946229824e+02
4.950000000000000000e+01 1.111512004494571642e+02
4.960000000000000142e+01 5.536965844352728539e+00
4.970000000000000284e+01 1.180174633147464514e+00
4.980000000000000426e+01 2.747822995432233384e+01
4.990000000000000568e+01 1.432055283868134943e+01
5.000000000000000000e+01 3.301878523389804698e+00
5.010000000000000142e+01 4.599434795799825504e-01
5.020000000000000284e+01 4.617701252566321912e-01
5.030000000000000426e+01 1.586130559711819599e+00
5.040000000000000568e+01 8.382244027262776953e+00
5.050000000000000000e+01 3.571515417120916425e+01
5.060000000000000142e+01 9.873826293415948641e+00
5.070000000000000284e+01 4.881291200506157502e+00
5.080000000000000426e+01 4.204930298235375119e+00
5.090000000000000568e+01 6.798913832642753396e-01
5.100000000000000000e+01 2.425098230116134734e-01
5.110000000000000142e+01 8.684760034430272224e-01
5.120000000000000284e+01 1.204721628790476906e+01
5.130000000000000426e+01 1.789943829340791481e+01
5.140000000000000568e+01 2.678559752382262626e+00
5.150000000000000000e+01 1.083568571374805245e+01
5.160000000000000142e+01 1.389655685899240656e-01
5.170000000000000284e+01 5.516597556910716182e-01
5.180000000000000426e+01 4.696200662966055206e-01
5.190000000000000568e+01 2.032460923366575245e-01
5.200000000000000000e+01 3.154671404557674030e+00
5.210000000000000142e+01 2.549354000048162305e+01
5.220000000000000284e+01 6.739728835702162302e-01
5.230000000000000426e+01 6.600103020402131593e-01
5.240000000000000568e+01 1.753509597733768910e+00
5.250000000000000000e+01 4.229064450360439098e-01
5.260000000000000142e+01 1.008986024878415488e-01
5.270000000000000284e+01 2.961301354926543783e-01
5.280000000000000426e+01 6.574421346976054847e-01
5.290000000000000568e+01 9.734689390992491420e-01
5.300000000000000000e+01 8.115617528127041513e-01
5.310000000000000142e+01 8.149958441926788422e-02
5.320000000000000284e+01 4.566512560180872593e-01
5.330000000000000426e+01 1.952100674478942866e+00
5.340000000000000568e+01 1.609737335896604948e+00
5.350000000000000000e+01 5.559564481956167370e-01
5.360000000000000142e+01 1.525293624727972960e-02
5.370000000000000284e+01 4.747549090417424456e-01
5.380000000000000426e+01 1.939933229240903834e-01
5.390000000000000568e+01 7.613584608860694825e-02
5.400000000000000000e+01 1.911506344044239025e+00
5.410000000000000142e+01 2.560339993251264379e-01
5.420000000000000284e+01 6.990309570818129536e-01
5.430000000000000426e+01 7.893359747405784277e-02
5.440000000000000568e+01 1.058238390875298141e+00
5.450000000000000000e+01 3.081508982865807100e-01
5.460000000000000142e+01 1.801413060763084717e+00
5.470000000000000284e+01 2.035560926225373635e+01
5.480000000000000426e+01 2.440460545605799003e-01
5.490000000000000568e+01 1.170786592619665889e-01
5.500000000000000000e+01 5.476219248541152988e-03
5.510000000000000142e+01 1.472461546204163252e+00
5.520000000000000284e+01 2.859888973767284792e+00
5.530000000000000426e+01 1.379642109014830309e-01
5.540000000000000568e+01 4.436380438259031334e-02
5.550000000000000000e+01 1.413489133499174766e-01
5.560000000000000142e+01 4.313885741169102284e-01
5.570000000000000284e+01 2.794315308503321771e-01
5.580000000000000426e+01 1.744576490759451204e+00
5.590000000000000568e+01 3.755048204640858422e+00
5.600000000000000000e+01 5.768974653458512625e-02
5.610000000000000142e+01 2.769879829546149641e-01
5.620000000000000284e+01 5.403364774578525154e-01
5.630000000000000426e+01 2.219032170272374760e-01
5.640000000000000568e+01 8.680591341694596785e-01
5.650000000000000000e+01 5.063718997373610753e-01
5.660000000000000142e+01 1.010375070321157143e+00
5.670000000000000284e+01 2.460851902265555058e+00
5.680000000000000426e+01 1.250890298341008067e-01
5.690000000000000568e+01 7.868865674537536825e-02
5.700000000000000000e+01 1.702677299323936133e-02
5.710000000000000142e+01 2.895050552483286466e-01
5.720000000000000284e+01 1.951921744842476381e-01
5.730000000000000426e+01 2.156740988474184773e-01
5.740000000000000568e+01 6.742687471024833012e-02
5.750000000000000000e+01 1.151562591426698035e-01
5.760000000000000142e+01 1.846257620471128402e-01
5.770000000000000284e+01 3.923356536605876292e-03
5.780000000000000426e+01 2.557005379097715241e-03
5.790000000000000568e+01 1.170920607026416232e-02
5.800000000000000000e+01 2.816759693974498803e-03
5.810000000000000142e+01 4.130797760537930664e-03
5.820000000000000284e+01 4.406571089647780270e-03
5.830000000000000426e+01 2.542839148614883284e-04
5.840000000000000568e+01 3.436231153869417215e-02
5.850000000000000000e+01 2.960462496118118451e-03
5.860000000000000142e+01 8.497618098415435708e-03
5.870000000000000284e+01 1.062947352198997386e+00
5.880000000000000426e+01 3.194401283849562234e-01
5.890000000000000568e+01 1.605526374193512462e-01
5.900000000000000000e+01 7.722208343807077102e-02
5.910000000000000142e+01 3.125598310628496107e-02
5.920000000000000284e+01 3.027837454358651634e-03
5.930000000000000426e+01 5.403952848561931720e-03
5.940000000000000568e+01 1.601776889029179118e-03
5.950000000000000000e+01 3.733422122012297097e-03
5.960000000000000142e+01 2.908506528226639243e-01
5.970000000000000284e+01 5.581694466344065686e-02
5.980000000000000426e+01 8.643482942837320271e-02
5.990000000000000568e+01 1.878608555077238007e-02
6.000000000000000000e+01 1.455682299206219506e-02
6.010000000000000142e+01 8.451735194719425803e-02
6.020000000000000284e+01 3.490532262888953324e-02
6.030000000000000426e+01 2.092273918948431288e-02
6.040000000000000568e+01 5.927677720378127929e-02
6.050000000000000000e+01 4.183303420749892587e-02
6.060000000000000142e+01 4.311272214334924135e-02
6.070000000000000284e+01 9.881631868210848796e-03
6.080000000000000426e+01 1.308501140175210957e-02
6.090000000000000568e+01 4.017962883862557372e-02
6.100000000000000000e+01 1.126373451315872132e-01
6.110000000000000142e+01 4.516759948185825740e-02
6.120000000000000284e+01 2.841766798447249998e-01
6.130000000000000426e+01 9.366804749812281117e-02
6.140000000000000568e+01 1.437636416297253694e+00
6.150000000000000000e+01 6.138662917070856206e-01
6.160000000000000142e+01 1.339392550163434614e-01
6.170000000000000284e+01 7.680893108136089831e-01
6.180000000000000426e+01 3.651701085477546127e-01
6.190000000000000568e+01 4.834582708125995665e-01
6.200000000000000000e+01 8.081963025765249997e-02
6.210000000000000142e+01 7.006819462101943063e-02
6.220000000000000284e+01 2.111210963825367604e-01
6.230000000000000426e+01 1.544281431748420752e-01
6.240000000000000568e+01 5.508353793267352083e-01
6.250000000000000000e+01 2.192455750412310167e-01
6.260000000000000142e+01 9.200321435855026708e-01
6.270000000000000284e+01 2.215735228887166786e-01
6.280000000000000426e+01 5.609616991900122640e-01
6.290000000000000568e+01 1.846653403428996087e-01
6.300000000000000000e+01 5.665334188750385108e-02
6.310000000000000142e+01 8.249778283615264232e-03
6.320000000000000284e+01 1.150425994415946035e-01
6.330000000000000426e+01 6.810265107883471669e-02
6.340000000000000568e+01 3.615576334313966855e-01
6.350000000000000000e+01 2.979343772909624419e-02
6.360000000000000142e+01 2.623128910518408505e-02
6.370000000000000284e+01 8.263159014805339375e-02
6.380000000000000426e+01 7.944579165455036007e-02
6.390000000000000568e+01 2.857762866385764149e-03
6.400000000000000000e+01 1.002798621359921871e-01
6.410000000000000853e+01 1.419216066588104008e-03
6.420000000000000284e+01 5.031343838334071186e-03
6.429999999999999716e+01 1.388348257207411458e-02
6.440000000000000568e+01 7.125184976778965555e-03
6.450000000000000000e+01 1.856231392526608293e-02
6.460000000000000853e+01 9.783133021590728617e-03
6.470000000000000284e+01 2.529857690094133253e-03
6.479999999999999716e+01 1.928535923650512643e-02
6.490000000000000568e+01 1.905874516473378064e-02
6.500000000000000000e+01 4.869351383011649367e-03
6.510000000000000853e+01 3.716410513034696189e-06
6.520000000000000284e+01 7.127393291844190404e-03
6.529999999999999716e+01 3.296354824027956654e-01
6.540000000000000568e+01 7.416264844110251331e-02
6.550000000000000000e+01 3.313446058051268683e-01
6.560000000000000853e+01 3.070219286836212147e-01
6.570000000000000284e+01 3.033276503233484522e+00
6.579999999999999716e+01 5.442559251051794611e+00
6.590000000000000568e+01 2.582267747657249757e-01
6.600000000000000000e+01 1.241263697348351958e+00
6.610000000000000853e+01 1.060406777815735069e+01
6.620000000000000284e+01 7.001926582745959138e+00
6.629999999999999716e+01 3.317058859694876460e+00
6.640000000000000568e+01 1.263991301818461477e-01
6.650000000000000000e+01 9.281535147509159533e-02
6.660000000000000853e+01 1.277745417111491311e-01
6.670000000000000284e+01 1.373956599568313397e-01
6.679999999999999716e+01 4.363877747493042136e+00
6.690000000000000568e+01 2.494079329652464150e+00
6.700000000000000000e+01 1.082698271196137263e+01
6.710000000000000853e+01 6.115004123583535289e+00
6.720000000000000284e+01 2.251623767931871356e+00
6.729999999999999716e+01 1.704109378690928933e-01
6.740000000000000568e+01 4.315558728212353090e-01
6.750000000000000000e+01 4.388362163009051353e-01
6.760000000000000853e+01 6.481764642219040029e-01
6.770000000000000284e+01 4.832215415072292353e-01
6.779999999999999716e+01 5.747032746724119179e-02
6.790000000000000568e+01 1.011229644399535138e-01
6.800000000000000000e+01 1.498185693893708259e-01
6.810000000000000853e+01 9.578510760371863886e-02
6.820000000000000284e+01 2.852092444640582855e-02
6.829999999999999716e+01 6.016988860188738908e-01
6.840000000000000568e+01 6.462071228519795651e-01
6.850000000000000000e+01 3.355467251902615605e-02
6.860000000000000853e+01 1.821516670440995522e+00
6.870000000000000284e+01 7.224222872757939118e-02
6.879999999999999716e+01 6.450913753102005543e-02
6.890000000000000568e+01 2.160944024834560162e-01
6.900000000000000000e+01 1.667525061747524018e-02
6.910000000000000853e+01 6.012977978625635295e-02
6.920000000000000284e+01 2.746670231077011359e-02
6.929999999999999716e+01 9.365928305531961637e-03
6.940000000000000568e+01 7.994432695684965465e-03
6.950000000000000000e+01 1.171052047088704529e-01
6.960000000000000853e+01 1.343448918221608945e+00
6.970000000000000284e+01 6.965233645581167532e-02
6.979999999999999716e+01 6.323879712107505907e-04
6.990000000000000568e+01 3.805928521428014353e-04
7.000000000000000000e+01 1.545755367378732472e-03
7.010000000000000853e+01 2.131705451745227742e-02
7.020000000000000284e+01 9.100247195958481583e-02
7.029999999999999716e+01 2.737699958380013232e-02
7.040000000000000568e+01 5.751677994453284481e-02
7.050000000000000000e+01 3.178127830811167142e-04
7.060000000000000853e+01 2.803256648771746459e-03
7.070000000000000284e+01 3.007504627023964688e-03
7.079999999999999716e+01 5.542373821785517851e-02
7.090000000000000568e+01 3.434588428181806208e-02
7.100000000000000000e+01 4.246471383100997032e-02
7.110000000000000853e+01 6.017733843103666852e-02
7.120000000000000284e+01 5.523835492614571907e-03
7.129999999999999716e+01 5.891955508343706127e-02
7.140000000000000568e+01 2.836953009686752902e-01
7.150000000000000000e+01 2.904925546024191285e-01
7.160000000000000853e+01 3.381364419485688999e-01
7.170000000000000284e+01 1.583211073144254932e+01
7.179999999999999716e+01 1.762341676701772553e+00
7.190000000000000568e+01 3.275116930159930995e+00
7.200000000000000000e+01 4.028635121560027454e-01
7.210000000000000853e+01 3.245434151475187434e+00
7.220000000000000284e+01 1.431837237930296958e+01
7.229999999999999716e+01 4.078471979947630999e+00
7.240000000000000568e+01 1.185577262090583783e+00
7.250000000000000000e+01 6.099131635686669828e-01
7.260000000000000853e+01 3.566395323824264052e-01
7.270000000000000284e+01 8.219819928721389113e-01
7.279999999999999716e+01 9.934202546705332537e+00
7.290000000000000568e+01 4.082092316459444703e+00
7.300000000000000000e+01 1.670843678900707374e+01
7.310000000000000853e+01 8.093603183567624981e+00
7.320000000000000284e+01 9.146987691176063917e-01
7.329999999999999716e+01 9.871760952875012762e+00
7.340000000000000568e+01 3.512356632488771169e+00
7.350000000000000000e+01 2.375955077275545835e-01
7.360000000000000853e+01 3.367160552122682837e+00
7.370000000000000284e+01 1.847439690948326219e-01
7.379999999999999716e+01 2.568577711081240889e+00
7.390000000000000568e+01 2.591396886077207973e-01
7.400000000000000000e+01 6.956572493842522187e-01
7.410000000000000853e+01 1.388554596385884077e+00
7.420000000000000284e+01 1.022478095883120885e-01
7.429999999999999716e+01 8.545705251711497308e-01
7.440000000000000568e+01 2.139068376540024907e+00
7.450000000000000000e+01 2.795562444377851463e+01
7.460000000000000853e+01 3.963860815519636982e-01
7.470000000000000284e+01 4.218343667206168879e-02
7.479999999999999716e+01 4.933662999887615808e-01
7.490000000000000568e+01 1.312467299361795570e-02
7.500000000000000000e+01 6.232867726443092060e-02
7.510000000000000853e+01 2.233151879665153050e+00
7.520000000000000284e+01 2.209119289798897046e-01
7.529999999999999716e+01 1.032870054139184202e+00
7.540000000000000568e+01 6.248851736646916094e-02
7.550000000000000000e+01 6.263129046852048631e+00
7.560000000000000853e+01 4.331638718983047198e+00
7.570000000000000284e+01 3.125763732371805159e-01
7.579999999999999716e+01 3.012751489977968156e+00
7.590000000000000568e+01 1.424019146108699008e-01
7.600000000000000000e+01 8.615521585948641980e-02
7.610000000000000853e+01 4.528691228657006490e-02
7.620000000000000284e+01 1.956069843806511610e-01
7.629999999999999716e+01 7.381023611069902346e-01
7.640000000000000568e+01 2.392915099686934721e-01
7.650000000000000000e+01 1.533248776956162331e-02
7.660000000000000853e+01 1.339523022994480173e-01
7.670000000000000284e+01 6.396700040640238005e-02
7.680000000000001137e+01 1.797560929751128647e-02
7.690000000000000568e+01 4.364985039979250858e-02
7.700000000000000000e+01 5.038531007031605419e-02
7.710000000000000853e+01 3.192169544999522157e-02
7.720000000000000284e+01 8.517391135225811649e-02
7.730000000000001137e+01 6.936545257916283680e-02
7.740000000000000568e+01 3.568731618875849998e-01
7.750000000000000000e+01 9.674799860534434304e-01
7.760000000000000853e+01 3.207534420118503959e+01
7.770000000000000284e+01 2.230126230786363184e+00
7.780000000000001137e+01 8.250355532671561631e-01
7.790000000000000568e+01 1.560490730340662324e+00
7.800000000000000000e+01 1.172234337501738832e-01
7.810000000000000853e+01 4.937751123581804458e-02
7.820000000000000284e+01 3.138226965670107838e-01
7.830000000000001137e+01 5.099996687448357102e-01
7.840000000000000568e+01 4.834579410195241067e+00
7.850000000000000000e+01 1.053736403484005102e+01
7.860000000000000853e+01 7.979670427401187816e+00
7.870000000000000284e+01 1.063958116918934671e+01
7.880000000000001137e+01 2.133614698078328153e+00
7.890000000000000568e+01 1.934319881811391140e+00
7.900000000000000000e+01 5.451021479778823675e+00
7.910000000000000853e+01 7.311577828605973828e+00
7.920000000000000284e+01 5.447172715338676419e+00
7.930000000000001137e+01 7.114504490645598977e+00
7.940000000000000568e+01 2.086317104035160686e+00
7.950000000000000000e+01 2.423296801571174441e+01
7.960000000000000853e+01 9.494953065008186144e+00
7.970000000000000284e+01 5.055662117104743913e+01
7.980000000000001137e+01 3.967721378375927976e+00
7.990000000000000568e+01 1.678054651713501357e+02
8.000000000000000000e+01 2.026603377746973251e+02
8.010000000000000853e+01 8.671637403525878085e+01
8.020000000000000284e+01 5.713230960496529320e+01
8.030000000000001137e+01 2.451427780371231790e+01
8.040000000000000568e+01 2.522936261598615282e+00
8.050000000000000000e+01 5.487485240018788346e+01
8.060000000000000853e+01 3.517477447858806450e+00
8.070000000000000284e+01 6.674896663239583461e+01
8.080000000000001137e+01 3.168226759772323575e+01
8.090000000000000568e+01 2.756751188353554838e+01
8.100000000000000000e+01 1.812241938157546750e+00
8.110000000000000853e+01 1.276900645108686838e+00
8.120000000000000284e+01 9.902756620415589239e-01
8.130000000000001137e+01 3.086598969101396506e+01
8.140000000000000568e+01 2.963924197089959467e+00
8.150000000000000000e+01 2.363757303937561449e+00
8.160000000000000853e+01 9.262529021415638608e-01
8.170000000000000284e+01 2.954660541880574365e-01
8.180000000000001137e+01 2.578008956794910489e-01
8.190000000000000568e+01 1.683430207922143929e+00
8.200000000000000000e+01 5.027521259795522113e+00
8.210000000000000853e+01 5.821046086523371521e-01
8.220000000000000284e+01 1.189816994480746537e+01
8.230000000000001137e+01 1.446604924221329114e+01
8.240000000000000568e+01 1.441319508412476935e+01
8.250000000000000000e+01 2.216603823145289753e-01
8.260000000000000853e+01 6.939749918108018001e-01
8.270000000000000284e+01 8.372534798458226568e-01
8.280000000000001137e+01 6.014715657851750663e+00
8.290000000000000568e+01 4.326543541604440102e-01
8.300000000000000000e+01 3.662386892217473378e+00
8.310000000000000853e+01 6.152726029409972597e+00
8.320000000000000284e+01 1.888441505221103256e+01
8.330000000000001137e+01 4.524851143997063119e+00
8.340000000000000568e+01 2.936458173054431242e+01
8.350000000000000000e+01 7.274488136941192806e+01
8.360000000000000853e+01 4.880908053626495757e+01
8.370000000000000284e+01 3.948644207839657838e+01
8.380000000000001137e+01 7.183218203705560967e+00
8.390000000000000568e+01 6.142433680632922055e+00
8.400000000000000000e+01 4.604403170885330354e+00
8.410000000000000853e+01 1.306295762533069933e+02
8.420000000000000284e+01 2.913920677906318701e+01
8.430000000000001137e+01 3.529748007390360698e+01
8.440000000000000568e+01 1.012647983987252420e+00
8.450000000000000000e+01 8.192897018273280096e+00
8.460000000000000853e+01 2.199036879286898838e+01
8.470000000000000284e+01 8.916707964757730309e+00
8.480000000000001137e+01 1.578495837085580789e+01
8.490000000000000568e+01 5.955561113276093010e+01
8.500000000000000000e+01 1.909644488486955254e+02
8.510000000000000853e+01 1.548488617256401589e+01
8.520000000000000284e+01 5.451514927751029971e-01
8.530000000000001137e+01 5.087459268369160981e+01
8.540000000000000568e+01 2.984982814187570455e+01
8.550000000000000000e+01 1.114568414983055646e+02
8.560000000000000853e+01 2.112782869231450533e+01
8.570000000000000284e+01 1.248416112747942464e+01
8.580000000000001137e+01 4.340481273347555202e+01
8.590000000000000568e+01 2.669328331376518904e+01
8.600000000000000000e+01 2.401251591557054255e+01
8.610000000000000853e+01 5.027823080553409341e+01
8.620000000000000284e+01 1.395494738061301021e+01
8.630000000000001137e+01 1.748604048324338933e+01
8.640000000000000568e+01 5.296957600367368713e+01
8.650000000000000000e+01 2.655705495704198782e+01
8.660000000000000853e+01 1.419958949355696332e+00
8.670000000000000284e+01 1.183305897490003566e+01
8.680000000000001137e+01 4.805047267138361278e+00
8.690000000000000568e+01 3.385671405412760127e+00
8.700000000000000000e+01 1.186819637914548409e+01
8.710000000000000853e+01 4.325898649302349952e+01
8.720000000000000284e+01 1.348479100925196583e+01
8.730000000000001137e+01 3.483502275535837356e+00
8.740000000000000568e+01 1.212599744526770280e+02
8.750000000000000000e+01 1.075829338101438815e+01
8.760000000000000853e+01 1.160796643819694083e+02
8.770000000000000284e+01 1.208608997791008051e+02
8.780000000000001137e+01 1.501633076950610359e+02
8.790000000000000568e+01 2.743505595452079859e+01
8.800000000000000000e+01 9.577345296750443548e-01
8.810000000000000853e+01 1.773142258859084386e+00
8.820000000000000284e+01 6.266274901443264866e+01
8.830000000000001137e+01 1.032665708213297506e+02
8.840000000000000568e+01 2.158885373834842483e+02
8.850000000000000000e+01 9.295376095529168481e+01
8.860000000000000853e+01 2.665170738188183464e+02
8.870000000000000284e+01 2.451815946730367557e+02
8.880000000000001137e+01 2.037368408944697080e+02
8.890000000000000568e+01 2.329712993987251650e+02
8.900000000000000000e+01 5.310957735287628338e+02
8.910000000000000853e+01 3.210568563627756475e+02
8.920000000000000284e+01 2.978302617796260847e+02
8.930000000000001137e+01 4.806332646033679339e+02
8.940000000000000568e+01 3.335650131691032811e+02
8.950000000000000000e+01 5.425646117994729138e+02
8.960000000000000853e+01 4.877272497016209059e+02
8.970000000000000284e+01 9.696150274499038915e+02
8.980000000000001137e+01 6.150540413864424636e+02
8.990000000000000568e+01 1.040629496447673091e+03
9.000000000000000000e+01 1.792978057052744134e+03
9.010000000000000853e+01 1.790790787122248958e+03
9.020000000000000284e+01 2.265127340044475204e+03
9.030000000000001137e+01 2.965112172757699682e+03
9.040000000000000568e+01 4.019737385879604699e+04
9.050000000000000000e+01 6.283076539289951324e+04
9.060000000000000853e+01 2.753712620241306468e+03
9.070000000000000284e+01 1.411248555525897609e+04
9.080000000000001137e+01 7.287139683915419255e+02
9.090000000000000568e+01 5.376327558842657709e+03
9.100000000000000000e+01 1.304218775275705639e+03
9.110000000000000853e+01 6.659844680665331680e+02
9.120000000000000284e+01 8.327264879490049907e+02
9.130000000000001137e+01 5.795877447053638889e+02
9.140000000000000568e+01 4.340216179976391118e+02
9.150000000000000000e+01 5.639486395654166699e+02
9.160000000000000853e+01 3.674027323977931019e+02
9.170000000000000284e+01 4.245879058509275978e+02
9.180000000000001137e+01 3.085932219994070920e+02
9.190000000000000568e+01 5.707487563591600974e+02
9.200000000000000000e+01 2.618257792406542421e+02
9.210000000000000853e+01 2.050961549411898943e+02
9.220000000000000284e+01 2.463995576547598034e+02
9.230000000000001137e+01 2.676202405848025592e+02
9.240000000000000568e+01 2.125488396970793588e+02
9.250000000000000000e+01 1.889119407957762462e+02
9.260000000000000853e+01 2.248208440658030725e+02
9.270000000000000284e+01 4.736766899027672650e+01
9.280000000000001137e+01 1.372016349922143341e+01
9.290000000000000568e+01 2.641878791930864501e-01
9.300000000000000000e+01 1.144872311148183108e+01
9.310000000000000853e+01 6.378932734578177133e+01
9.320000000000000284e+01 1.478715216241625967e+02
9.330000000000001137e+01 1.083381778387998509e+02
9.340000000000000568e+01 4.038664749890459404e+01
9.350000000000000000e+01 7.175761220769511795e+01
9.360000000000000853e+01 2.519175165923574511e+01
9.370000000000000284e+01 3.488594312226857674e+00
9.380000000000001137e+01 1.225926122794419229e+02
9.390000000000000568e+01 8.091431667261272054e+00
9.400000000000000000e+01 7.171455219217838462e+00
9.410000000000000853e+01 3.581214627364720737e+00
9.420000000000000284e+01 1.259182084665818913e+01
9.430000000000001137e+01 1.989026538352955953e+00
9.440000000000000568e+01 6.184179986220680547e+00
9.450000000000000000e+01 8.660660551059577017e+01
9.460000000000000853e+01 8.682475633286065531e+00
9.470000000000000284e+01 2.544318204031005592e+01
9.480000000000001137e+01 3.126899257792642928e+01
9.490000000000000568e+01 3.813689396485446537e+01
9.500000000000000000e+01 1.524604274012092553e+01
9.510000000000000853e+01 5.077821810999081720e+01
9.520000000000000284e+01 1.304640651728888834e+01
9.530000000000001137e+01 1.477363561840501660e+01
9.540000000000000568e+01 9.262306871270669717e+01
9.550000000000000000e+01 8.086677648852564460e+01
9.560000000000000853e+01 3.957263758834574219e+01
9.570000000000000284e+01 2.653624277167733858e+00
9.580000000000001137e+01 1.926622308997397726e+00
9.590000000000000568e+01 2.125939969104604188e+02
9.600000000000000000e+01 4.611529071853864536e+01
9.610000000000000853e+01 3.909823474715045677e+01
9.620000000000000284e+01 1.036600984265709791e+01
9.630000000000001137e+01 3.035675777146121490e+01
9.640000000000000568e+01 1.303197700285736005e+01
9.650000000000000000e+01 1.434057977013105889e+00
9.660000000000000853e+01 6.728577721005550849e+00
9.670000000000000284e+01 6.110134743987291017e+01
9.680000000000001137e+01 4.959611949518497909e+01
9.690000000000000568e+01 4.196550931588858901e+01
9.700000000000000000e+01 1.914519168996310583e+00
9.710000000000000853e+01 1.683305939651413397e+01
9.720000000000000284e+01 7.930644052793796028e+00
9.730000000000001137e+01 8.562629947037578404e+01
9.740000000000000568e+01 4.529678121233887822e+01
9.750000000000000000e+01 6.671462172880457331e+01
9.760000000000000853e+01 6.873282228390448445e+00
9.770000000000000284e+01 1.487179500423471090e+01
9.780000000000001137e+01 1.655598718249892087e+01
9.790000000000000568e+01 3.568349340260253300e+00
9.800000000000000000e+01 1.603446907513931929e+00
9.810000000000000853e+01 2.113223130367998248e+00
9.820000000000000284e+01 4.170206769665589341e+00
9.830000000000001137e+01 2.043378663818113672e-01
9.840000000000000568e+01 4.636691711427655127e-01
9.850000000000000000e+01 1.280289523035852417e+00
9.860000000000000853e+01 6.878660726845664897e+01
9.870000000000000284e+01 5.212184756277907560e+00
9.880000000000001137e+01 3.789383633481917091e+00
9.890000000000000568e+01 1.689102736070434041e+00
9.900000000000000000e+01 8.638767354344489391e+00
9.910000000000000853e+01 1.814832344293063338e-01
9.920000000000000284e+01 5.125718794562325042e-01
9.930000000000001137e+01 3.904264819190558788e-01
9.940000000000000568e+01 1.385559453305956978e+00
9.950000000000000000e+01 2.211395750787424674e+00
9.960000000000000853e+01 1.233348092089746295e+01
9.970000000000000284e+01 3.741512966816593622e+00
9.980000000000001137e+01 4.049651818545043636e-01
9.990000000000000568e+01 2.876619921271122315e+00
