0.000000000000000000e+00 2.708534926564962007e+02
1.000000000000000056e-01 2.025810598692441715e+02
2.000000000000000111e-01 6.024817112562688948e+01
3.000000000000000444e-01 5.015119801637645480e+01
4.000000000000000222e-01 3.657853393407354758e+01
5.000000000000000000e-01 9.688537504006983880e+00
6.000000000000000888e-01 1.394284403410673834e+00
7.000000000000000666e-01 1.123194108522335144e+00
8.000000000000000444e-01 4.403388308093301617e+00
9.000000000000000222e-01 7.090230681944544244e+01
1.000000000000000000e+00 1.108036006925068051e+02
1.100000000000000089e+00 3.053935220462436106e+01
1.200000000000000178e+00 8.233996524405126749e+00
1.300000000000000044e+00 3.167426174908933945e+01
1.400000000000000133e+00 1.148959606895609795e+02
1.500000000000000000e+00 1.815944482753738214e+02
1.600000000000000089e+00 1.823435897941368466e+02
1.700000000000000178e+00 1.523714222218615930e+02
1.800000000000000044e+00 7.642643859588709176e+01
1.900000000000000133e+00 6.821381548464866285e+01
2.000000000000000000e+00 4.560661152814237340e+01
2.100000000000000089e+00 1.571907559604358440e+01
2.200000000000000178e+00 1.408639625431275277e+01
2.300000000000000266e+00 6.392224875222150615e+01
2.400000000000000355e+00 1.067121687351067010e+02
2.500000000000000000e+00 8.406968548292523735e+01
2.600000000000000089e+00 1.237499808648431525e+02
2.700000000000000178e+00 5.507853310074788311e+01
2.800000000000000266e+00 1.354654439929374554e+01
2.900000000000000355e+00 3.001230388352279732e+01
3.000000000000000000e+00 1.616254412137547547e+01
3.100000000000000089e+00 1.628362351713914435e+01
3.200000000000000178e+00 3.979874696158788794e+01
3.300000000000000266e+00 2.643669250085467048e+00
3.400000000000000355e+00 1.612660172324880392e+01
3.500000000000000000e+00 4.488905999534025426e+01
3.600000000000000089e+00 1.004007942423232294e+02
3.700000000000000178e+00 1.596797398553993652e+01
3.800000000000000266e+00 1.451782985647303548e+01
3.900000000000000355e+00 3.237658071835397333e+00
4.000000000000000000e+00 9.655951012740113981e+01
4.100000000000000533e+00 3.186814097290932235e+00
4.200000000000000178e+00 1.107137452919856457e+01
4.299999999999999822e+00 1.985688842422316114e+01
4.400000000000000355e+00 1.127958666923438713e+00
4.500000000000000000e+00 7.442092592939783202e+00
4.600000000000000533e+00 5.184579601508472191e-01
4.700000000000000178e+00 1.297265893160478356e+00
4.800000000000000711e+00 1.363552140085526609e+00
4.900000000000000355e+00 4.585522579679545130e-01
5.000000000000000000e+00 4.854609893829757716e+00
5.100000000000000533e+00 3.270686959199766708e-01
5.200000000000000178e+00 7.562636910702030812e-01
5.300000000000000711e+00 1.264581092329512835e+01
5.400000000000000355e+00 3.816131769424619957e+00
5.500000000000000000e+00 7.910537676771914661e+00
5.600000000000000533e+00 1.891882575067614880e+01
5.700000000000000178e+00 7.088775948930444715e-01
5.800000000000000711e+00 1.020180756982849823e+00
5.900000000000000355e+00 1.505427113240789261e+00
6.000000000000000000e+00 8.934271493691634536e-01
6.100000000000000533e+00 1.957559887497413165e-01
6.200000000000000178e+00 3.498121808375574404e-01
6.300000000000000711e+00 7.572956972462427938e-01
6.400000000000000355e+00 8.256773489851448877e-01
6.500000000000000000e+00 2.652490434419676024e+00
6.600000000000000533e+00 1.427054041736098844e+00
6.700000000000000178e+00 7.056130745048140973e+00
6.800000000000000711e+00 1.826926716899077707e-01
6.900000000000000355e+00 7.203292340729357257e-02
7.000000000000000000e+00 2.412917764318501732e-02
7.100000000000000533e+00 1.770117602488794573e+00
7.200000000000000178e+00 4.673797076738013812e-01
7.300000000000000711e+00 1.761832980599626897e-01
7.400000000000000355e+00 1.185845049255773942e+00
7.500000000000000000e+00 7.641915502262272564e-02
7.600000000000000533e+00 4.298311442974361851e-02
7.700000000000000178e+00 1.476299897416859797e-01
7.800000000000000711e+00 3.434606697192416069e-01
7.900000000000000355e+00 7.318790059790225566e-02
8.000000000000000000e+00 1.749132407870305052e-03
8.099999999999999645e+00 4.763516103571951120e-03
8.200000000000001066e+00 2.158132385657227093e-02
8.300000000000000711e+00 3.503985624486236766e-02
8.400000000000000355e+00 7.058538499996892812e-02
8.500000000000000000e+00 4.154046993160676604e-01
8.599999999999999645e+00 1.581308472984784164e+00
8.700000000000001066e+00 1.108573091346716133e+01
8.800000000000000711e+00 5.980486982580845989e+00
8.900000000000000355e+00 1.428834411805884663e+00
9.000000000000000000e+00 1.140348665782324966e+00
9.099999999999999645e+00 1.752129483109692742e+00
9.200000000000001066e+00 7.485223036704970134e+00
9.300000000000000711e+00 1.012756604190576226e+00
9.400000000000000355e+00 2.781089967869335156e-01
9.500000000000000000e+00 3.849447408496834977e-01
9.600000000000001421e+00 3.374801500561772638e-01
9.700000000000001066e+00 3.933087624128768778e-01
9.800000000000000711e+00 2.205861167183722216e-01
9.900000000000000355e+00 1.189747260692240083e+01
1.000000000000000000e+01 4.537442098779743560e+01
1.010000000000000142e+01 7.109624804797103348e-01
1.020000000000000107e+01 1.147984223545254956e+01
1.030000000000000071e+01 2.710102496375642822e+00
1.040000000000000036e+01 2.648793165380745052e+00
1.050000000000000000e+01 2.889189513302093726e+00
1.060000000000000142e+01 4.854704834047337547e-01
1.070000000000000107e+01 1.544692697399460579e+00
1.080000000000000071e+01 2.181217119392001180e+01
1.090000000000000036e+01 1.461704419209480577e+01
1.100000000000000000e+01 2.453584335153878027e-01
1.110000000000000142e+01 2.440842944254230762e+00
1.120000000000000107e+01 1.417949871230325398e-01
1.130000000000000071e+01 2.892345300848226386e-01
1.140000000000000036e+01 9.829474665290420798e-01
1.150000000000000000e+01 3.493695811867016054e+00
1.160000000000000142e+01 7.862792215869548684e+00
1.170000000000000107e+01 6.313804971327144910e-01
1.180000000000000071e+01 2.119615870402538627e-02
1.190000000000000036e+01 1.039211699809405448e-01
1.200000000000000000e+01 2.647582040225540556e+00
1.210000000000000142e+01 5.639782498208158579e+00
1.220000000000000107e+01 1.175617655457160904e+00
1.230000000000000071e+01 1.127019345079244061e+00
1.240000000000000036e+01 2.102388106133909584e+00
1.250000000000000000e+01 2.937212452656358774e+00
1.260000000000000142e+01 1.438210041895591484e-01
1.270000000000000107e+01 2.503414024919273784e-01
1.280000000000000071e+01 2.639119409449878773e-01
1.290000000000000036e+01 1.793629400153554654e-01
1.300000000000000000e+01 1.712844548917313858e+00
1.310000000000000142e+01 1.717370574982793330e-01
1.320000000000000107e+01 5.493760438608044638e-02
1.330000000000000071e+01 2.973679600861524677e-02
1.340000000000000036e+01 1.426578642891776320e-02
1.350000000000000000e+01 1.198774133791284252e-01
1.360000000000000142e+01 1.486823314603372970e-01
1.370000000000000107e+01 9.692425542818161599e-02
1.380000000000000071e+01 7.216730721674816107e-02
1.390000000000000036e+01 7.909220994271783101e-02
1.400000000000000000e+01 1.753953548662443573e-01
1.410000000000000142e+01 8.664180477278566883e-01
1.420000000000000107e+01 1.996319599527866195e+00
1.430000000000000071e+01 1.952105472365509575e+00
1.440000000000000036e+01 1.369660483412198815e+01
1.450000000000000000e+01 3.049395219027756454e+01
1.460000000000000142e+01 5.366616740009406072e+01
1.470000000000000107e+01 1.118327160693889510e+02
1.480000000000000071e+01 6.521113466807844361e+01
1.490000000000000036e+01 8.553153289129147296e+00
1.500000000000000000e+01 1.488207657701220832e+01
1.510000000000000142e+01 2.974260549510780560e+00
1.520000000000000107e+01 1.875545410367880805e+00
1.530000000000000071e+01 2.701953709126689418e+01
1.540000000000000036e+01 1.967899458226708864e+00
1.550000000000000000e+01 3.384884664245270347e+00
1.560000000000000142e+01 2.373855424039366946e-01
1.570000000000000107e+01 3.027296902481954710e+00
1.580000000000000071e+01 2.596100807878078509e+00
1.590000000000000036e+01 2.789509234686644579e-01
1.600000000000000000e+01 1.413220310540461988e-01
1.610000000000000142e+01 3.690952404090039884e-01
1.619999999999999929e+01 8.480044349031756745e-02
1.630000000000000071e+01 1.417967755521289064e+00
1.640000000000000213e+01 7.034958565319472612e+00
1.650000000000000000e+01 2.510120596868970821e+00
1.660000000000000142e+01 6.630453822703151756e-01
1.669999999999999929e+01 2.650935863489607858e+00
1.680000000000000071e+01 3.664674558400238880e+01
1.690000000000000213e+01 2.429150727547082222e-01
1.700000000000000000e+01 1.722475911190053943e-01
1.710000000000000142e+01 1.439023800936605757e-01
1.719999999999999929e+01 2.862829968694450833e-01
1.730000000000000071e+01 4.354349965600509687e-01
1.740000000000000213e+01 2.042875418445114499e-01
1.750000000000000000e+01 3.445589593354149438e-02
1.760000000000000142e+01 6.524792067023084396e-02
1.769999999999999929e+01 5.992888633105886154e-01
1.780000000000000071e+01 5.993080559391634338e-02
1.790000000000000213e+01 5.529531391674645524e-02
1.800000000000000000e+01 2.461795303592514625e-02
1.810000000000000142e+01 2.035638287749737263e-02
1.819999999999999929e+01 8.982636952206635161e-02
1.830000000000000071e+01 7.427246952597420238e-02
1.840000000000000213e+01 9.968330816015279205e-02
1.850000000000000000e+01 4.993269530421131086e-01
1.860000000000000142e+01 7.619323195659917503e-02
1.869999999999999929e+01 2.847771048080045553e-01
1.880000000000000071e+01 5.637928721766244378e-02
1.890000000000000213e+01 1.894363951964547071e-02
1.900000000000000000e+01 3.007249539110353831e-04
1.910000000000000142e+01 2.424571922089432084e-03
1.920000000000000284e+01 2.305638732235331181e-02
1.930000000000000071e+01 2.430294200225480497e-02
1.940000000000000213e+01 1.695364585059007953e-03
1.950000000000000000e+01 1.181612058604259580e-02
1.960000000000000142e+01 1.685622312599000805e-01
1.970000000000000284e+01 4.967784866244277786e-02
1.980000000000000071e+01 3.489175465138252136e-02
1.990000000000000213e+01 1.969275610471690058e-02
2.000000000000000000e+01 8.473681999484859728e-03
2.010000000000000142e+01 5.645778312192443332e-02
2.020000000000000284e+01 6.610411478293808096e-02
2.030000000000000071e+01 7.254604517222982274e-01
2.040000000000000213e+01 3.852381500966541306e-01
2.050000000000000000e+01 1.844640019621062998e-01
2.060000000000000142e+01 3.639128313831792472e+00
2.070000000000000284e+01 1.133595016907432029e+00
2.080000000000000071e+01 5.226834473005389364e-02
2.090000000000000213e+01 1.174925889932546506e-02
2.100000000000000000e+01 2.599744084406112928e-03
2.110000000000000142e+01 3.132119280607669528e-03
2.120000000000000284e+01 6.619664771809895265e-02
2.130000000000000071e+01 3.244008438303286335e-02
2.140000000000000213e+01 1.739947342563133437e-02
2.150000000000000000e+01 1.448472160841611511e-02
2.160000000000000142e+01 1.602515565445233880e-01
2.170000000000000284e+01 2.802073866137009817e-01
2.180000000000000071e+01 1.497257328456428738e+01
2.190000000000000213e+01 2.872813404704233964e+00
2.200000000000000000e+01 4.841183243614229359e-01
2.210000000000000142e+01 5.817078287321328367e-02
2.220000000000000284e+01 2.378588015857293139e-02
2.230000000000000071e+01 1.605953136884525900e-01
2.240000000000000213e+01 1.872012153066711648e-01
2.250000000000000000e+01 3.222091737257824773e-02
2.260000000000000142e+01 4.145387870808059719e-03
2.270000000000000284e+01 5.598984176584285988e-02
2.280000000000000071e+01 4.762828598040055178e-02
2.290000000000000213e+01 5.425428660539381720e-02
2.300000000000000000e+01 1.314952184602525553e-01
2.310000000000000142e+01 3.581457780571773442e-01
2.320000000000000284e+01 2.129492534268008844e-02
2.330000000000000071e+01 7.247302693782989302e-02
2.340000000000000213e+01 4.727853906823125674e-01
2.350000000000000000e+01 3.795357864090426858e+00
2.360000000000000142e+01 5.095508574619736386e+00
2.370000000000000284e+01 1.370098043879801331e-01
2.380000000000000071e+01 2.461193327602186343e-01
2.390000000000000213e+01 9.574349355021555263e-02
2.400000000000000000e+01 1.771038263370160459e-01
2.410000000000000142e+01 1.410404317566384125e-01
2.420000000000000284e+01 3.259919871446021467e-01
2.430000000000000071e+01 1.521673832214403832e-01
2.440000000000000213e+01 4.545259274872379129e-02
2.450000000000000000e+01 4.088376986713376099e-02
2.460000000000000142e+01 5.161677313572031744e-01
2.470000000000000284e+01 6.192875366301628048e+00
2.480000000000000071e+01 6.121456789560282552e-02
2.490000000000000213e+01 2.838314050186904747e-02
2.500000000000000000e+01 1.112059341254890837e-01
2.510000000000000142e+01 3.376781169876081901e-01
2.520000000000000284e+01 2.174373432815034368e-01
2.530000000000000071e+01 1.082794228739667464e+00
2.540000000000000213e+01 1.921977846903034082e-01
2.550000000000000000e+01 7.870461676517813698e-01
2.560000000000000142e+01 1.645807169241021717e-01
2.570000000000000284e+01 5.447386997990885105e-01
2.580000000000000071e+01 1.271354754397868270e+00
2.590000000000000213e+01 2.645959712588600965e+00
2.600000000000000000e+01 7.706972746490198256e-01
2.610000000000000142e+01 3.633188252815566788e+00
2.620000000000000284e+01 1.160426627906169905e+01
2.630000000000000071e+01 2.310596137795473837e+01
2.640000000000000213e+01 3.845009748938026206e+01
2.650000000000000000e+01 1.034632488201438605e+01
2.660000000000000142e+01 1.081734362055923437e+00
2.670000000000000284e+01 4.998220040530559904e-01
2.680000000000000071e+01 1.912763081444158519e+00
2.690000000000000213e+01 1.062021273985058079e+00
2.700000000000000000e+01 1.155946042326937151e-01
2.710000000000000142e+01 1.053546068214726295e-01
2.720000000000000284e+01 1.154370913936437482e-01
2.730000000000000071e+01 2.671994167649815455e-01
2.740000000000000213e+01 2.967935588839195393e+00
2.750000000000000000e+01 1.871719780469202343e-01
2.760000000000000142e+01 6.022433998434125746e-01
2.770000000000000284e+01 5.447744657782935818e-01
2.780000000000000071e+01 1.310980833443085247e+00
2.790000000000000213e+01 1.252554725966305682e+00
2.800000000000000000e+01 5.743894176624317893e+00
2.810000000000000142e+01 7.136309803460150203e-01
2.820000000000000284e+01 2.469387451782069365e-01
2.830000000000000071e+01 2.869518536144521903e+00
2.840000000000000213e+01 4.392546009107551885e-01
2.850000000000000000e+01 1.457811254545264612e+00
2.860000000000000142e+01 8.536427109811657310e-01
2.870000000000000284e+01 2.434123952561837001e+00
2.880000000000000071e+01 1.435263016521644097e+01
2.890000000000000213e+01 6.009174728238934726e+00
2.900000000000000000e+01 2.151206454137394086e+00
2.910000000000000142e+01 1.909025722519126722e+00
2.920000000000000284e+01 7.396571983321892141e+00
2.930000000000000071e+01 9.942334760832609586e-01
2.940000000000000213e+01 1.031459286161217292e+00
2.950000000000000000e+01 3.183523097729287876e+00
2.960000000000000142e+01 1.318049597183581412e+01
2.970000000000000284e+01 4.661095315472274514e-01
2.980000000000000071e+01 4.475232616862160340e-01
2.990000000000000213e+01 1.498947924029447321e-01
3.000000000000000000e+01 7.109855847416856056e-01
3.010000000000000142e+01 2.869618323973061047e-01
3.020000000000000284e+01 1.703834310819940523e+00
3.030000000000000071e+01 1.420447476233807904e-01
3.040000000000000213e+01 5.297596955309245015e-01
3.050000000000000000e+01 1.906798829046782728e+01
3.060000000000000142e+01 1.349678791038694481e+00
3.070000000000000284e+01 9.620915829351829984e+00
3.080000000000000071e+01 5.664793124533671342e-01
3.090000000000000213e+01 2.033922119022297803e+00
3.100000000000000000e+01 3.211152062243597616e+00
3.110000000000000142e+01 1.765101017693059493e+00
3.120000000000000284e+01 2.020823804986230154e+00
3.130000000000000071e+01 2.884782874924569085e-01
3.140000000000000213e+01 1.947318245088024702e-01
3.150000000000000000e+01 1.796090366672103089e+00
3.160000000000000142e+01 1.430013732896814549e+00
3.170000000000000284e+01 6.067940622198555900e+00
3.180000000000000071e+01 8.436405765738534512e+00
3.190000000000000213e+01 3.429170791785159378e-01
3.200000000000000000e+01 2.492728164476790020e+00
3.210000000000000142e+01 1.956647392332707680e-01
3.220000000000000284e+01 1.021470457049664798e-01
3.230000000000000426e+01 2.573192079402284449e+00
3.239999999999999858e+01 5.694868420855319968e+00
3.250000000000000000e+01 4.317433267500137895e+00
3.260000000000000142e+01 1.418308969395727814e+00
3.270000000000000284e+01 9.180602741470523798e-01
3.280000000000000426e+01 3.160389629879520434e+00
3.289999999999999858e+01 6.822736368649267469e+00
3.300000000000000000e+01 1.130378766986177341e+00
3.310000000000000142e+01 1.821664082567788778e+00
3.320000000000000284e+01 9.121914875415917390e-01
3.330000000000000426e+01 1.573795155872356410e+00
3.339999999999999858e+01 7.750418677491083486e+00
3.350000000000000000e+01 1.019141831864233794e+01
3.360000000000000142e+01 3.136818210471430390e+00
3.370000000000000284e+01 1.218141358707046651e+00
3.380000000000000426e+01 1.016887178612550713e+01
3.389999999999999858e+01 9.918142120608678169e+01
3.400000000000000000e+01 1.889978210606808418e+01
3.410000000000000142e+01 7.131218337703895571e+00
3.420000000000000284e+01 1.209919626388146163e+01
3.430000000000000426e+01 3.134821347868778307e+00
3.439999999999999858e+01 1.405518397819387477e+00
3.450000000000000000e+01 2.828557487639681511e+00
3.460000000000000142e+01 5.176887240276538904e+00
3.470000000000000284e+01 5.351490292858030351e+00
3.480000000000000426e+01 5.638537907590061238e+00
3.489999999999999858e+01 9.914057341138686752e+00
3.500000000000000000e+01 2.042264062593514495e+01
3.510000000000000142e+01 1.356163966246301911e+01
3.520000000000000284e+01 4.826417641897181809e+00
3.530000000000000426e+01 1.309815346119754587e+00
3.539999999999999858e+01 1.384604175663613379e+00
3.550000000000000000e+01 1.471734899415007014e+01
3.560000000000000142e+01 2.766242272085017007e+01
3.570000000000000284e+01 2.513899044066875632e+01
3.580000000000000426e+01 1.019029938326375895e+00
3.589999999999999858e+01 3.788264386408160078e+01
3.600000000000000000e+01 1.175749997104486333e+01
3.610000000000000142e+01 3.504858565621144351e+01
3.620000000000000284e+01 4.107239355391604785e-01
3.630000000000000426e+01 1.538753531968683808e+00
3.639999999999999858e+01 6.178609597008217769e+00
3.650000000000000000e+01 2.127863016724644563e-01
3.660000000000000142e+01 9.871606077256400713e-01
3.670000000000000284e+01 3.030216611107139357e+01
3.680000000000000426e+01 8.966518632970849056e-01
3.689999999999999858e+01 2.042048216877931210e+01
3.700000000000000000e+01 5.907509702264439255e+01
3.710000000000000142e+01 3.627011331743679734e-01
3.720000000000000284e+01 2.873758004116538367e-01
3.730000000000000426e+01 3.930930444153771797e-01
3.739999999999999858e+01 1.321136333320603207e+00
3.750000000000000000e+01 1.081774578364483430e+00
3.760000000000000142e+01 2.809342014034330037e-01
3.770000000000000284e+01 4.666277775027218300e-01
3.780000000000000426e+01 7.044243525129610939e-01
3.789999999999999858e+01 1.300962936279866700e+00
3.800000000000000000e+01 4.317656797401776991e+00
3.810000000000000142e+01 7.688298790006127259e-01
3.820000000000000284e+01 1.333435251818497758e-01
3.830000000000000426e+01 4.874836406515377085e-01
3.840000000000000568e+01 2.224813928889572967e-01
3.850000000000000000e+01 9.339267604931934530e-01
3.860000000000000142e+01 3.199983843116487758e+00
3.870000000000000284e+01 1.289162421972112060e-01
3.880000000000000426e+01 1.282406141941510702e+00
3.890000000000000568e+01 1.085720956517460678e+02
3.900000000000000000e+01 1.516994138964841454e+01
3.910000000000000142e+01 3.242820896211515147e-01
3.920000000000000284e+01 1.616743496178362771e-01
3.930000000000000426e+01 2.328645040718111958e-01
3.940000000000000568e+01 3.905352358595084450e-01
3.950000000000000000e+01 1.155485188808966779e+00
3.960000000000000142e+01 8.403133235174406468e-02
3.970000000000000284e+01 6.140019828793791268e-01
3.980000000000000426e+01 1.728674017901445648e-01
3.990000000000000568e+01 6.596800318315058920e-02
4.000000000000000000e+01 4.417163507008097789e-01
4.010000000000000142e+01 4.692077318455148749e+00
4.020000000000000284e+01 1.640682663449909151e-01
4.030000000000000426e+01 2.663249370080242873e-01
4.040000000000000568e+01 3.030096355920447113e-02
4.050000000000000000e+01 5.467855975663533236e-02
4.060000000000000142e+01 1.367920957334740895e-03
4.070000000000000284e+01 1.486818195461991204e-02
4.080000000000000426e+01 2.579159312489838207e+00
4.090000000000000568e+01 7.581177736293946978e-01
4.100000000000000000e+01 1.407869965111811172e+00
4.110000000000000142e+01 4.486065528218354248e-01
4.120000000000000284e+01 1.714893642453031664e+00
4.130000000000000426e+01 1.023906356987421384e+00
4.140000000000000568e+01 2.362315558280937644e+00
4.150000000000000000e+01 4.928329386289384217e+01
4.160000000000000142e+01 8.952705927094437577e-01
4.170000000000000284e+01 2.751528174150720818e-01
4.180000000000000426e+01 1.052295119548246838e+00
4.190000000000000568e+01 6.232954240955708158e-01
4.200000000000000000e+01 6.831732654117873837e-02
4.210000000000000142e+01 3.660383671579465759e-01
4.220000000000000284e+01 7.388219571018728171e-01
4.230000000000000426e+01 7.929850977946433233e-01
4.240000000000000568e+01 3.006460805887070098e-01
4.250000000000000000e+01 5.915130434285632149e-02
4.260000000000000142e+01 5.034527276613379350e-03
4.270000000000000284e+01 2.055136001487157388e-02
4.280000000000000426e+01 4.722379054849816515e-02
4.290000000000000568e+01 2.301794398257378874e-02
4.300000000000000000e+01 1.445232891182835488e-01
4.310000000000000142e+01 4.070782887064138822e-01
4.320000000000000284e+01 4.082861972253057914e-01
4.330000000000000426e+01 8.259425389035583709e-02
4.340000000000000568e+01 2.073493025447211424e-01
4.350000000000000000e+01 1.326650876502367127e-01
4.360000000000000142e+01 3.083627015170969324e-03
4.370000000000000284e+01 2.400710133683700304e-03
4.380000000000000426e+01 1.240140695807711441e-01
4.390000000000000568e+01 2.920118485756534668e-02
4.400000000000000000e+01 7.596368872473262535e+00
4.410000000000000142e+01 2.418968723083508010e+01
4.420000000000000284e+01 2.366741295087891050e-01
4.430000000000000426e+01 7.345631303147551749e-01
4.440000000000000568e+01 2.743721703701408110e+00
4.450000000000000000e+01 1.280812044824587659e+00
4.460000000000000142e+01 1.579894397493532887e+00
4.470000000000000284e+01 1.347851438904192900e-01
4.480000000000000426e+01 3.088632320504343109e-01
4.490000000000000568e+01 8.806724655100862942e-02
4.500000000000000000e+01 9.977095489279504126e-03
4.510000000000000142e+01 6.924192112031818391e-02
4.520000000000000284e+01 2.152595687462428575e+00
4.530000000000000426e+01 3.290346349332096132e+00
4.540000000000000568e+01 8.828463567253979072e-01
4.550000000000000000e+01 1.210440351321810049e+00
4.560000000000000142e+01 1.134064485998355520e+00
4.570000000000000284e+01 4.770066943613422428e-01
4.580000000000000426e+01 1.929914933415874945e-01
4.590000000000000568e+01 1.713035898224583686e+00
4.600000000000000000e+01 9.595137919051669684e+00
4.610000000000000142e+01 7.710575454452663902e-01
4.620000000000000284e+01 8.779236172841863306e-01
4.630000000000000426e+01 9.368197692882432315e-02
4.640000000000000568e+01 1.323927588079017170e-01
4.650000000000000000e+01 1.845993539019860075e-01
4.660000000000000142e+01 9.144937572170072637e-02
4.670000000000000284e+01 1.788860683229782228e-02
4.680000000000000426e+01 7.808456475319371093e-02
4.690000000000000568e+01 6.783115457586925967e-02
4.700000000000000000e+01 6.544063100405014821e-02
4.710000000000000142e+01 8.000160080517267902e-01
4.720000000000000284e+01 8.523762483065079332e-01
4.730000000000000426e+01 3.252602623043675312e+00
4.740000000000000568e+01 4.857764678593968100e+00
4.750000000000000000e+01 6.621062206011095519e+00
4.760000000000000142e+01 3.908260951837337682e+00
4.770000000000000284e+01 4.786682018348786727e+01
4.780000000000000426e+01 1.997477417742535977e+01
4.790000000000000568e+01 1.416923350553646621e+01
4.800000000000000000e+01 2.773985171111255976e+00
4.810000000000000142e+01 3.681162438788777802e+00
4.820000000000000284e+01 9.659982076040904531e+00
4.830000000000000426e+01 1.941506645241130924e+00
4.840000000000000568e+01 1.610992425772956205e+00
4.850000000000000000e+01 1.403577375429117868e+00
4.860000000000000142e+01 5.455957181242064857e-01
4.870000000000000284e+01 4.474497327710101757e+01
4.880000000000000426e+01 5.095233949383337801e+01
4.890000000000000568e+01 9.172802708250332060e+00
4.900000000000000000e+01 3.684263371465697490e-01
4.910000000000000142e+01 6.538962578337757792e-02
4.920000000000000284e+01 1.461459639899608531e-01
4.930000000000000426e+01 1.241295490959624992e+01
4.940000000000000568e+01 1.942153038551490907e+00
4.950000000000000000e+01 1.436789427225512616e+00
4.960000000000000142e+01 1.032113567993957037e+00
4.970000000000000284e+01 1.603007253936534482e-01
4.980000000000000426e+01 6.486239099835993116e-01
4.990000000000000568e+01 3.579357544516402356e+01
5.000000000000000000e+01 1.742581431164395056e+01
5.010000000000000142e+01 1.041160587020027251e+01
5.020000000000000284e+01 2.365853500515503782e+01
5.030000000000000426e+01 2.560975308528023131e+00
5.040000000000000568e+01 1.065057102782440523e+01
5.050000000000000000e+01 1.174860038309654353e+00
5.060000000000000142e+01 4.197183761297790250e-01
5.070000000000000284e+01 3.264502802317825747e+00
5.080000000000000426e+01 4.278171089437756258e+00
5.090000000000000568e+01 9.112499381853783831e+00
5.100000000000000000e+01 3.033516479025679669e+00
5.110000000000000142e+01 1.584117980154053029e+00
5.120000000000000284e+01 1.619645551151636909e+01
5.130000000000000426e+01 2.537350983106276825e-01
5.140000000000000568e+01 1.324850547923711874e-01
5.150000000000000000e+01 2.468977754797436219e+01
5.160000000000000142e+01 7.406391321485214618e+00
5.170000000000000284e+01 8.517824591913597532e-02
5.180000000000000426e+01 2.116507905450723814e-01
5.190000000000000568e+01 4.014661304898628491e-02
5.200000000000000000e+01 1.666934985640046440e-02
5.210000000000000142e+01 3.298002355727933099e-02
5.220000000000000284e+01 2.653668274143143602e-02
5.230000000000000426e+01 3.590108903241061022e-01
5.240000000000000568e+01 7.875255407920832562e-01
5.250000000000000000e+01 7.156528045390024573e-02
5.260000000000000142e+01 3.651207482533373461e-01
5.270000000000000284e+01 1.226532729943558692e-01
5.280000000000000426e+01 6.357424044304565980e-01
5.290000000000000568e+01 5.310340455474909405e+00
5.300000000000000000e+01 7.211038491349492041e+00
5.310000000000000142e+01 1.219535967261464071e+00
5.320000000000000284e+01 2.702646940450393664e+00
5.330000000000000426e+01 5.231774475061434337e+00
5.340000000000000568e+01 3.136187089416220708e+00
5.350000000000000000e+01 6.557242110749041952e-01
5.360000000000000142e+01 6.694620559747304966e+00
5.370000000000000284e+01 1.629072969215294153e-01
5.380000000000000426e+01 1.537488618708413197e-02
5.390000000000000568e+01 1.130461745858312751e-02
5.400000000000000000e+01 2.596893764822632775e-02
5.410000000000000142e+01 2.127559185360492766e-01
5.420000000000000284e+01 5.443322959151948304e-01
5.430000000000000426e+01 4.103081894223206127e-01
5.440000000000000568e+01 1.073187595512172660e-01
5.450000000000000000e+01 4.795890522581677473e+00
5.460000000000000142e+01 7.331710991860231896e-01
5.470000000000000284e+01 2.076622133557876893e-01
5.480000000000000426e+01 6.014337577070716367e-01
5.490000000000000568e+01 5.854208604573835073e-01
5.500000000000000000e+01 1.511907252221678620e-02
5.510000000000000142e+01 1.015770490065238431e-03
5.520000000000000284e+01 6.587507900468626831e-02
5.530000000000000426e+01 7.557328851089654964e-02
5.540000000000000568e+01 9.207362968732599184e-02
5.550000000000000000e+01 1.345450624776249604e-01
5.560000000000000142e+01 7.127321472967358407e-01
5.570000000000000284e+01 8.056743014585310281e-03
5.580000000000000426e+01 1.318733871680432268e-01
5.590000000000000568e+01 3.094774929348252379e-01
5.600000000000000000e+01 6.600030245101506585e-03
5.610000000000000142e+01 5.435195969079688327e-02
5.620000000000000284e+01 1.146690790994519538e-01
5.630000000000000426e+01 1.181347535816328342e+00
5.640000000000000568e+01 1.436815630330587679e+00
5.650000000000000000e+01 3.019826408730781897e-01
5.660000000000000142e+01 6.272740918378431063e-01
5.670000000000000284e+01 5.597134074790996117e+00
5.680000000000000426e+01 2.035091711671157821e-01
5.690000000000000568e+01 4.030685943331893117e-01
5.700000000000000000e+01 2.844533543618246729e-01
5.710000000000000142e+01 3.905593439327058602e-01
5.720000000000000284e+01 2.891622524461716082e-01
5.730000000000000426e+01 4.671202414543218495e+00
5.740000000000000568e+01 1.130197116920528089e+01
5.750000000000000000e+01 1.710437600485436471e+00
5.760000000000000142e+01 6.761389481050871231e-01
5.770000000000000284e+01 9.589380711109601885e-02
5.780000000000000426e+01 1.319064372162217502e+00
5.790000000000000568e+01 5.928257211171064078e-01
5.800000000000000000e+01 1.127319069804399027e-01
5.810000000000000142e+01 1.285955456468049207e-01
5.820000000000000284e+01 7.333029806780981021e-03
5.830000000000000426e+01 8.154264214775433159e-03
5.840000000000000568e+01 1.595203080041731128e-02
5.850000000000000000e+01 1.295905375136484350e-02
5.860000000000000142e+01 1.245005337039458704e+00
5.870000000000000284e+01 4.069820653875523497e+00
5.880000000000000426e+01 4.759981147028931048e-01
5.890000000000000568e+01 1.305144048406811641e-01
5.900000000000000000e+01 8.239461581412775570e-02
5.910000000000000142e+01 2.885301548615834544e-01
5.920000000000000284e+01 4.739614149532808129e-01
5.930000000000000426e+01 4.871316166073852982e-01
5.940000000000000568e+01 3.068692463934883374e+00
5.950000000000000000e+01 3.177419549156198508e-01
5.960000000000000142e+01 5.406652422602746810e-01
5.970000000000000284e+01 3.014963461060640171e+01
5.980000000000000426e+01 1.809468574297260934e+00
5.990000000000000568e+01 4.411786893226808948e-01
6.000000000000000000e+01 5.017528919450229274e+00
6.010000000000000142e+01 1.661418661596602009e+00
6.020000000000000284e+01 2.485151543649935235e-01
6.030000000000000426e+01 8.696341712576375338e-01
6.040000000000000568e+01 1.500619395814195012e-01
6.050000000000000000e+01 1.234569897897925261e-01
6.060000000000000142e+01 8.479690384852191232e-02
6.070000000000000284e+01 1.311310392967832072e+01
6.080000000000000426e+01 2.649050373720494456e+00
6.090000000000000568e+01 1.653281276595548022e+00
6.100000000000000000e+01 2.813498801204315392e+00
6.110000000000000142e+01 3.750569024931875717e-01
6.120000000000000284e+01 2.515366501316218528e-01
6.130000000000000426e+01 2.222416104261407011e+00
6.140000000000000568e+01 6.425749704781070770e-01
6.150000000000000000e+01 4.702207179189685782e-01
6.160000000000000142e+01 1.112665827612409064e+00
6.170000000000000284e+01 4.093119406226733759e+00
6.180000000000000426e+01 1.690887466993410193e+00
6.190000000000000568e+01 1.483157110537051615e+01
6.200000000000000000e+01 8.226658800872328925e+00
6.210000000000000142e+01 1.089537123728111645e+01
6.220000000000000284e+01 3.872355896570802702e+00
6.230000000000000426e+01 2.477379714565808855e-01
6.240000000000000568e+01 1.042054664268741604e+00
6.250000000000000000e+01 4.417655736202759442e+01
6.260000000000000142e+01 1.304026192892314207e+01
6.270000000000000284e+01 3.175748761867623227e+00
6.280000000000000426e+01 7.427689048703879138e+00
6.290000000000000568e+01 1.720009606074256681e+01
6.300000000000000000e+01 2.717695186089767034e+01
6.310000000000000142e+01 3.355766397363649123e+00
6.320000000000000284e+01 6.272196385767368376e+00
6.330000000000000426e+01 2.229214776949543619e+01
6.340000000000000568e+01 1.447775434867528910e+00
6.350000000000000000e+01 9.318554603731778130e+00
6.360000000000000142e+01 7.203332166076952703e+00
6.370000000000000284e+01 9.516207557061852285e+00
6.380000000000000426e+01 9.418210461367040764e+00
6.390000000000000568e+01 6.522274757717398508e+00
6.400000000000000000e+01 3.977655549144930802e+00
6.410000000000000853e+01 2.874413315560596516e+01
6.420000000000000284e+01 3.168312799188305995e+00
6.429999999999999716e+01 2.286460590234215218e+00
6.440000000000000568e+01 3.142206496287113460e+00
6.450000000000000000e+01 5.512671050462075728e-01
6.460000000000000853e+01 4.888641252391298764e+00
6.470000000000000284e+01 1.295197196054043332e+01
6.479999999999999716e+01 2.406090883478075071e+01
6.490000000000000568e+01 3.087917882266408842e+00
6.500000000000000000e+01 1.331568681644086372e+00
6.510000000000000853e+01 8.723082476680980690e+00
6.520000000000000284e+01 4.845001143516008746e+00
6.529999999999999716e+01 5.008587139796726539e+00
6.540000000000000568e+01 2.845218949880592429e+00
6.550000000000000000e+01 5.190542592592424231e-01
6.560000000000000853e+01 6.227174188714323932e-01
6.570000000000000284e+01 2.597747827043092705e+00
6.579999999999999716e+01 2.913714041487902584e-01
6.590000000000000568e+01 5.198085020777868159e+00
6.600000000000000000e+01 1.323643613637887739e+00
6.610000000000000853e+01 1.744676369617069067e+00
6.620000000000000284e+01 9.344328112825987631e+00
6.629999999999999716e+01 2.922218793464952391e-01
6.640000000000000568e+01 2.207411541824961354e+00
6.650000000000000000e+01 1.263135303918270447e+00
6.660000000000000853e+01 7.037971773429028133e-01
6.670000000000000284e+01 1.647477204261794392e-01
6.679999999999999716e+01 3.773545335943789270e-01
6.690000000000000568e+01 1.517361401686520228e+00
6.700000000000000000e+01 1.308758468965123711e+01
6.710000000000000853e+01 3.258939847442353877e+00
6.720000000000000284e+01 6.200090646890726198e+00
6.729999999999999716e+01 1.861607044336770489e-01
6.740000000000000568e+01 1.691358864942164031e-01
6.750000000000000000e+01 4.375399799032503312e-01
6.760000000000000853e+01 1.529287448068088029e+00
6.770000000000000284e+01 8.332585708597380902e-01
6.779999999999999716e+01 3.042864270686829187e-01
6.790000000000000568e+01 6.348619857593011062e+00
6.800000000000000000e+01 3.627200894313383994e+00
6.810000000000000853e+01 3.097042987170039652e+01
6.820000000000000284e+01 7.886493394735198947e-01
6.829999999999999716e+01 3.299537991517307312e-01
6.840000000000000568e+01 1.027921744279906591e+01
6.850000000000000000e+01 9.929201101548686959e-01
6.860000000000000853e+01 7.982973676895096515e-01
6.870000000000000284e+01 7.137831127948077725e-01
6.879999999999999716e+01 1.584498909055658489e+00
6.890000000000000568e+01 2.030267179275558331e-01
6.900000000000000000e+01 5.726943441368046450e-01
6.910000000000000853e+01 9.834988521587412214e-01
6.920000000000000284e+01 1.051351588194481046e+00
6.929999999999999716e+01 2.225380507873139013e+00
6.940000000000000568e+01 4.797923663746886724e+00
6.950000000000000000e+01 1.797154862349753079e+00
6.960000000000000853e+01 3.151051002584917882e+00
6.970000000000000284e+01 5.714384935461532145e+00
6.979999999999999716e+01 1.093709571845540829e+01
6.990000000000000568e+01 5.201816631929926160e+00
7.000000000000000000e+01 6.618959596204588181e+00
7.010000000000000853e+01 2.071183995981698889e+00
7.020000000000000284e+01 4.999053289361236274e+00
7.029999999999999716e+01 3.442762015863241931e+00
7.040000000000000568e+01 9.475396035123322125e-02
7.050000000000000000e+01 1.839033768904649035e-01
7.060000000000000853e+01 6.399347375127428794e-01
7.070000000000000284e+01 9.555295618907099220e-01
7.079999999999999716e+01 3.724836642594404612e-01
7.090000000000000568e+01 3.047234910247994755e+00
7.100000000000000000e+01 2.030432198569519786e-01
7.110000000000000853e+01 4.987690095325152950e-01
7.120000000000000284e+01 3.974644672406669188e-01
7.129999999999999716e+01 1.333690909433580485e+00
7.140000000000000568e+01 6.192732849255988548e-01
7.150000000000000000e+01 4.740885467217620386e-01
7.160000000000000853e+01 1.318680206259184307e-01
7.170000000000000284e+01 1.339210639067237807e+00
7.179999999999999716e+01 5.985733757133459010e-01
7.190000000000000568e+01 2.259128508837162097e-01
7.200000000000000000e+01 3.324990079473584825e-01
7.210000000000000853e+01 1.850039982061797428e+00
7.220000000000000284e+01 4.203340227517098349e+00
7.229999999999999716e+01 1.454720503298291279e+00
7.240000000000000568e+01 4.683123406312306258e+01
7.250000000000000000e+01 4.021239436951235291e+01
7.260000000000000853e+01 3.970582794114271508e+01
7.270000000000000284e+01 2.965915749829604597e-01
7.279999999999999716e+01 3.105252665953568969e-01
7.290000000000000568e+01 2.358230689520724788e+00
7.300000000000000000e+01 6.684926642434891875e+00
7.310000000000000853e+01 2.386303492720207586e-01
7.320000000000000284e+01 5.481491210237597611e-02
7.329999999999999716e+01 3.886623602735509442e-01
7.340000000000000568e+01 1.076930690584632228e-01
7.350000000000000000e+01 1.457090885957725290e-01
7.360000000000000853e+01 1.122302570594458926e-01
7.370000000000000284e+01 1.103009175678312803e-01
7.379999999999999716e+01 1.462407298620539697e-02
7.390000000000000568e+01 3.865860486378137201e-02
7.400000000000000000e+01 7.404903804731599593e-01
7.410000000000000853e+01 3.558802751214154902e+00
7.420000000000000284e+01 1.643044121419622028e-01
7.429999999999999716e+01 1.383402156103312741e-01
7.440000000000000568e+01 9.585702670447220075e-02
7.450000000000000000e+01 4.559048816852821762e-02
7.460000000000000853e+01 9.147737723411046851e-01
7.470000000000000284e+01 1.943261452845316539e-01
7.479999999999999716e+01 9.255254049764222168e-02
7.490000000000000568e+01 6.445166527795143097e-02
7.500000000000000000e+01 1.122441641422823599e-01
7.510000000000000853e+01 1.789151148929825352e-01
7.520000000000000284e+01 9.037864041925418590e+00
7.529999999999999716e+01 1.667793415065457419e+00
7.540000000000000568e+01 3.606883355233004296e-01
7.550000000000000000e+01 1.018979843637822652e-01
7.560000000000000853e+01 7.306170273352491362e-02
7.570000000000000284e+01 4.666823249083054126e-01
7.579999999999999716e+01 5.146166204942469458e-01
7.590000000000000568e+01 4.264469071449442789e-02
7.600000000000000000e+01 4.070817790043573109e-02
7.610000000000000853e+01 4.369029711769816665e-02
7.620000000000000284e+01 5.975608120378809660e-03
7.629999999999999716e+01 1.307866830557222020e-02
7.640000000000000568e+01 5.751039572757389584e-02
7.650000000000000000e+01 9.179086200869310264e-02
7.660000000000000853e+01 2.487191005408414049e-02
7.670000000000000284e+01 2.368561368183041624e-02
7.680000000000001137e+01 7.974668294327683649e-01
7.690000000000000568e+01 5.508991678933642389e-01
7.700000000000000000e+01 3.621070062995883632e+00
7.710000000000000853e+01 6.292879246815585859e+00
7.720000000000000284e+01 7.362385751090347319e-02
7.730000000000001137e+01 6.182714824430231987e-02
7.740000000000000568e+01 3.247489753079862984e-02
7.750000000000000000e+01 9.362734805032409124e-02
7.760000000000000853e+01 3.544213617549956535e-02
7.770000000000000284e+01 1.302141933568888143e-03
7.780000000000001137e+01 1.742448673715613148e-04
7.790000000000000568e+01 2.443205359280543193e-02
7.800000000000000000e+01 6.649284605609583065e-02
7.810000000000000853e+01 6.242731909774885263e-02
7.820000000000000284e+01 1.232018815488662156e-01
7.830000000000001137e+01 2.647346669360239879e-01
7.840000000000000568e+01 3.033106350280869723e-01
7.850000000000000000e+01 3.480656341508381324e-01
7.860000000000000853e+01 1.358029108148678908e-02
7.870000000000000284e+01 3.855404606574110160e-02
7.880000000000001137e+01 1.253332603824837237e-02
7.890000000000000568e+01 5.787778161653108627e-02
7.900000000000000000e+01 1.089221160778863495e-01
7.910000000000000853e+01 8.795092193141529346e-02
7.920000000000000284e+01 9.850601012944402990e-02
7.930000000000001137e+01 1.315203795769787076e-02
7.940000000000000568e+01 7.689586051577611096e-03
7.950000000000000000e+01 1.313438081236952383e-03
7.960000000000000853e+01 2.633761618288599227e-03
7.970000000000000284e+01 8.092419378658826518e-04
7.980000000000001137e+01 1.986930627838773191e-03
7.990000000000000568e+01 5.266944453303190610e-02
8.000000000000000000e+01 2.382909450321870626e-01
8.010000000000000853e+01 5.940438111548602962e-02
8.020000000000000284e+01 5.926932758954717162e-02
8.030000000000001137e+01 1.982671737037719817e+00
8.040000000000000568e+01 7.654566876624561145e-01
8.050000000000000000e+01 1.014357886092813743e-01
8.060000000000000853e+01 1.134066972324979938e-01
8.070000000000000284e+01 1.285493173392713295e-01
8.080000000000001137e+01 9.120955517881047803e-02
8.090000000000000568e+01 1.437803066614571801e+00
8.100000000000000000e+01 1.267763533652284946e-01
8.110000000000000853e+01 2.235858576944957932e-01
8.120000000000000284e+01 2.103226269819606642e-01
8.130000000000001137e+01 3.012278168569672565e-01
8.140000000000000568e+01 1.737584405503020402e-01
8.150000000000000000e+01 1.792029248721498103e-01
8.160000000000000853e+01 3.130962616123783571e-01
8.170000000000000284e+01 3.277918738023382073e-01
8.180000000000001137e+01 1.323943803637121608e+00
8.190000000000000568e+01 2.535566537128802977e+00
8.200000000000000000e+01 8.784225817902717726e-01
8.210000000000000853e+01 1.273840289203141518e+00
8.220000000000000284e+01 2.271515528549208440e+01
8.230000000000001137e+01 1.813194781038363246e+01
8.240000000000000568e+01 1.045691426408047020e+00
8.250000000000000000e+01 1.376311025445738245e+00
8.260000000000000853e+01 1.781447495331067721e+00
8.270000000000000284e+01 1.818712033575032305e-01
8.280000000000001137e+01 5.586374659170132428e-01
8.290000000000000568e+01 1.570129214597617784e+00
8.300000000000000000e+01 7.365392974956976868e-01
8.310000000000000853e+01 5.074029214552681744e+00
8.320000000000000284e+01 1.809735779415561741e+00
8.330000000000001137e+01 1.903529811262897553e+00
8.340000000000000568e+01 4.696542958499867915e+00
8.350000000000000000e+01 9.581828761530348793e-01
8.360000000000000853e+01 8.445451539126983320e+00
8.370000000000000284e+01 5.335075310036552665e+00
8.380000000000001137e+01 6.241514681008754062e-01
8.390000000000000568e+01 4.646330918120883169e+00
8.400000000000000000e+01 8.350561540045831066e+00
8.410000000000000853e+01 1.327230005197720075e+01
8.420000000000000284e+01 2.357508509705889210e+00
8.430000000000001137e+01 2.877879166347462325e-01
8.440000000000000568e+01 1.045845565500651331e+00
8.450000000000000000e+01 1.110402619187308870e+00
8.460000000000000853e+01 5.043894040619457675e-01
8.470000000000000284e+01 1.263399086129301629e+00
8.480000000000001137e+01 1.249039906287994495e-01
8.490000000000000568e+01 8.931312614003698858e-03
8.500000000000000000e+01 1.125426353489515294e-02
8.510000000000000853e+01 2.669356732505259733e-01
8.520000000000000284e+01 8.091512633062514226e-02
8.530000000000001137e+01 1.706216897780000186e-01
8.540000000000000568e+01 6.727767859467264668e-03
8.550000000000000000e+01 8.769888900249422914e-02
8.560000000000000853e+01 4.535775275924883720e-01
8.570000000000000284e+01 2.241527059569629332e-01
8.580000000000001137e+01 2.676263215363523448e-02
8.590000000000000568e+01 1.696906383822690823e-01
8.600000000000000000e+01 3.876330845116041424e+00
8.610000000000000853e+01 9.409422118074211028e+00
8.620000000000000284e+01 6.142457456425180595e+00
8.630000000000001137e+01 4.208081948115473536e-01
8.640000000000000568e+01 9.019307268132233935e-01
8.650000000000000000e+01 2.047816794538949381e+01
8.660000000000000853e+01 5.466293413773478882e+00
8.670000000000000284e+01 2.015294234190265854e+01
8.680000000000001137e+01 6.549293345368181640e+00
8.690000000000000568e+01 2.876396895528829933e-01
8.700000000000000000e+01 5.083223684126890463e-02
8.710000000000000853e+01 3.875931736419417351e-01
8.720000000000000284e+01 3.255226583847618116e+01
8.730000000000001137e+01 1.534496316156435114e+00
8.740000000000000568e+01 1.522506240394583710e+00
8.750000000000000000e+01 8.948578626315909501e-01
8.760000000000000853e+01 3.404887550350172987e-01
8.770000000000000284e+01 1.503900669328071649e+00
8.780000000000001137e+01 8.322692947764447347e-01
8.790000000000000568e+01 1.334834327121915631e+00
8.800000000000000000e+01 6.183504097674292765e-01
8.810000000000000853e+01 2.413794639678167187e+01
8.820000000000000284e+01 1.801105157424014180e+01
8.830000000000001137e+01 1.149343640608584183e+00
8.840000000000000568e+01 8.588846037750091922e-01
8.850000000000000000e+01 1.662887991748382532e+00
8.860000000000000853e+01 2.950263056604528344e+01
8.870000000000000284e+01 1.978178552840473836e+00
8.880000000000001137e+01 2.606978219952609255e+00
8.890000000000000568e+01 1.579657892288179610e+01
8.900000000000000000e+01 6.993227495746709543e+00
8.910000000000000853e+01 5.841911724181944598e-02
8.920000000000000284e+01 4.092105726370313945e-02
8.930000000000001137e+01 1.559574003389397334e-01
8.940000000000000568e+01 9.080985522175015479e-02
8.950000000000000000e+01 2.213830851931583854e-01
8.960000000000000853e+01 1.475435497933039741e-01
8.970000000000000284e+01 3.265508329877979232e+00
8.980000000000001137e+01 1.730990185983258267e-01
8.990000000000000568e+01 4.498493742317094535e-01
9.000000000000000000e+01 1.049416411188506482e+00
9.010000000000000853e+01 2.257052661265817328e-01
9.020000000000000284e+01 4.277675305929868332e-01
9.030000000000001137e+01 1.406305874800897193e+00
9.040000000000000568e+01 9.237172588115656613e-02
9.050000000000000000e+01 1.011105945785045340e-01
9.060000000000000853e+01 1.054356573339306109e-02
9.070000000000000284e+01 8.207329131585675485e-04
9.080000000000001137e+01 1.347992262583002504e-02
9.090000000000000568e+01 7.323130197102563355e-02
9.100000000000000000e+01 1.964049640958873411e-01
9.110000000000000853e+01 8.865243795592644416e-01
9.120000000000000284e+01 1.344222913655600538e-01
9.130000000000001137e+01 2.248340418267288920e-02
9.140000000000000568e+01 1.971419868050731383e-01
9.150000000000000000e+01 2.142451344198374741e-01
9.160000000000000853e+01 7.225124260821604860e-01
9.170000000000000284e+01 1.655725453808689185e+00
9.180000000000001137e+01 9.264744669955063960e-01
9.190000000000000568e+01 5.984410930106289772e-01
9.200000000000000000e+01 2.933620811130143724e-01
9.210000000000000853e+01 3.115401645260832453e+01
9.220000000000000284e+01 2.136924664245127659e+01
9.230000000000001137e+01 1.131642785424388720e+01
9.240000000000000568e+01 8.472125612830437191e+00
9.250000000000000000e+01 2.792269754417004979e-01
9.260000000000000853e+01 1.808721830358937632e+00
9.270000000000000284e+01 7.081419455269271079e-01
9.280000000000001137e+01 3.992695693716594163e-01
9.290000000000000568e+01 4.277256744555311130e-01
9.300000000000000000e+01 6.409385529532686254e-01
9.310000000000000853e+01 2.938651675498532789e+00
9.320000000000000284e+01 1.219060735392478811e+01
9.330000000000001137e+01 1.153309998283238436e+01
9.340000000000000568e+01 2.313411900661074050e+00
9.350000000000000000e+01 9.350618440360524142e-01
9.360000000000000853e+01 3.288467743822283129e+00
9.370000000000000284e+01 6.441166592566820448e+00
9.380000000000001137e+01 6.200812827513624281e-01
9.390000000000000568e+01 8.351263560982300493e-01
9.400000000000000000e+01 2.348963930047855087e+00
9.410000000000000853e+01 3.083067119709862247e+00
9.420000000000000284e+01 2.089493815753515005e+00
9.430000000000001137e+01 1.149513197418669863e+00
9.440000000000000568e+01 5.126184273519164059e+00
9.450000000000000000e+01 5.297455703339652544e+00
9.460000000000000853e+01 2.294749776537554453e+01
9.470000000000000284e+01 2.163236713616132789e+01
9.480000000000001137e+01 8.538263742329325723e+00
9.490000000000000568e+01 5.500838299129255482e+00
9.500000000000000000e+01 3.397196850378322530e+00
9.510000000000000853e+01 5.038297828455071681e+01
9.520000000000000284e+01 7.704954662904255258e+01
9.530000000000001137e+01 6.426487929431783641e+01
9.540000000000000568e+01 1.219493031308204323e+01
9.550000000000000000e+01 1.053854083943156361e+01
9.560000000000000853e+01 4.885709319765141778e+00
9.570000000000000284e+01 8.549581346518618830e+01
9.580000000000001137e+01 1.771353690391324420e+01
9.590000000000000568e+01 7.802307679222995063e+00
9.600000000000000000e+01 3.481191322583526215e+01
9.610000000000000853e+01 1.176527411451389753e+02
9.620000000000000284e+01 1.361253230116104191e+02
9.630000000000001137e+01 1.191590119643249892e+02
9.640000000000000568e+01 1.446194824403186630e+01
9.650000000000000000e+01 3.833212482207351002e+00
9.660000000000000853e+01 8.628978362100063748e+01
9.670000000000000284e+01 1.230718054319828383e+02
9.680000000000001137e+01 1.400225979927735693e+02
9.690000000000000568e+01 2.462876357230582958e+00
9.700000000000000000e+01 1.612725470733720190e+00
9.710000000000000853e+01 2.378341253507643103e+02
9.720000000000000284e+01 5.429874009549746461e+01
9.730000000000001137e+01 7.572608246925967990e+01
9.740000000000000568e+01 1.343480095149860745e+02
9.750000000000000000e+01 4.881706824339070749e+01
9.760000000000000853e+01 1.153367276254054445e+02
9.770000000000000284e+01 1.248611879250785961e+02
9.780000000000001137e+01 1.672446916566626385e+02
9.790000000000000568e+01 4.093810247479313347e+01
9.800000000000000000e+01 7.975106911091843109e+00
9.810000000000000853e+01 3.010073429014358037e+00
9.820000000000000284e+01 1.074307389628152123e+03
9.830000000000001137e+01 4.129432691315181536e+00
9.840000000000000568e+01 3.965044367509418777e+01
9.850000000000000000e+01 2.308602654537196202e+02
9.860000000000000853e+01 3.197213542885813808e+02
9.870000000000000284e+01 2.292767235796795546e+02
9.880000000000001137e+01 2.703827032056943835e+02
9.890000000000000568e+01 3.281635530640651268e+02
9.900000000000000000e+01 3.085808890613130870e+02
9.910000000000000853e+01 3.299901036182862413e+02
9.920000000000000284e+01 6.890733241405607714e+02
9.930000000000001137e+01 8.181443766457840638e+02
9.940000000000000568e+01 1.281187317586436620e+03
9.950000000000000000e+01 1.154822897104317235e+03
9.960000000000000853e+01 5.607828987419148916e+02
9.970000000000000284e+01 2.119005992002839207e+02
9.980000000000001137e+01 1.449598261274914250e+02
9.990000000000000568e+01 1.754830910939217858e+02
