0.000000000000000000e+00 2.562720612524545527e-01
1.000000000000000056e-01 2.387986473550767208e+00
2.000000000000000111e-01 2.574345261506120863e+00
3.000000000000000444e-01 3.193113312571936868e-01
4.000000000000000222e-01 1.682033997355445176e-01
5.000000000000000000e-01 3.909538249853140579e-01
6.000000000000000888e-01 5.903312891721632094e-02
7.000000000000000666e-01 2.061236332494998658e-01
8.000000000000000444e-01 1.161261945414717445e-01
9.000000000000000222e-01 5.063842599389354465e-02
1.000000000000000000e+00 3.190321569148692193e-02
1.100000000000000089e+00 2.163896582529068191e-01
1.200000000000000178e+00 3.232976591209739681e-01
1.300000000000000044e+00 4.040241074304070090e-01
1.400000000000000133e+00 8.030943465055864205e-01
1.500000000000000000e+00 2.206931421592101261e-01
1.600000000000000089e+00 3.634863013015623423e-01
1.700000000000000178e+00 2.922925374027778855e-01
1.800000000000000044e+00 1.200310210053317644e-01
1.900000000000000133e+00 3.754134060574340626e-02
2.000000000000000000e+00 7.870683418679290388e-02
2.100000000000000089e+00 8.452138548757992531e-01
2.200000000000000178e+00 8.312184436375534835e-01
2.300000000000000266e+00 9.950565294504220004e-01
2.400000000000000355e+00 5.115268969110765562e-01
2.500000000000000000e+00 6.951510893140555591e-02
2.600000000000000089e+00 1.034875488024035173e-01
2.700000000000000178e+00 7.074011034151585220e-02
2.800000000000000266e+00 3.188650190152093611e-01
2.900000000000000355e+00 5.583616233046607286e-02
3.000000000000000000e+00 4.136876383965830128e-01
3.100000000000000089e+00 4.975835031553594856e-01
3.200000000000000178e+00 3.127420368285074748e+00
3.300000000000000266e+00 9.472994752026918652e-01
3.400000000000000355e+00 1.461101731244740165e+01
3.500000000000000000e+00 4.778379375998589751e+00
3.600000000000000089e+00 7.514756465315918232e-01
3.700000000000000178e+00 8.990069584499976729e-01
3.800000000000000266e+00 1.244921732469673331e-01
3.900000000000000355e+00 3.710253761550171281e-01
4.000000000000000000e+00 3.508341351552157317e+00
4.100000000000000533e+00 6.558378926740956461e-01
4.200000000000000178e+00 1.264196565395340954e+01
4.299999999999999822e+00 1.665679290597051221e+01
4.400000000000000355e+00 1.426271892808036235e+00
4.500000000000000000e+00 1.242489293543760143e+00
4.600000000000000533e+00 1.339606310253294685e+00
4.700000000000000178e+00 1.642805456233351391e+00
4.800000000000000711e+00 6.077984896302179862e-01
4.900000000000000355e+00 1.355142516184874579e-01
5.000000000000000000e+00 1.847723401380835018e+00
5.100000000000000533e+00 6.228197535573409827e-02
5.200000000000000178e+00 7.620841931217126053e-02
5.300000000000000711e+00 1.387958524936037108e-01
5.400000000000000355e+00 7.330806631200076362e-01
5.500000000000000000e+00 3.671966217023142631e-01
5.600000000000000533e+00 8.426861217449677088e-01
5.700000000000000178e+00 3.194571005931468033e-01
5.800000000000000711e+00 6.276985581498757405e-01
5.900000000000000355e+00 5.652046741522697149e-01
6.000000000000000000e+00 2.002900250840028207e+00
6.100000000000000533e+00 4.713303780822577060e+00
6.200000000000000178e+00 2.120989037003746525e+00
6.300000000000000711e+00 2.543220368430644918e+00
6.400000000000000355e+00 2.899640295133020018e+00
6.500000000000000000e+00 1.814836780242752212e+01
6.600000000000000533e+00 9.253523085383006830e+00
6.700000000000000178e+00 1.469887462779258636e+00
6.800000000000000711e+00 1.895104383378738433e+00
6.900000000000000355e+00 2.959739438321786320e+00
7.000000000000000000e+00 5.230972029692184222e+00
7.100000000000000533e+00 6.290806269733357325e+00
7.200000000000000178e+00 3.306764919548196957e+00
7.300000000000000711e+00 9.690989658925328598e-01
7.400000000000000355e+00 1.136755309353941534e+00
7.500000000000000000e+00 1.609249063610379116e+00
7.600000000000000533e+00 5.060854406522706794e-01
7.700000000000000178e+00 2.370609159600605212e-02
7.800000000000000711e+00 2.872210980303857228e-02
7.900000000000000355e+00 3.432402121767865744e+00
8.000000000000000000e+00 3.325206761216195073e+00
8.099999999999999645e+00 4.048883853520560128e-01
8.200000000000001066e+00 1.642050975095407983e+00
8.300000000000000711e+00 1.791315906486276921e+00
8.400000000000000355e+00 3.558485562046473483e+00
8.500000000000000000e+00 8.494112290831734580e-01
8.599999999999999645e+00 1.267574090681271304e-01
8.700000000000001066e+00 9.221087682084579129e-02
8.800000000000000711e+00 3.369748594243452411e-01
8.900000000000000355e+00 8.291229439885051677e-01
9.000000000000000000e+00 7.332224089308819082e+00
9.099999999999999645e+00 2.043488957849441956e+00
9.200000000000001066e+00 1.492954315343617644e+01
9.300000000000000711e+00 1.588974587571250652e+00
9.400000000000000355e+00 1.691948407540640187e-01
9.500000000000000000e+00 1.257392392564002037e+00
9.600000000000001421e+00 6.056729914911690438e-01
9.700000000000001066e+00 1.149959852124693149e-01
9.800000000000000711e+00 2.433466106271657547e-02
9.900000000000000355e+00 8.941611977918607901e-02
1.000000000000000000e+01 3.075258860745718192e-01
1.010000000000000142e+01 1.511956828686692678e+00
1.020000000000000107e+01 7.821861949888294641e-01
1.030000000000000071e+01 3.664094598521060231e+00
1.040000000000000036e+01 2.025336108260866741e+00
1.050000000000000000e+01 5.000457752405896850e-01
1.060000000000000142e+01 5.697733803702999644e+00
1.070000000000000107e+01 1.619119984846135285e+00
1.080000000000000071e+01 8.963255930279839800e-01
1.090000000000000036e+01 3.059185564378136268e-01
1.100000000000000000e+01 1.470389655408624319e-01
1.110000000000000142e+01 3.671419751590433538e-03
1.120000000000000107e+01 4.509124644309866516e-04
1.130000000000000071e+01 9.252714022373858399e-03
1.140000000000000036e+01 2.174715590926916409e-01
1.150000000000000000e+01 2.347941190824340552e-01
1.160000000000000142e+01 2.064760344548038362e-01
1.170000000000000107e+01 3.185667673899539309e-01
1.180000000000000071e+01 5.404188518832080401e-01
1.190000000000000036e+01 5.563791800255624143e-02
1.200000000000000000e+01 2.104362186371421667e-02
1.210000000000000142e+01 2.390890846975682327e-01
1.220000000000000107e+01 1.252078526164130123e-01
1.230000000000000071e+01 4.694219622971598782e-02
1.240000000000000036e+01 1.044872226160210721e-01
1.250000000000000000e+01 7.685260778870563192e-02
1.260000000000000142e+01 1.006121703541062659e-02
1.270000000000000107e+01 1.863892168062872626e-02
1.280000000000000071e+01 3.896793447644333018e-03
1.290000000000000036e+01 5.478776485539953861e-02
1.300000000000000000e+01 1.890053871094885679e-02
1.310000000000000142e+01 7.409833103175740739e-03
1.320000000000000107e+01 1.169680347794649355e-02
1.330000000000000071e+01 3.106540312992451484e-03
1.340000000000000036e+01 2.828930929208559042e-02
1.350000000000000000e+01 1.501871607697219911e-03
1.360000000000000142e+01 5.517000706455807250e-03
1.370000000000000107e+01 3.156005684446936983e-03
1.380000000000000071e+01 3.502267054595082502e-02
1.390000000000000036e+01 3.435568957787170641e-01
1.400000000000000000e+01 3.048922171110672250e-02
1.410000000000000142e+01 6.977874349234387298e-03
1.420000000000000107e+01 1.607014854951919341e-02
1.430000000000000071e+01 2.471657679124427687e-01
1.440000000000000036e+01 2.232558508487513665e-02
1.450000000000000000e+01 1.393730420380030234e-02
1.460000000000000142e+01 1.213289946354083326e-02
1.470000000000000107e+01 7.457597080523901967e-02
1.480000000000000071e+01 6.225047140064724621e-03
1.490000000000000036e+01 2.315918094590068907e-02
1.500000000000000000e+01 9.655830245485241825e-01
1.510000000000000142e+01 8.195393621838698017e-02
1.520000000000000107e+01 9.069946403826441642e-03
1.530000000000000071e+01 8.176487873196770784e-02
1.540000000000000036e+01 4.581925811388722070e-02
1.550000000000000000e+01 3.112155764922317491e-01
1.560000000000000142e+01 1.141103432011687929e-01
1.570000000000000107e+01 1.225077156263586348e-01
1.580000000000000071e+01 6.055600337241000969e-02
1.590000000000000036e+01 1.432284921204116657e-01
1.600000000000000000e+01 8.083539584096305006e-03
1.610000000000000142e+01 2.995737152495550094e-03
1.619999999999999929e+01 3.006105632147809334e-02
1.630000000000000071e+01 2.186663543169934942e-01
1.640000000000000213e+01 1.387665085530037923e-01
1.650000000000000000e+01 1.877968350119514351e-01
1.660000000000000142e+01 9.979005037528103361e-02
1.669999999999999929e+01 5.658421086888430762e-03
1.680000000000000071e+01 1.704061510192488374e-02
1.690000000000000213e+01 1.027128699853796512e-02
1.700000000000000000e+01 1.387558421351557832e-02
1.710000000000000142e+01 3.075695378955832504e-02
1.719999999999999929e+01 6.585922476733832576e-02
1.730000000000000071e+01 1.477506673369064771e-01
1.740000000000000213e+01 9.982268224209502050e-02
1.750000000000000000e+01 9.186706876645207853e-02
1.760000000000000142e+01 2.164512549053859702e-01
1.769999999999999929e+01 4.831659590305114049e-01
1.780000000000000071e+01 1.095860272485628117e+00
1.790000000000000213e+01 2.662851263347358888e+00
1.800000000000000000e+01 6.885626839482653638e-01
1.810000000000000142e+01 1.219875544863992634e+00
1.819999999999999929e+01 1.515929034857965041e+00
1.830000000000000071e+01 2.736478458176538897e-01
1.840000000000000213e+01 8.717958049054317371e+00
1.850000000000000000e+01 5.801896912101620618e-01
1.860000000000000142e+01 2.011444950315737779e-01
1.869999999999999929e+01 2.281478288336825644e-01
1.880000000000000071e+01 1.305365244239999577e-02
1.890000000000000213e+01 1.164509612495930047e-02
1.900000000000000000e+01 2.991861633392957701e-02
1.910000000000000142e+01 6.102466899577357884e-01
1.920000000000000284e+01 2.627140421716275265e-01
1.930000000000000071e+01 8.481027665075276112e-02
1.940000000000000213e+01 3.169832139925666592e+00
1.950000000000000000e+01 6.342120421480681447e-01
1.960000000000000142e+01 6.762073768415649333e+00
1.970000000000000284e+01 1.760621057413207735e+00
1.980000000000000071e+01 3.063312673425822474e+00
1.990000000000000213e+01 3.363652049993306470e+00
2.000000000000000000e+01 1.648597155409935766e+01
2.010000000000000142e+01 8.922940375483300102e+00
2.020000000000000284e+01 1.249612245947512790e+01
2.030000000000000071e+01 1.636220237894944196e-01
2.040000000000000213e+01 7.005018097664509301e-03
2.050000000000000000e+01 3.561855937966964397e-02
2.060000000000000142e+01 1.258750853021058269e+00
2.070000000000000284e+01 4.140221263388502715e-01
2.080000000000000071e+01 3.212703260070731148e-01
2.090000000000000213e+01 7.186510699325178442e-02
2.100000000000000000e+01 2.099938027443230826e-02
2.110000000000000142e+01 5.389697311248681059e-03
2.120000000000000284e+01 5.811272174220537441e-03
2.130000000000000071e+01 2.709002267474752701e-02
2.140000000000000213e+01 6.977447818394422879e-03
2.150000000000000000e+01 6.549546426414368065e-03
2.160000000000000142e+01 8.225262728241132526e-02
2.170000000000000284e+01 1.711235079171591067e-01
2.180000000000000071e+01 4.811792321288727026e-02
2.190000000000000213e+01 1.109833474978575429e-01
2.200000000000000000e+01 5.312067640599796858e-01
2.210000000000000142e+01 4.088459254209577537e-02
2.220000000000000284e+01 2.963554169975180994e-02
2.230000000000000071e+01 4.067518880768490261e-03
2.240000000000000213e+01 6.933667256708054031e-04
2.250000000000000000e+01 1.322034765448185231e-03
2.260000000000000142e+01 3.644549034151854661e-02
2.270000000000000284e+01 4.576043698389650922e-03
2.280000000000000071e+01 8.900278019059199713e-03
2.290000000000000213e+01 1.483505738902389862e-02
2.300000000000000000e+01 4.345134082090159819e-03
2.310000000000000142e+01 4.581584960283300451e-02
2.320000000000000284e+01 4.281714948937571236e-02
2.330000000000000071e+01 3.451317809539850567e-01
2.340000000000000213e+01 5.539854357138375152e-01
2.350000000000000000e+01 4.162356049132934777e-01
2.360000000000000142e+01 2.499445533509279671e-01
2.370000000000000284e+01 1.156307297317483995e-02
2.380000000000000071e+01 3.721753470426344274e-02
2.390000000000000213e+01 8.913696160102657640e-02
2.400000000000000000e+01 3.682189262730541091e-02
2.410000000000000142e+01 3.554465901905191849e+00
2.420000000000000284e+01 6.490314771873516575e-01
2.430000000000000071e+01 1.527301918208290976e+00
2.440000000000000213e+01 2.516657071469099449e+00
2.450000000000000000e+01 3.455598254909758360e+00
2.460000000000000142e+01 1.772010294035121003e+00
2.470000000000000284e+01 8.957780084088213801e-01
2.480000000000000071e+01 1.458131327702107682e-01
2.490000000000000213e+01 7.532562350781209837e+00
2.500000000000000000e+01 1.141737115506733957e+01
2.510000000000000142e+01 3.622838227736805639e+00
2.520000000000000284e+01 2.431052045261533845e+00
2.530000000000000071e+01 4.519801228264572757e-01
2.540000000000000213e+01 2.279031420699644706e+00
2.550000000000000000e+01 8.136349057013597674e-01
2.560000000000000142e+01 1.026519284512445035e-01
2.570000000000000284e+01 1.264708936527260963e-01
2.580000000000000071e+01 1.652462547854745833e-01
2.590000000000000213e+01 1.146819142735487906e+00
2.600000000000000000e+01 1.274058354022435502e+01
2.610000000000000142e+01 2.161942571731740514e+01
2.620000000000000284e+01 1.044573789439839828e+01
2.630000000000000071e+01 1.155363228729210512e+01
2.640000000000000213e+01 4.504198672771670431e+01
2.650000000000000000e+01 1.230530450369436757e+01
2.660000000000000142e+01 7.126099413948910666e+00
2.670000000000000284e+01 5.990427400673205227e+00
2.680000000000000071e+01 6.382697929844276530e+00
2.690000000000000213e+01 4.194361668810702604e+00
2.700000000000000000e+01 4.953561412748929627e+01
2.710000000000000142e+01 4.761867387381242622e+01
2.720000000000000284e+01 3.761782294151795014e+01
2.730000000000000071e+01 1.256454772205631976e+01
2.740000000000000213e+01 2.210955440752900003e+01
2.750000000000000000e+01 2.252527908539776647e+01
2.760000000000000142e+01 8.627859028578674483e+00
2.770000000000000284e+01 9.819483548324548394e+00
2.780000000000000071e+01 2.316921599613251814e+01
2.790000000000000213e+01 1.280570425816040370e+01
2.800000000000000000e+01 2.407110263496623048e+00
2.810000000000000142e+01 6.240852244660735515e+00
2.820000000000000284e+01 8.768649415512966172e+00
2.830000000000000071e+01 3.681185983027223330e+00
2.840000000000000213e+01 3.086039860407451929e+00
2.850000000000000000e+01 4.352253926988020538e+01
2.860000000000000142e+01 5.543878456368003249e+00
2.870000000000000284e+01 1.066855658264569939e+01
2.880000000000000071e+01 2.569615389529910132e+01
2.890000000000000213e+01 5.122463710035211726e+00
2.900000000000000000e+01 2.140941294555357199e+00
2.910000000000000142e+01 3.996153964639488798e+00
2.920000000000000284e+01 1.035010479083658019e+01
2.930000000000000071e+01 1.185816204353515646e+00
2.940000000000000213e+01 1.083567678961156577e+00
2.950000000000000000e+01 1.020507707940052633e+01
2.960000000000000142e+01 7.092792344998980703e+00
2.970000000000000284e+01 9.644426109423143600e+00
2.980000000000000071e+01 1.069605931697522472e+01
2.990000000000000213e+01 3.501359235295939953e-01
3.000000000000000000e+01 1.454390843993349502e+00
3.010000000000000142e+01 2.742885489800997334e+00
3.020000000000000284e+01 6.004582260688857076e+01
3.030000000000000071e+01 2.147324861601083157e+00
3.040000000000000213e+01 1.398401899991588593e+00
3.050000000000000000e+01 3.422945580221311013e-01
3.060000000000000142e+01 1.332438487144420236e+01
3.070000000000000284e+01 9.318652968009695670e+00
3.080000000000000071e+01 6.635326724151788369e+00
3.090000000000000213e+01 9.356426952979520095e+00
3.100000000000000000e+01 1.173848762506758847e+00
3.110000000000000142e+01 1.177165917174088028e+00
3.120000000000000284e+01 1.009677323459451870e+01
3.130000000000000071e+01 3.677118171349285536e+00
3.140000000000000213e+01 2.056998607153004421e+00
3.150000000000000000e+01 4.710851704079014546e+00
3.160000000000000142e+01 3.273897529770039938e+01
3.170000000000000284e+01 1.023879339685769629e+01
3.180000000000000071e+01 4.956793258150770320e+00
3.190000000000000213e+01 4.178643536967469885e+01
3.200000000000000000e+01 3.305109550174910371e+00
3.210000000000000142e+01 3.706196493950730364e+00
3.220000000000000284e+01 8.737254281993079630e+00
3.230000000000000426e+01 6.235875573239493264e+00
3.239999999999999858e+01 2.179627831773957247e+00
3.250000000000000000e+01 1.246631955783289136e+01
3.260000000000000142e+01 1.911311131132164221e+01
3.270000000000000284e+01 9.509733727357907895e+00
3.280000000000000426e+01 7.357103389530568194e+00
3.289999999999999858e+01 1.943551296082786806e+01
3.300000000000000000e+01 1.983291683670843497e+01
3.310000000000000142e+01 1.328442221730964334e+01
3.320000000000000284e+01 3.512933259692237442e+01
3.330000000000000426e+01 4.779176464482215891e+01
3.339999999999999858e+01 4.900242850442543130e+01
3.350000000000000000e+01 3.731182725229719832e+00
3.360000000000000142e+01 5.930855917283942347e+00
3.370000000000000284e+01 6.829089531322025231e+00
3.380000000000000426e+01 8.646826228641295131e+00
3.389999999999999858e+01 1.329328140056824381e+01
3.400000000000000000e+01 4.917094267759080850e+01
3.410000000000000142e+01 1.491161523875059913e+01
3.420000000000000284e+01 1.454699051606506899e+01
3.430000000000000426e+01 2.356879347021276061e+01
3.439999999999999858e+01 1.551946090374691600e+01
3.450000000000000000e+01 1.267508915918901913e+00
3.460000000000000142e+01 2.020188752387407083e-01
3.470000000000000284e+01 1.623169076762513430e-01
3.480000000000000426e+01 1.359644036033735848e-01
3.489999999999999858e+01 8.552564873408986523e-01
3.500000000000000000e+01 1.774958293828084122e+00
3.510000000000000142e+01 3.874756448843612033e-01
3.520000000000000284e+01 2.447367282885275497e+00
3.530000000000000426e+01 3.192112555224080328e+00
3.539999999999999858e+01 1.005991419681861032e+01
3.550000000000000000e+01 6.208665840937391600e+00
3.560000000000000142e+01 1.329715238285090473e-01
3.570000000000000284e+01 8.926962538784477541e-01
3.580000000000000426e+01 2.364398200681368412e+00
3.589999999999999858e+01 3.736443859900552056e+00
3.600000000000000000e+01 2.713894310095557039e+00
3.610000000000000142e+01 1.625779055392108097e+00
3.620000000000000284e+01 8.450708789089168560e-01
3.630000000000000426e+01 4.389215874089187786e+00
3.639999999999999858e+01 3.927009656156198181e-02
3.650000000000000000e+01 1.172600262647205682e-01
3.660000000000000142e+01 4.412794012121663834e-02
3.670000000000000284e+01 1.720499454448402507e-02
3.680000000000000426e+01 3.323087165764174733e-01
3.689999999999999858e+01 5.372218185335925211e-01
3.700000000000000000e+01 6.363227215691783512e-01
3.710000000000000142e+01 4.301945302415069450e-01
3.720000000000000284e+01 4.586625864652684598e-02
3.730000000000000426e+01 5.277899587478487864e-02
3.739999999999999858e+01 4.692285683223679053e-03
3.750000000000000000e+01 1.977850687621539316e-02
3.760000000000000142e+01 9.349364591442791209e-03
3.770000000000000284e+01 4.712814618744217386e-03
3.780000000000000426e+01 3.216878581540360410e-02
3.789999999999999858e+01 7.290050071635171929e-04
3.800000000000000000e+01 6.798632234616836792e-04
3.810000000000000142e+01 3.864376327182745836e-03
3.820000000000000284e+01 2.698837793180046754e-02
3.830000000000000426e+01 3.114916616297066024e-02
3.840000000000000568e+01 5.175746272540899806e-01
3.850000000000000000e+01 9.650881833636770768e-02
3.860000000000000142e+01 5.355521903299891029e-02
3.870000000000000284e+01 1.823650948987024789e-01
3.880000000000000426e+01 8.792988241670801619e-02
3.890000000000000568e+01 6.521977243526302405e-03
3.900000000000000000e+01 6.999459567824416369e-03
3.910000000000000142e+01 3.167143370646074291e-02
3.920000000000000284e+01 6.662576009173807462e-03
3.930000000000000426e+01 5.109251959306672711e-03
3.940000000000000568e+01 1.660537335610132170e-02
3.950000000000000000e+01 6.483127947381873979e-02
3.960000000000000142e+01 2.722191504605585566e-01
3.970000000000000284e+01 2.962264574739397194e-01
3.980000000000000426e+01 6.350447869289268521e-01
3.990000000000000568e+01 1.876005347405902343e-02
4.000000000000000000e+01 5.534575581249636007e-03
4.010000000000000142e+01 1.198267245487919103e-01
4.020000000000000284e+01 1.058863184682189917e+01
4.030000000000000426e+01 8.606357995384238180e+00
4.040000000000000568e+01 1.254990747883083380e+01
4.050000000000000000e+01 3.057947109290792831e+00
4.060000000000000142e+01 3.369651638631606883e+00
4.070000000000000284e+01 2.426496202297330651e+00
4.080000000000000426e+01 8.444782078693908289e+00
4.090000000000000568e+01 8.496744342184591181e-01
4.100000000000000000e+01 4.873730574738527110e+00
4.110000000000000142e+01 1.312937649705831489e-01
4.120000000000000284e+01 4.027200520583671950e-01
4.130000000000000426e+01 6.766052980413695961e-01
4.140000000000000568e+01 3.335039233187950258e-02
4.150000000000000000e+01 9.966126229416394366e-03
4.160000000000000142e+01 1.170424597979032033e-02
4.170000000000000284e+01 2.275886858995603279e-01
4.180000000000000426e+01 1.361348725534896609e-01
4.190000000000000568e+01 4.416747094131198148e-01
4.200000000000000000e+01 7.189951070580955061e+00
4.210000000000000142e+01 2.242048450368171464e-01
4.220000000000000284e+01 1.289091879322994849e+00
4.230000000000000426e+01 1.000489866666433469e+00
4.240000000000000568e+01 7.878692848678748861e-01
4.250000000000000000e+01 2.878717796881421709e+00
4.260000000000000142e+01 1.291812580655772091e+00
4.270000000000000284e+01 5.436024410408879515e-01
4.280000000000000426e+01 2.846272260694724943e-01
4.290000000000000568e+01 1.562452301306758717e-01
4.300000000000000000e+01 1.393894812700596508e-01
4.310000000000000142e+01 2.242676154075627093e-01
4.320000000000000284e+01 7.731699975666600499e-02
4.330000000000000426e+01 4.036948273778969559e-02
4.340000000000000568e+01 1.529903179870568258e-02
4.350000000000000000e+01 1.302168050483072312e-02
4.360000000000000142e+01 1.930775945030850649e-02
4.370000000000000284e+01 5.697168294614041346e-03
4.380000000000000426e+01 1.118716036660594992e-01
4.390000000000000568e+01 1.725217784610557081e-01
4.400000000000000000e+01 1.279584150254166885e-01
4.410000000000000142e+01 1.564417266378838045e-01
4.420000000000000284e+01 2.164486379401360169e-02
4.430000000000000426e+01 1.902347770325374431e-03
4.440000000000000568e+01 9.627532843732494738e-03
4.450000000000000000e+01 1.260603950056651545e-01
4.460000000000000142e+01 5.682531938863830123e-02
4.470000000000000284e+01 1.116269773209919158e-01
4.480000000000000426e+01 1.147157232663497117e-01
4.490000000000000568e+01 2.865043826091139834e-01
4.500000000000000000e+01 4.256812635772264791e-02
4.510000000000000142e+01 8.115730397797846218e-02
4.520000000000000284e+01 9.294906482290870783e-03
4.530000000000000426e+01 1.139969929951412386e-01
4.540000000000000568e+01 1.097231613747923662e+00
4.550000000000000000e+01 2.635146137614008052e-02
4.560000000000000142e+01 6.297856326978645662e-03
4.570000000000000284e+01 7.477365596787050039e-02
4.580000000000000426e+01 1.407495157668907544e-02
4.590000000000000568e+01 1.501956272488848623e-02
4.600000000000000000e+01 2.691448169404138738e-02
4.610000000000000142e+01 2.524725740486843395e-01
4.620000000000000284e+01 1.632396891077619525e-02
4.630000000000000426e+01 8.600054594984066561e-03
4.640000000000000568e+01 3.275978981825838215e-02
4.650000000000000000e+01 5.100320117403528419e-01
4.660000000000000142e+01 3.120191941249866874e-02
4.670000000000000284e+01 3.258257076225648270e-03
4.680000000000000426e+01 5.517231492430395984e-03
4.690000000000000568e+01 3.212943447791268264e-03
4.700000000000000000e+01 3.338980385005640983e-02
4.710000000000000142e+01 1.503419690819350922e-03
4.720000000000000284e+01 1.266789707622538799e-02
4.730000000000000426e+01 7.095453225773993081e-03
4.740000000000000568e+01 1.735039839502471384e-02
4.750000000000000000e+01 3.652774534436191434e-02
4.760000000000000142e+01 3.505050444050292202e-03
4.770000000000000284e+01 1.591540768257325086e-02
4.780000000000000426e+01 7.984466014617894528e-03
4.790000000000000568e+01 7.091669595049189534e-02
4.800000000000000000e+01 8.329184844924535092e-02
4.810000000000000142e+01 4.340966571523172113e-02
4.820000000000000284e+01 8.223973946404035396e-02
4.830000000000000426e+01 2.355628975304159545e-01
4.840000000000000568e+01 2.275561031199839837e-02
4.850000000000000000e+01 5.774643046729305979e-02
4.860000000000000142e+01 5.977620433029758873e-01
4.870000000000000284e+01 3.640441224818247168e-01
4.880000000000000426e+01 2.287445568013462549e-01
4.890000000000000568e+01 2.377721005813747124e-01
4.900000000000000000e+01 2.090233155142778576e-01
4.910000000000000142e+01 8.213073578616732207e-03
4.920000000000000284e+01 4.330997538696632499e-04
4.930000000000000426e+01 3.516158476076393716e-03
4.940000000000000568e+01 1.311147392811834178e-01
4.950000000000000000e+01 2.702481342135952813e-01
4.960000000000000142e+01 6.375914782885885312e-01
4.970000000000000284e+01 1.326732034541012073e+00
4.980000000000000426e+01 4.848832076331145657e+00
4.990000000000000568e+01 3.839094726409461589e-01
5.000000000000000000e+01 1.844770391132553033e+00
5.010000000000000142e+01 3.663040266298581038e+00
5.020000000000000284e+01 9.241874113489375597e-01
5.030000000000000426e+01 1.530381659841698827e+00
5.040000000000000568e+01 3.215220369244232712e-01
5.050000000000000000e+01 9.425341134056725023e-02
5.060000000000000142e+01 2.390423629648229242e-02
5.070000000000000284e+01 1.189420622744939565e-01
5.080000000000000426e+01 5.562550077276613436e-01
5.090000000000000568e+01 1.219174306100819560e+00
5.100000000000000000e+01 1.252256045912434057e-01
5.110000000000000142e+01 1.602976751744341399e+00
5.120000000000000284e+01 1.477213727538918597e+01
5.130000000000000426e+01 2.104571747475962429e+00
5.140000000000000568e+01 6.599912277482743228e+00
5.150000000000000000e+01 6.533452868392780610e-01
5.160000000000000142e+01 3.362510330844893369e-01
5.170000000000000284e+01 9.732037309112911982e-02
5.180000000000000426e+01 1.773509714458592346e-01
5.190000000000000568e+01 1.001489015318316467e+00
5.200000000000000000e+01 3.832415256537049952e+00
5.210000000000000142e+01 1.818489040283705505e+00
5.220000000000000284e+01 1.928331039948130154e+00
5.230000000000000426e+01 4.469867379231499682e-01
5.240000000000000568e+01 3.371119874171562447e+00
5.250000000000000000e+01 3.044196087740123513e+00
5.260000000000000142e+01 2.680282919655110549e-02
5.270000000000000284e+01 2.578233876419439713e-02
5.280000000000000426e+01 5.305126187318002229e-01
5.290000000000000568e+01 1.535109768837263244e+00
5.300000000000000000e+01 8.846018190535197556e-01
5.310000000000000142e+01 7.850616083589553318e-01
5.320000000000000284e+01 2.810408470349619048e+00
5.330000000000000426e+01 5.381518176358316197e+00
5.340000000000000568e+01 3.904241508800047722e+00
5.350000000000000000e+01 1.886674740729158417e+00
5.360000000000000142e+01 1.744662098765754843e+00
5.370000000000000284e+01 1.560207209769611136e+00
5.380000000000000426e+01 9.596735379083668249e+00
5.390000000000000568e+01 1.789767798361263829e+01
5.400000000000000000e+01 3.020655303801899727e+00
5.410000000000000142e+01 2.994640974218014229e+00
5.420000000000000284e+01 2.567074666596181221e+00
5.430000000000000426e+01 6.785696007111853945e+00
5.440000000000000568e+01 2.845721074608507539e+00
5.450000000000000000e+01 6.794219932868660328e-01
5.460000000000000142e+01 7.785357197275958319e-01
5.470000000000000284e+01 5.181912478364169017e-01
5.480000000000000426e+01 1.009673216726082901e+00
5.490000000000000568e+01 4.412649088965756028e-01
5.500000000000000000e+01 7.323557643096335612e-01
5.510000000000000142e+01 1.455707379444746707e-01
5.520000000000000284e+01 7.496612714662749533e-02
5.530000000000000426e+01 5.921725902387424412e-02
5.540000000000000568e+01 1.632786877481212651e+00
5.550000000000000000e+01 9.633688939132596663e-02
5.560000000000000142e+01 5.040743807064442805e-01
5.570000000000000284e+01 1.402122621165906802e+00
5.580000000000000426e+01 1.104869606544145899e+00
5.590000000000000568e+01 1.029436475561704922e+00
5.600000000000000000e+01 1.224479898646944065e+00
5.610000000000000142e+01 1.596765172529527099e+01
5.620000000000000284e+01 1.173549440261286136e+01
5.630000000000000426e+01 6.340788313885502570e-01
5.640000000000000568e+01 3.165029030699860080e+00
5.650000000000000000e+01 3.580220973271171503e-01
5.660000000000000142e+01 1.333739725198133386e-01
5.670000000000000284e+01 1.060986557254753881e+00
5.680000000000000426e+01 8.167191264768784986e-01
5.690000000000000568e+01 6.490675130831824902e+00
5.700000000000000000e+01 1.609501120630623916e+01
5.710000000000000142e+01 1.172107203736876269e+00
5.720000000000000284e+01 3.334306269956367696e+00
5.730000000000000426e+01 5.742796392565762131e-01
5.740000000000000568e+01 4.311415907061327268e-01
5.750000000000000000e+01 5.980735094362795573e-02
5.760000000000000142e+01 3.842112796089635629e-01
5.770000000000000284e+01 7.107596995363568704e-02
5.780000000000000426e+01 1.192007974492244465e-01
5.790000000000000568e+01 6.585354715339200582e-02
5.800000000000000000e+01 5.781808996408071000e-01
5.810000000000000142e+01 9.005202594236219049e-01
5.820000000000000284e+01 8.083320634570941854e-01
5.830000000000000426e+01 7.146499338209343355e-01
5.840000000000000568e+01 7.391244040193586939e-02
5.850000000000000000e+01 4.054000236481403174e-02
5.860000000000000142e+01 1.387306839635342182e-01
5.870000000000000284e+01 2.846336797678369890e-01
5.880000000000000426e+01 3.428424900627675687e-01
5.890000000000000568e+01 2.248096153827320309e-01
5.900000000000000000e+01 8.824072389444250764e-01
5.910000000000000142e+01 3.864425183349848858e-01
5.920000000000000284e+01 3.265955046320062061e-01
5.930000000000000426e+01 1.863322696480038398e-01
5.940000000000000568e+01 3.232426204479551396e-02
5.950000000000000000e+01 4.960185137056791899e-02
5.960000000000000142e+01 1.194615087335487574e-01
5.970000000000000284e+01 1.739636706595062421e-01
5.980000000000000426e+01 5.266911593626118215e-02
5.990000000000000568e+01 3.861374914339673059e-01
6.000000000000000000e+01 1.783850525037233570e-01
6.010000000000000142e+01 4.301003003393643609e-01
6.020000000000000284e+01 2.638771979959895209e+00
6.030000000000000426e+01 2.618311229565881693e+00
6.040000000000000568e+01 2.802178241883632182e-01
6.050000000000000000e+01 1.136315463077939084e-02
6.060000000000000142e+01 3.104130699999711474e-01
6.070000000000000284e+01 1.977077568530725971e-02
6.080000000000000426e+01 3.489315195915848426e-03
6.090000000000000568e+01 1.320749297026698995e-03
6.100000000000000000e+01 6.103786235965621282e-02
6.110000000000000142e+01 3.313627813412041156e-01
6.120000000000000284e+01 2.175544574342640203e-01
6.130000000000000426e+01 2.784372699294324072e-02
6.140000000000000568e+01 4.750834144389555480e-02
6.150000000000000000e+01 5.626396318606979169e-02
6.160000000000000142e+01 6.846225463439220560e-02
6.170000000000000284e+01 2.305814838685481816e-01
6.180000000000000426e+01 6.731447190879139009e-02
6.190000000000000568e+01 2.351727229270923758e-01
6.200000000000000000e+01 1.509552407123079983e-02
6.210000000000000142e+01 1.824035980894607445e-01
6.220000000000000284e+01 4.407851211757689985e-02
6.230000000000000426e+01 4.879459173696736873e-01
6.240000000000000568e+01 5.497920873386620555e-02
6.250000000000000000e+01 5.785037030902290267e-01
6.260000000000000142e+01 4.628094272458423419e-01
6.270000000000000284e+01 3.205832912279236169e-01
6.280000000000000426e+01 2.903692828469194541e-03
6.290000000000000568e+01 5.490497886386411924e-02
6.300000000000000000e+01 1.456644525522373446e+00
6.310000000000000142e+01 2.787398944148228352e+01
6.320000000000000284e+01 1.098617111492422715e+01
6.330000000000000426e+01 1.035880129297909402e+00
6.340000000000000568e+01 2.500707736584050878e+00
6.350000000000000000e+01 1.456733876055278154e+00
6.360000000000000142e+01 5.058324094891226252e+00
6.370000000000000284e+01 3.757977883046988987e-01
6.380000000000000426e+01 3.925301099754332501e-01
6.390000000000000568e+01 5.571045788824710576e-02
6.400000000000000000e+01 2.408943004320278358e-01
6.410000000000000853e+01 2.935392519375495390e-01
6.420000000000000284e+01 2.822718578541930090e-01
6.429999999999999716e+01 2.083312257665170253e-01
6.440000000000000568e+01 1.020244015454067288e+00
6.450000000000000000e+01 8.428123635025666083e-01
6.460000000000000853e+01 4.939418275770402822e+00
6.470000000000000284e+01 3.286697673083794236e+00
6.479999999999999716e+01 6.709680800909734621e+00
6.490000000000000568e+01 3.812361763896314315e+00
6.500000000000000000e+01 2.066412477528448921e+00
6.510000000000000853e+01 6.956944257106851381e+00
6.520000000000000284e+01 8.049758047013494178e+00
6.529999999999999716e+01 7.256114186093966190e+00
6.540000000000000568e+01 4.486757478499627666e-02
6.550000000000000000e+01 1.047524976406239983e+00
6.560000000000000853e+01 9.440974036124399893e-02
6.570000000000000284e+01 4.592774938749962649e-02
6.579999999999999716e+01 3.894815094085267493e+00
6.590000000000000568e+01 4.297321829593240494e+00
6.600000000000000000e+01 1.243531859961364561e-01
6.610000000000000853e+01 1.821524047732933971e+00
6.620000000000000284e+01 1.169152065950934821e-01
6.629999999999999716e+01 2.386374783627034230e-02
6.640000000000000568e+01 2.103702212277896166e-01
6.650000000000000000e+01 5.120836583462281544e-01
6.660000000000000853e+01 1.956340486283218105e+00
6.670000000000000284e+01 8.389487325602280166e+00
6.679999999999999716e+01 3.362846520695010000e+00
6.690000000000000568e+01 2.593954155049952970e+00
6.700000000000000000e+01 5.531122024378960500e-01
6.710000000000000853e+01 4.295756006602857724e-01
6.720000000000000284e+01 4.706237824254621421e-02
6.729999999999999716e+01 1.584007259775308263e-01
6.740000000000000568e+01 2.137819327172832753e-02
6.750000000000000000e+01 1.360040005725955625e+00
6.760000000000000853e+01 1.788618363827303437e-01
6.770000000000000284e+01 9.170701727698412631e-01
6.779999999999999716e+01 2.290610941233479358e-01
6.790000000000000568e+01 8.116379503901764991e+00
6.800000000000000000e+01 2.347422316526238717e+01
6.810000000000000853e+01 4.443722768896730679e-01
6.820000000000000284e+01 3.631065528831405764e+00
6.829999999999999716e+01 7.388374989638727186e+00
6.840000000000000568e+01 1.082252895854571193e+02
6.850000000000000000e+01 6.916546409529119899e+01
6.860000000000000853e+01 4.295701442556920568e+01
6.870000000000000284e+01 6.828462453747150107e+00
6.879999999999999716e+01 1.873085078129741632e+01
6.890000000000000568e+01 5.323111083882968053e+00
6.900000000000000000e+01 2.214840499436436239e-01
6.910000000000000853e+01 8.772652067918050856e-01
6.920000000000000284e+01 1.518775783456500994e+00
6.929999999999999716e+01 9.444483076706556846e-01
6.940000000000000568e+01 4.596066756436352208e+00
6.950000000000000000e+01 2.653408350539019356e-01
6.960000000000000853e+01 2.328435088127948638e-01
6.970000000000000284e+01 3.794875314931611232e+00
6.979999999999999716e+01 1.025526792774754448e+00
6.990000000000000568e+01 1.468217159631445057e+00
7.000000000000000000e+01 3.664818226161164483e-01
7.010000000000000853e+01 1.121575181960514422e+00
7.020000000000000284e+01 4.008385479985141053e+00
7.029999999999999716e+01 7.012184873905173532e+00
7.040000000000000568e+01 9.911012898382750791e+00
7.050000000000000000e+01 5.096013949628360962e+01
7.060000000000000853e+01 1.227978611630774708e+01
7.070000000000000284e+01 1.728306619498826180e+01
7.079999999999999716e+01 1.661441168120292389e+01
7.090000000000000568e+01 1.198232707940464881e+00
7.100000000000000000e+01 3.134179865450008506e+01
7.110000000000000853e+01 1.333919067063602313e+02
7.120000000000000284e+01 1.757461021774551924e+01
7.129999999999999716e+01 1.188751660545817046e+01
7.140000000000000568e+01 1.923662888091035583e+01
7.150000000000000000e+01 1.969537747482405621e+01
7.160000000000000853e+01 2.475851578179737800e+01
7.170000000000000284e+01 2.682036325738224747e+01
7.179999999999999716e+01 1.340238145657650293e+01
7.190000000000000568e+01 1.206843390787986792e+01
7.200000000000000000e+01 2.210679472096800424e+01
7.210000000000000853e+01 1.722750836958453746e+01
7.220000000000000284e+01 4.564650118248030353e+00
7.229999999999999716e+01 5.264596899276790865e+00
7.240000000000000568e+01 1.594287400498487717e+00
7.250000000000000000e+01 5.342141427883614568e+00
7.260000000000000853e+01 6.209425685562198538e+00
7.270000000000000284e+01 2.021088332203586191e+00
7.279999999999999716e+01 6.439266510930390375e-01
7.290000000000000568e+01 6.323418792823226608e-01
7.300000000000000000e+01 1.322327534635753699e+00
7.310000000000000853e+01 2.861144219494180074e+00
7.320000000000000284e+01 1.710057994370551837e+00
7.329999999999999716e+01 2.104364846742331707e+00
7.340000000000000568e+01 3.001631114472935735e+01
7.350000000000000000e+01 4.410080078480100862e-01
7.360000000000000853e+01 6.002945390359600841e-01
7.370000000000000284e+01 1.919767232174422578e+00
7.379999999999999716e+01 1.338882198606550000e+00
7.390000000000000568e+01 4.052730645888770056e+01
7.400000000000000000e+01 1.543202326834391069e+00
7.410000000000000853e+01 1.966696923836865230e+00
7.420000000000000284e+01 8.623412198023990172e+00
7.429999999999999716e+01 1.253205941061303008e+01
7.440000000000000568e+01 2.349481203782921579e+00
7.450000000000000000e+01 3.202636521964538474e+01
7.460000000000000853e+01 2.830888686767847418e+01
7.470000000000000284e+01 3.125870394987984113e+01
7.479999999999999716e+01 2.355111868981989787e+01
7.490000000000000568e+01 2.495287325308247262e+01
7.500000000000000000e+01 2.323565522563641750e+01
7.510000000000000853e+01 8.955143283575156943e+01
7.520000000000000284e+01 6.534098123226758048e+01
7.529999999999999716e+01 5.258949290904471496e+01
7.540000000000000568e+01 1.852388472517720786e+01
7.550000000000000000e+01 1.559121615034832864e+01
7.560000000000000853e+01 9.697546556478022239e+01
7.570000000000000284e+01 2.770099606655849129e+02
7.579999999999999716e+01 2.809842566921630009e+02
7.590000000000000568e+01 5.984461956120748738e+01
7.600000000000000000e+01 3.975768944477836442e+01
7.610000000000000853e+01 2.239234500311721661e+02
7.620000000000000284e+01 8.707673140575231230e+01
7.629999999999999716e+01 3.332051423413278712e+01
7.640000000000000568e+01 8.494118491178595320e+01
7.650000000000000000e+01 2.710897538719041577e+01
7.660000000000000853e+01 1.588103239587986195e+02
7.670000000000000284e+01 6.506627185570587812e+01
7.680000000000001137e+01 1.250516391757218173e+02
7.690000000000000568e+01 4.251626398914903149e+01
7.700000000000000000e+01 1.587646562023520502e+01
7.710000000000000853e+01 1.734488018039641233e+01
7.720000000000000284e+01 1.017625524671460653e+02
7.730000000000001137e+01 5.577876901210912308e+01
7.740000000000000568e+01 1.199556895486644663e+02
7.750000000000000000e+01 1.225234621411329101e+02
7.760000000000000853e+01 2.501783485991390137e+02
7.770000000000000284e+01 1.811453050653584569e+02
7.780000000000001137e+01 5.453865883222828614e+01
7.790000000000000568e+01 3.414173722056962390e+01
7.800000000000000000e+01 2.757257446157291980e+01
7.810000000000000853e+01 5.701623776393108756e+02
7.820000000000000284e+01 5.714634434701652026e+02
7.830000000000001137e+01 2.915455884040571846e+02
7.840000000000000568e+01 3.805144187538784877e+02
7.850000000000000000e+01 8.911501323938919086e+02
7.860000000000000853e+01 1.145510608509583221e+02
7.870000000000000284e+01 1.583784022481830505e+02
7.880000000000001137e+01 1.073253244326811568e+02
7.890000000000000568e+01 4.825091842828469879e+01
7.900000000000000000e+01 1.977972703522474376e+02
7.910000000000000853e+01 7.550360824699040450e+02
7.920000000000000284e+01 8.582484939921188243e+02
7.930000000000001137e+01 8.248358340562956528e+02
7.940000000000000568e+01 2.829631844495054906e+02
7.950000000000000000e+01 1.031210328492947838e+03
7.960000000000000853e+01 1.603714980919129857e+03
7.970000000000000284e+01 2.454160181360656225e+03
7.980000000000001137e+01 1.864393586021994224e+03
7.990000000000000568e+01 3.673365439152968520e+03
8.000000000000000000e+01 5.012386027722084691e+03
8.010000000000000853e+01 9.973949354735326779e+03
8.020000000000000284e+01 3.454871071706597286e+04
8.030000000000001137e+01 9.513206554896967646e+03
8.040000000000000568e+01 5.260755139304354998e+03
8.050000000000000000e+01 4.027256887920075769e+03
8.060000000000000853e+01 3.362438326477784358e+03
8.070000000000000284e+01 3.244201044006334087e+03
8.080000000000001137e+01 2.547692344637318001e+03
8.090000000000000568e+01 1.587985970152577693e+03
8.100000000000000000e+01 1.307172196570464848e+03
8.110000000000000853e+01 1.381603141151769250e+03
8.120000000000000284e+01 1.071520196403010004e+03
8.130000000000001137e+01 8.127453877169066345e+02
8.140000000000000568e+01 2.309105638698676159e+02
8.150000000000000000e+01 4.765543098560178237e+01
8.160000000000000853e+01 1.124945670784716469e+02
8.170000000000000284e+01 2.267089861970888478e+02
8.180000000000001137e+01 1.187960893424812951e+02
8.190000000000000568e+01 4.575625929752337129e+02
8.200000000000000000e+01 2.988632443208899758e+02
8.210000000000000853e+01 3.533297699113347790e+02
8.220000000000000284e+01 3.811721561130535747e+02
8.230000000000001137e+01 3.548159061743518805e+02
8.240000000000000568e+01 2.535023994142410686e+01
8.250000000000000000e+01 4.054904770099820865e+01
8.260000000000000853e+01 8.494963191535845226e+01
8.270000000000000284e+01 2.795902816927952586e+02
8.280000000000001137e+01 2.410077725573294742e+02
8.290000000000000568e+01 1.496540424894405135e+02
8.300000000000000000e+01 1.207994660606627235e+02
8.310000000000000853e+01 7.213805249718036805e+01
8.320000000000000284e+01 9.895209261693302949e+01
8.330000000000001137e+01 1.761452402524918170e+01
8.340000000000000568e+01 1.552453181403183535e+01
8.350000000000000000e+01 4.608515868076366928e+01
8.360000000000000853e+01 1.340761459333267567e+02
8.370000000000000284e+01 5.711022067334592833e+01
8.380000000000001137e+01 1.459125840437738191e+02
8.390000000000000568e+01 2.329708024994144111e+01
8.400000000000000000e+01 8.318032845408508535e+01
8.410000000000000853e+01 2.905811889288981575e+01
8.420000000000000284e+01 8.750136752599551926e+01
8.430000000000001137e+01 1.273479757986003165e+02
8.440000000000000568e+01 4.211546050239865480e+01
8.450000000000000000e+01 8.053850654980018930e+01
8.460000000000000853e+01 2.812871897214302521e+02
8.470000000000000284e+01 2.692828668536984651e+02
8.480000000000001137e+01 8.921017237689612500e+01
8.490000000000000568e+01 1.534408659179085355e+01
8.500000000000000000e+01 2.024375822819805393e+01
8.510000000000000853e+01 7.916085733661358859e+01
8.520000000000000284e+01 8.682923341122943839e+01
8.530000000000001137e+01 9.170722656131914619e+01
8.540000000000000568e+01 2.348092296493913267e+01
8.550000000000000000e+01 2.924056730429578010e+01
8.560000000000000853e+01 3.116885690332735948e+01
8.570000000000000284e+01 3.633046355957868201e+01
8.580000000000001137e+01 3.656901582462228362e+01
8.590000000000000568e+01 3.939915652754109487e+01
8.600000000000000000e+01 3.020595152367615555e+00
8.610000000000000853e+01 1.506872154736396041e+01
8.620000000000000284e+01 9.532609031538152422e+00
8.630000000000001137e+01 2.564369364781682759e+00
8.640000000000000568e+01 1.696951293343997413e+00
8.650000000000000000e+01 4.679766794628155679e+01
8.660000000000000853e+01 1.323427841714150954e+00
8.670000000000000284e+01 2.521264800979330811e+00
8.680000000000001137e+01 5.726991599484386741e-01
8.690000000000000568e+01 5.901256748235305105e-01
8.700000000000000000e+01 3.425170685747080057e+01
8.710000000000000853e+01 2.177681959551168944e+00
8.720000000000000284e+01 1.744355793208659744e+00
8.730000000000001137e+01 2.754690329632734525e+00
8.740000000000000568e+01 1.316001435004589881e+00
8.750000000000000000e+01 5.491067383051789763e-01
8.760000000000000853e+01 6.463319053883663790e-01
8.770000000000000284e+01 1.828354503280008592e+00
8.780000000000001137e+01 5.014769597961786118e+00
8.790000000000000568e+01 4.348405375069317458e+00
8.800000000000000000e+01 1.340965318087788294e+00
8.810000000000000853e+01 4.525279671248565450e+00
8.820000000000000284e+01 3.598470862086194710e+00
8.830000000000001137e+01 1.551807632168386064e+01
8.840000000000000568e+01 1.780766739246492136e+01
8.850000000000000000e+01 1.012626370531200237e+01
8.860000000000000853e+01 1.271850884960502270e+01
8.870000000000000284e+01 2.424137922078287133e+01
8.880000000000001137e+01 2.341007328268167953e+01
8.890000000000000568e+01 1.886177265634620426e+01
8.900000000000000000e+01 1.891316613837994609e+01
8.910000000000000853e+01 1.169865960758991541e+01
8.920000000000000284e+01 1.857038410726392286e+01
8.930000000000001137e+01 1.517855242651537537e+02
8.940000000000000568e+01 2.867208434225986480e+01
8.950000000000000000e+01 1.262885873588409424e+00
8.960000000000000853e+01 1.873195818926206613e+01
8.970000000000000284e+01 2.082725634831730588e+01
8.980000000000001137e+01 1.612194940639481189e+01
8.990000000000000568e+01 6.541074690294266247e+01
9.000000000000000000e+01 1.190078827091481450e+01
9.010000000000000853e+01 8.699287318679337133e+00
9.020000000000000284e+01 5.282984784036623971e+00
9.030000000000001137e+01 1.447900298878094461e+00
9.040000000000000568e+01 5.327706194141880180e-01
9.050000000000000000e+01 1.861160676638905498e+00
9.060000000000000853e+01 1.178971709477159679e+00
9.070000000000000284e+01 4.588360040630352188e+00
9.080000000000001137e+01 2.310616559097898592e-01
9.090000000000000568e+01 2.686618420593065992e-01
9.100000000000000000e+01 3.895618960890987470e+00
9.110000000000000853e+01 7.155852079378202113e-01
9.120000000000000284e+01 1.024507015043810032e+00
9.130000000000001137e+01 5.610803981270933161e-01
9.140000000000000568e+01 1.383830587689959257e-01
9.150000000000000000e+01 4.519271588099606163e+00
9.160000000000000853e+01 1.479454249197541316e+01
9.170000000000000284e+01 5.524997973393268147e+00
9.180000000000001137e+01 3.942927454132109233e+01
9.190000000000000568e+01 6.705365181212765435e+01
9.200000000000000000e+01 1.070506122750303746e+02
9.210000000000000853e+01 7.386792279822916640e+00
9.220000000000000284e+01 4.789419319698588140e+00
9.230000000000001137e+01 6.453423977567338543e-01
9.240000000000000568e+01 4.537668867847574461e+01
9.250000000000000000e+01 9.674887484487815215e+00
9.260000000000000853e+01 3.687660037376805366e-01
9.270000000000000284e+01 1.066279624097159040e+00
9.280000000000001137e+01 2.744685957231244866e-01
9.290000000000000568e+01 1.488821846028434814e+00
9.300000000000000000e+01 2.100255034081623812e-02
9.310000000000000853e+01 1.519005249180400141e-01
9.320000000000000284e+01 4.722986752257923859e-02
9.330000000000001137e+01 4.306652800991752628e-01
9.340000000000000568e+01 5.281458943703307707e-01
9.350000000000000000e+01 2.659212566715250858e+00
9.360000000000000853e+01 3.084339028535531213e+00
9.370000000000000284e+01 7.779298078467066446e+00
9.380000000000001137e+01 1.739977790963385118e+00
9.390000000000000568e+01 4.868895386553140914e-01
9.400000000000000000e+01 2.167547358405152169e-01
9.410000000000000853e+01 2.590785832219206358e-02
9.420000000000000284e+01 1.452588309272727363e-01
9.430000000000001137e+01 2.232917809198678327e+00
9.440000000000000568e+01 1.281431916133108362e-01
9.450000000000000000e+01 3.690618544711501414e+00
9.460000000000000853e+01 3.536157431799032302e+00
9.470000000000000284e+01 3.592156594154728017e-02
9.480000000000001137e+01 7.438790184397199579e-02
9.490000000000000568e+01 8.847262763436495314e-01
9.500000000000000000e+01 3.900545934388621044e-02
9.510000000000000853e+01 7.168968056941580791e+00
9.520000000000000284e+01 6.857749319549058420e+00
9.530000000000001137e+01 6.749131977182384112e+00
9.540000000000000568e+01 1.632097770731582687e+00
9.550000000000000000e+01 4.040870603256131233e+00
9.560000000000000853e+01 6.927660217805728493e+00
9.570000000000000284e+01 4.285109920917093973e+00
9.580000000000001137e+01 5.673689913853066535e+00
9.590000000000000568e+01 9.498248743998158883e-01
9.600000000000000000e+01 1.317097386537633641e+00
9.610000000000000853e+01 2.613299582163041701e-01
9.620000000000000284e+01 3.201476884639727349e-01
9.630000000000001137e+01 2.844046731038790132e-01
9.640000000000000568e+01 2.302541910626135502e-01
9.650000000000000000e+01 4.775169447017611063e-02
9.660000000000000853e+01 3.347759898887309182e-01
9.670000000000000284e+01 3.630144324444560811e-01
9.680000000000001137e+01 4.681842245266894409e+00
9.690000000000000568e+01 1.012138250973311449e+00
9.700000000000000000e+01 2.412336344833100110e+00
9.710000000000000853e+01 1.128389152564404529e+00
9.720000000000000284e+01 1.437788320555645782e+01
9.730000000000001137e+01 2.435078086492589478e+01
9.740000000000000568e+01 1.509382680140630484e+00
9.750000000000000000e+01 5.137119538513179595e-02
9.760000000000000853e+01 3.643047406502540348e-03
9.770000000000000284e+01 4.433909088815474187e-01
9.780000000000001137e+01 6.209822491402550160e-01
9.790000000000000568e+01 5.972047604042214353e-01
9.800000000000000000e+01 5.974064459900322449e-02
9.810000000000000853e+01 5.559208822869723399e-01
9.820000000000000284e+01 4.625045384691608280e-02
9.830000000000001137e+01 2.065510514180211310e-01
9.840000000000000568e+01 1.450401660651217013e-02
9.850000000000000000e+01 2.635368333494124138e-01
9.860000000000000853e+01 6.733542402971412488e-02
9.870000000000000284e+01 2.813197065953764175e-01
9.880000000000001137e+01 6.420401255958034514e-02
9.890000000000000568e+01 5.969696965099371977e-02
9.900000000000000000e+01 4.612334117435532010e-02
9.910000000000000853e+01 4.344574948710330786e-02
9.920000000000000284e+01 2.280068738785983595e-01
9.930000000000001137e+01 3.359021058995808051e-01
9.940000000000000568e+01 5.003635455841837915e-02
9.950000000000000000e+01 9.931329715742287078e-04
9.960000000000000853e+01 3.338913536058881523e-03
9.970000000000000284e+01 1.807439060985761153e-02
9.980000000000001137e+01 2.491245757207725398e-01
9.990000000000000568e+01 7.157046268218774689e-03
