0.000000000000000000e+00 2.677957284800831061e+00
1.000000000000000056e-01 1.225411390901280306e+01
2.000000000000000111e-01 1.054282696668484576e+01
3.000000000000000444e-01 3.828472239412021860e+00
4.000000000000000222e-01 9.253447977396088930e+00
5.000000000000000000e-01 3.462827398256867362e+00
6.000000000000000888e-01 5.044123515568394112e+00
7.000000000000000666e-01 6.986349585889970015e+00
8.000000000000000444e-01 1.107215481645022592e+01
9.000000000000000222e-01 8.529060989898708200e+00
1.000000000000000000e+00 1.635910268275135593e+01
1.100000000000000089e+00 3.383596180320847857e+00
1.200000000000000178e+00 8.493100681794633289e+00
1.300000000000000044e+00 6.790824008803250322e+00
1.400000000000000133e+00 9.306267001896936009e+00
1.500000000000000000e+00 2.834482424520826438e+00
1.600000000000000089e+00 3.935084010864827064e+00
1.700000000000000178e+00 2.030325916058266955e+00
1.800000000000000044e+00 5.941168241508028913e+00
1.900000000000000133e+00 4.345620214907307322e+00
2.000000000000000000e+00 2.000915979133130129e+00
2.100000000000000089e+00 1.592839968363810588e+00
2.200000000000000178e+00 3.084450819243824693e+00
2.300000000000000266e+00 3.704073905745056017e+00
2.400000000000000355e+00 4.900256719353644819e+00
2.500000000000000000e+00 5.468998047036906840e+00
2.600000000000000089e+00 1.382572364849030011e+00
2.700000000000000178e+00 1.131498794977640499e+00
2.800000000000000266e+00 4.025930268724472461e-01
2.900000000000000355e+00 2.365473553093647707e-01
3.000000000000000000e+00 1.005174149250346094e+00
3.100000000000000089e+00 1.064319784123700652e+00
3.200000000000000178e+00 7.222683706477616150e-01
3.300000000000000266e+00 7.717228202713778629e+00
3.400000000000000355e+00 1.866414282932874924e+00
3.500000000000000000e+00 1.159072438729180199e+00
3.600000000000000089e+00 5.236845388776414367e-01
3.700000000000000178e+00 2.854813206135699000e-01
3.800000000000000266e+00 2.453106977509066366e-01
3.900000000000000355e+00 2.539864908435487401e-01
4.000000000000000000e+00 2.401868991735084946e-01
4.100000000000000533e+00 1.772869538204681628e-01
4.200000000000000178e+00 1.956847884202235210e-01
4.299999999999999822e+00 3.867618832583712973e-01
4.400000000000000355e+00 1.446469466994872721e-01
4.500000000000000000e+00 3.094916923016167720e-01
4.600000000000000533e+00 6.980299260855200583e-01
4.700000000000000178e+00 8.604106277943964765e-01
4.800000000000000711e+00 3.191352070216396108e-01
4.900000000000000355e+00 2.882022760634979086e-01
5.000000000000000000e+00 2.593089025245317036e-01
5.100000000000000533e+00 1.820810626356025086e+00
5.200000000000000178e+00 7.383437497365999969e-01
5.300000000000000711e+00 1.048028239009793472e+00
5.400000000000000355e+00 8.464208358543990229e+00
5.500000000000000000e+00 4.594791577237609115e-01
5.600000000000000533e+00 9.066322258072117002e-01
5.700000000000000178e+00 5.590853005017932809e-01
5.800000000000000711e+00 2.506949922830893129e+00
5.900000000000000355e+00 5.373572560115256191e-01
6.000000000000000000e+00 1.795497399503060421e-01
6.100000000000000533e+00 4.260084910295877103e-01
6.200000000000000178e+00 4.801373656338561724e-01
6.300000000000000711e+00 2.609648464426477243e-01
6.400000000000000355e+00 4.689388957302325522e+00
6.500000000000000000e+00 3.412596475634557258e+00
6.600000000000000533e+00 1.875493921040216616e+00
6.700000000000000178e+00 5.405584965664264052e-01
6.800000000000000711e+00 7.545161302622467314e-01
6.900000000000000355e+00 1.422857701029965671e+00
7.000000000000000000e+00 7.427380128222007549e-01
7.100000000000000533e+00 1.362389182943433585e+00
7.200000000000000178e+00 6.952252022187800362e-01
7.300000000000000711e+00 1.537451561493096808e+00
7.400000000000000355e+00 7.809693742834394881e-01
7.500000000000000000e+00 1.033119432888430778e+00
7.600000000000000533e+00 5.250477300544736714e+00
7.700000000000000178e+00 1.581042840252014692e+00
7.800000000000000711e+00 1.388526573839945932e+00
7.900000000000000355e+00 7.986822105554985285e+00
8.000000000000000000e+00 1.991913998739887282e+00
8.099999999999999645e+00 5.629284353979352673e+00
8.200000000000001066e+00 2.862323709553704632e+00
8.300000000000000711e+00 6.568017768831858616e-01
8.400000000000000355e+00 9.008672226320059151e-01
8.500000000000000000e+00 8.330516141337233060e-01
8.599999999999999645e+00 1.259416753783996423e+00
8.700000000000001066e+00 6.252858126261179095e+00
8.800000000000000711e+00 2.844925866093460431e+00
8.900000000000000355e+00 1.197521597723024689e+00
9.000000000000000000e+00 1.591538512584928844e+00
9.099999999999999645e+00 9.150155626249329988e-01
9.200000000000001066e+00 8.170004077868984638e+00
9.300000000000000711e+00 1.023518801411356760e+00
9.400000000000000355e+00 8.050940716598924407e-01
9.500000000000000000e+00 6.295919960990321584e-01
9.600000000000001421e+00 4.728978268267485241e-01
9.700000000000001066e+00 1.380534141726809383e-01
9.800000000000000711e+00 1.391980948554530084e-01
9.900000000000000355e+00 3.179453229166800954e-01
1.000000000000000000e+01 1.388717366367437922e-01
1.010000000000000142e+01 4.053244954185233895e-01
1.020000000000000107e+01 7.579206623290800360e-02
1.030000000000000071e+01 6.427128254934648399e-02
1.040000000000000036e+01 3.061813684206223657e-02
1.050000000000000000e+01 7.301647860320757688e-02
1.060000000000000142e+01 1.982009599254216103e-01
1.070000000000000107e+01 2.874571101017565633e-01
1.080000000000000071e+01 2.529169832304710708e-01
1.090000000000000036e+01 9.677772628829404977e-02
1.100000000000000000e+01 3.479631057101196384e-02
1.110000000000000142e+01 2.871807047881137775e-02
1.120000000000000107e+01 5.294578971714131166e-02
1.130000000000000071e+01 8.360807120618277688e-01
1.140000000000000036e+01 1.086358427567745366e+00
1.150000000000000000e+01 1.238244231545684304e-01
1.160000000000000142e+01 1.889072670658699937e-01
1.170000000000000107e+01 1.026685998983239700e-01
1.180000000000000071e+01 2.639172909375429033e-01
1.190000000000000036e+01 2.116488979720383135e-01
1.200000000000000000e+01 2.647039754537499068e-01
1.210000000000000142e+01 4.601183933659342418e-01
1.220000000000000107e+01 1.786664362716042509e-01
1.230000000000000071e+01 1.834982439186457981e+00
1.240000000000000036e+01 3.176454036938698433e-01
1.250000000000000000e+01 4.270115153430052990e-01
1.260000000000000142e+01 1.892409740876621171e+00
1.270000000000000107e+01 2.362560997380610817e-01
1.280000000000000071e+01 3.125257753465432442e-01
1.290000000000000036e+01 4.520374612593643926e-01
1.300000000000000000e+01 3.356148762072194147e-01
1.310000000000000142e+01 2.862723863153700532e-01
1.320000000000000107e+01 4.128085971356372785e-01
1.330000000000000071e+01 5.973886188132353503e-01
1.340000000000000036e+01 9.591830605184302749e-01
1.350000000000000000e+01 6.699334795234400675e-01
1.360000000000000142e+01 3.808101478347046265e-01
1.370000000000000107e+01 9.414648668279147481e-01
1.380000000000000071e+01 1.145934766049201858e+00
1.390000000000000036e+01 3.579478275721348357e+00
1.400000000000000000e+01 1.402136861262971879e+00
1.410000000000000142e+01 5.049112793400601262e+00
1.420000000000000107e+01 5.415304025022652512e-01
1.430000000000000071e+01 4.698793782814997266e-01
1.440000000000000036e+01 2.842879354767847144e-01
1.450000000000000000e+01 2.446690761944402270e-01
1.460000000000000142e+01 6.093966693853795080e-01
1.470000000000000107e+01 2.042108412809072515e+00
1.480000000000000071e+01 3.803425987476723780e+00
1.490000000000000036e+01 2.592565065618074094e+00
1.500000000000000000e+01 6.248411653524885701e-01
1.510000000000000142e+01 1.116656247314130157e+00
1.520000000000000107e+01 1.801508854120674963e+00
1.530000000000000071e+01 1.146322223135123552e+00
1.540000000000000036e+01 7.526017635099965242e-01
1.550000000000000000e+01 2.907186817994231731e-01
1.560000000000000142e+01 6.395560941244625708e-01
1.570000000000000107e+01 3.890953073238305193e-01
1.580000000000000071e+01 1.594628216423779263e-02
1.590000000000000036e+01 3.327706505111912433e-02
1.600000000000000000e+01 1.291326860925429698e-01
1.610000000000000142e+01 1.340731490549516569e-01
1.619999999999999929e+01 5.530052046105574104e-02
1.630000000000000071e+01 7.539553601496393198e-02
1.640000000000000213e+01 7.432250999942460745e-02
1.650000000000000000e+01 1.460036113164749072e-01
1.660000000000000142e+01 9.128740018964077996e-02
1.669999999999999929e+01 9.218252599281187565e-02
1.680000000000000071e+01 3.767248421046990453e-02
1.690000000000000213e+01 1.727883549705711008e-01
1.700000000000000000e+01 5.484072051882583204e-02
1.710000000000000142e+01 1.284661229842034291e-01
1.719999999999999929e+01 2.939980092251870958e-01
1.730000000000000071e+01 2.060696819792032508e-01
1.740000000000000213e+01 7.351158309111517630e-02
1.750000000000000000e+01 6.714602144765657865e-01
1.760000000000000142e+01 2.125267029854325251e-01
1.769999999999999929e+01 4.940101765759283281e-01
1.780000000000000071e+01 1.642170186282185251e-01
1.790000000000000213e+01 9.940639752154209474e-02
1.800000000000000000e+01 3.555265534131679117e-01
1.810000000000000142e+01 5.803531817845604124e-01
1.819999999999999929e+01 4.297270533058160091e-01
1.830000000000000071e+01 1.265781503419089793e+00
1.840000000000000213e+01 4.648595513522939537e-01
1.850000000000000000e+01 9.083146774478304541e-01
1.860000000000000142e+01 4.333871539335460432e-01
1.869999999999999929e+01 5.059980230446818883e-01
1.880000000000000071e+01 3.714353387892474490e-01
1.890000000000000213e+01 1.812671396797061740e-01
1.900000000000000000e+01 5.435678928966072299e-01
1.910000000000000142e+01 5.547296976403935931e-01
1.920000000000000284e+01 8.854464382690109270e-01
1.930000000000000071e+01 4.644072553776679158e-01
1.940000000000000213e+01 3.664148947888306584e-01
1.950000000000000000e+01 1.812092336723088337e+00
1.960000000000000142e+01 3.873058797358647221e-01
1.970000000000000284e+01 5.034581400016558961e-01
1.980000000000000071e+01 2.809512368259977078e-01
1.990000000000000213e+01 2.805149848856124395e-01
2.000000000000000000e+01 2.941458553435836176e-01
2.010000000000000142e+01 1.286384781618080952e-01
2.020000000000000284e+01 7.556605913588998469e-02
2.030000000000000071e+01 1.475200125079430269e-01
2.040000000000000213e+01 1.831546732378613318e-01
2.050000000000000000e+01 2.452137430615509983e-01
2.060000000000000142e+01 1.536723448136636805e-01
2.070000000000000284e+01 1.143897346869556658e-01
2.080000000000000071e+01 2.455266936746775819e-01
2.090000000000000213e+01 1.484267995948379826e-01
2.100000000000000000e+01 1.082090849710141550e-01
2.110000000000000142e+01 1.915957475223132311e-01
2.120000000000000284e+01 1.767936172668146955e-01
2.130000000000000071e+01 5.651903470380188477e-01
2.140000000000000213e+01 1.772585908472363581e-01
2.150000000000000000e+01 4.007005698797878185e-02
2.160000000000000142e+01 5.502578899351331931e-02
2.170000000000000284e+01 4.912477383064670772e-02
2.180000000000000071e+01 7.323391642156906745e-02
2.190000000000000213e+01 1.868296620691948240e-01
2.200000000000000000e+01 2.004485690610575965e-01
2.210000000000000142e+01 4.332206309899374608e-01
2.220000000000000284e+01 1.525888700372830531e+00
2.230000000000000071e+01 2.397296966736519874e-01
2.240000000000000213e+01 6.110173583469046682e-02
2.250000000000000000e+01 1.362435830608769716e-01
2.260000000000000142e+01 4.216830578928111584e-02
2.270000000000000284e+01 4.992566260071763795e-02
2.280000000000000071e+01 5.441013229278273550e-02
2.290000000000000213e+01 5.029769070339246834e-02
2.300000000000000000e+01 7.064933423411308422e-02
2.310000000000000142e+01 5.307315417397480417e-02
2.320000000000000284e+01 3.931609552560798998e-02
2.330000000000000071e+01 2.115131431912208870e-01
2.340000000000000213e+01 3.368247613788541983e-01
2.350000000000000000e+01 1.831793452303674963e-01
2.360000000000000142e+01 4.495132473311406196e-01
2.370000000000000284e+01 3.153058542798572450e-01
2.380000000000000071e+01 7.101260470802268632e-01
2.390000000000000213e+01 2.596668533144889657e-01
2.400000000000000000e+01 1.294359006785786026e-01
2.410000000000000142e+01 2.788602048296107694e-01
2.420000000000000284e+01 6.852883088865631134e-01
2.430000000000000071e+01 9.866452954832598543e-01
2.440000000000000213e+01 1.020762742175002735e+00
2.450000000000000000e+01 7.159412541935494811e-01
2.460000000000000142e+01 6.493802222870836971e-01
2.470000000000000284e+01 5.441784041035203634e-01
2.480000000000000071e+01 6.577646647247357148e-01
2.490000000000000213e+01 2.233748033492959084e-01
2.500000000000000000e+01 7.456248709610059366e-01
2.510000000000000142e+01 2.513524877347885322e+00
2.520000000000000284e+01 4.954299844181492274e-01
2.530000000000000071e+01 7.972124932145089327e-01
2.540000000000000213e+01 4.874376962521000944e-01
2.550000000000000000e+01 1.657308127982546064e-01
2.560000000000000142e+01 3.197621140602996404e-01
2.570000000000000284e+01 3.966147545784978190e-01
2.580000000000000071e+01 3.261837085016562554e+00
2.590000000000000213e+01 1.614475278752629528e-01
2.600000000000000000e+01 1.564896280090290470e-01
2.610000000000000142e+01 2.499770336780344215e-01
2.620000000000000284e+01 1.889007501377443887e+00
2.630000000000000071e+01 3.081388171751197280e+00
2.640000000000000213e+01 4.298185304228199777e-01
2.650000000000000000e+01 1.213450265237172143e+00
2.660000000000000142e+01 3.289984589628861533e-01
2.670000000000000284e+01 4.422747837947028637e-01
2.680000000000000071e+01 4.700126902328166656e-01
2.690000000000000213e+01 1.066984643839285374e+00
2.700000000000000000e+01 3.836205108947787767e-01
2.710000000000000142e+01 3.047616160768092386e-01
2.720000000000000284e+01 6.781913296260743129e-01
2.730000000000000071e+01 2.002342978162240661e-01
2.740000000000000213e+01 2.633732191760635999e-01
2.750000000000000000e+01 8.764070463053164062e-01
2.760000000000000142e+01 1.237517387122726298e+00
2.770000000000000284e+01 1.130000285446285613e+00
2.780000000000000071e+01 3.138981185656225525e-01
2.790000000000000213e+01 4.290484495536641685e-01
2.800000000000000000e+01 1.090357797748458868e+00
2.810000000000000142e+01 7.350758310935359141e-01
2.820000000000000284e+01 7.908830398539358209e-01
2.830000000000000071e+01 2.962579005773292029e-01
2.840000000000000213e+01 3.421675894382262828e-01
2.850000000000000000e+01 9.319205993232616558e-01
2.860000000000000142e+01 8.038700907808298268e-01
2.870000000000000284e+01 5.380567398038320626e-01
2.880000000000000071e+01 2.209364433611204159e+00
2.890000000000000213e+01 1.663130554984066922e+00
2.900000000000000000e+01 6.890246069929160111e-01
2.910000000000000142e+01 6.078626783419426305e-01
2.920000000000000284e+01 6.260552503734889696e-01
2.930000000000000071e+01 3.870640378404726634e-01
2.940000000000000213e+01 1.114120144934267032e+00
2.950000000000000000e+01 1.691120626616352540e+00
2.960000000000000142e+01 1.809728413370340849e+00
2.970000000000000284e+01 5.241968137476832545e+00
2.980000000000000071e+01 1.753130671192076662e+00
2.990000000000000213e+01 3.942492027832166790e-01
3.000000000000000000e+01 9.000108799908078661e-01
3.010000000000000142e+01 7.724743034742841408e-01
3.020000000000000284e+01 1.494373407038934509e+00
3.030000000000000071e+01 2.895210532459215891e+00
3.040000000000000213e+01 2.535157581169278362e+00
3.050000000000000000e+01 8.293769183456738858e+00
3.060000000000000142e+01 1.346195356609710903e+00
3.070000000000000284e+01 9.083953580880940182e-01
3.080000000000000071e+01 5.326305482871549479e-01
3.090000000000000213e+01 6.024041031357174614e-01
3.100000000000000000e+01 3.643504697021853200e+00
3.110000000000000142e+01 2.816139920670455155e+00
3.120000000000000284e+01 2.256500925798241131e+00
3.130000000000000071e+01 1.410328521427882009e+00
3.140000000000000213e+01 2.766987176560521622e+00
3.150000000000000000e+01 7.558591773932846536e+00
3.160000000000000142e+01 2.849094835006773518e+00
3.170000000000000284e+01 2.825580987097307872e+00
3.180000000000000071e+01 1.436736350493469150e+00
3.190000000000000213e+01 6.355048976908407532e+00
3.200000000000000000e+01 3.290438072956452409e+00
3.210000000000000142e+01 3.611980968566817829e+00
3.220000000000000284e+01 5.368314141704858322e+00
3.230000000000000426e+01 2.196301020619832123e+00
3.239999999999999858e+01 5.325114776305452935e+00
3.250000000000000000e+01 8.167901917188071792e+00
3.260000000000000142e+01 2.051835643199137138e+00
3.270000000000000284e+01 1.737944822121941124e+00
3.280000000000000426e+01 3.445024873516225217e+00
3.289999999999999858e+01 3.151856999723390285e+00
3.300000000000000000e+01 2.461344592558138089e+00
3.310000000000000142e+01 6.607395077775846115e-01
3.320000000000000284e+01 2.105746875855424527e+00
3.330000000000000426e+01 1.392794592258232100e+00
3.339999999999999858e+01 2.353075826307501117e+00
3.350000000000000000e+01 6.588232899152514754e+00
3.360000000000000142e+01 1.320824171023324167e+00
3.370000000000000284e+01 1.388028209006358038e+00
3.380000000000000426e+01 5.081601861280801158e-01
3.389999999999999858e+01 1.902927107770575388e+00
3.400000000000000000e+01 5.435922388582308251e-01
3.410000000000000142e+01 9.782336748791022052e-02
3.420000000000000284e+01 4.181618026373247199e-01
3.430000000000000426e+01 5.090576476271826412e-01
3.439999999999999858e+01 5.756254040651149761e-01
3.450000000000000000e+01 6.953116357523434488e-01
3.460000000000000142e+01 8.010893438675067424e-01
3.470000000000000284e+01 1.905785090278763638e+00
3.480000000000000426e+01 4.181631318426266120e+00
3.489999999999999858e+01 1.741630415224046491e+00
3.500000000000000000e+01 3.279983747065583710e+00
3.510000000000000142e+01 5.237848408890886986e+00
3.520000000000000284e+01 5.555716847627672372e+00
3.530000000000000426e+01 2.486801155344085856e+00
3.539999999999999858e+01 7.915980609781244404e+00
3.550000000000000000e+01 1.249196033591470467e+00
3.560000000000000142e+01 4.596501788568618352e+00
3.570000000000000284e+01 4.144168790889881215e+00
3.580000000000000426e+01 7.803833398550803491e-01
3.589999999999999858e+01 3.612602247658639465e-01
3.600000000000000000e+01 9.624203354779884423e-01
3.610000000000000142e+01 1.867777907628971112e+00
3.620000000000000284e+01 5.731838474664319172e-01
3.630000000000000426e+01 6.798773573698746464e-01
3.639999999999999858e+01 1.493360716902103036e+00
3.650000000000000000e+01 4.389279521705272913e+00
3.660000000000000142e+01 1.632736664828483120e+00
3.670000000000000284e+01 7.115981307854603033e-01
3.680000000000000426e+01 3.142264516780207018e+00
3.689999999999999858e+01 1.177097894529574473e+00
3.700000000000000000e+01 8.121407888991402091e-01
3.710000000000000142e+01 1.718608332914332237e+00
3.720000000000000284e+01 1.809153425482713740e+00
3.730000000000000426e+01 6.163494871197265912e-01
3.739999999999999858e+01 5.330822449160401710e-01
3.750000000000000000e+01 1.007462726711638945e+00
3.760000000000000142e+01 3.307045957985608187e-01
3.770000000000000284e+01 1.654599636885011882e-01
3.780000000000000426e+01 1.239140439646143621e-01
3.789999999999999858e+01 1.388051438996152354e-01
3.800000000000000000e+01 2.421805629907131385e-01
3.810000000000000142e+01 2.790378111054007682e-01
3.820000000000000284e+01 2.053860673757148814e-01
3.830000000000000426e+01 4.252351510285758973e-01
3.840000000000000568e+01 2.935095919423709176e-01
3.850000000000000000e+01 1.235094905411596500e+00
3.860000000000000142e+01 1.642766975762260717e+00
3.870000000000000284e+01 5.601988009332140583e-01
3.880000000000000426e+01 5.532697729587370272e-01
3.890000000000000568e+01 2.604900976302710891e-01
3.900000000000000000e+01 3.325915761852728525e-01
3.910000000000000142e+01 1.603440403837647965e+00
3.920000000000000284e+01 4.618808427553814155e+00
3.930000000000000426e+01 6.283823842088237299e+00
3.940000000000000568e+01 1.427364147281518747e+01
3.950000000000000000e+01 1.599588935565891878e+00
3.960000000000000142e+01 1.252002115392074622e+01
3.970000000000000284e+01 1.268754245666435132e+00
3.980000000000000426e+01 2.478393366806996845e+00
3.990000000000000568e+01 8.662552878043734417e-01
4.000000000000000000e+01 1.146645894398943960e-01
4.010000000000000142e+01 1.982504900296972183e-01
4.020000000000000284e+01 4.707159683808450068e-01
4.030000000000000426e+01 8.108280549522232095e-01
4.040000000000000568e+01 9.564109800740002720e-01
4.050000000000000000e+01 8.680790602672737721e-01
4.060000000000000142e+01 7.540864466096588448e-01
4.070000000000000284e+01 8.124101809063036805e-01
4.080000000000000426e+01 4.061665387803955474e-01
4.090000000000000568e+01 6.638200877984772041e-02
4.100000000000000000e+01 3.117030549417805774e-01
4.110000000000000142e+01 7.489737640198168567e-01
4.120000000000000284e+01 2.333917889587951322e+00
4.130000000000000426e+01 2.332929328344901965e+00
4.140000000000000568e+01 5.418909644065336373e+00
4.150000000000000000e+01 2.944229871583694091e+00
4.160000000000000142e+01 8.992595648005400122e+00
4.170000000000000284e+01 5.166554297959636166e+00
4.180000000000000426e+01 2.939178006576752100e+00
4.190000000000000568e+01 1.191620304189088708e+00
4.200000000000000000e+01 2.427335063056541842e-01
4.210000000000000142e+01 3.727808586689022041e-01
4.220000000000000284e+01 5.250123521003886573e-01
4.230000000000000426e+01 9.369723696808180957e-01
4.240000000000000568e+01 1.817107185443336714e+00
4.250000000000000000e+01 6.853319482481098346e-01
4.260000000000000142e+01 3.685231750407310103e-01
4.270000000000000284e+01 3.246785619680622181e-01
4.280000000000000426e+01 2.048607038571036709e-01
4.290000000000000568e+01 2.918456978477806940e-01
4.300000000000000000e+01 1.853264262910663818e-01
4.310000000000000142e+01 1.325105867334170351e-01
4.320000000000000284e+01 1.370623418403916494e-01
4.330000000000000426e+01 1.235027782978169730e-01
4.340000000000000568e+01 6.809325745936711805e-01
4.350000000000000000e+01 8.847260959823904924e-01
4.360000000000000142e+01 4.811346926153763359e-01
4.370000000000000284e+01 9.126714741358810112e-01
4.380000000000000426e+01 1.548502412972872166e+00
4.390000000000000568e+01 1.311713147284480074e+00
4.400000000000000000e+01 1.327532175392285074e+00
4.410000000000000142e+01 1.397175964035648255e+00
4.420000000000000284e+01 1.919272925079227754e+00
4.430000000000000426e+01 6.661857341685507583e-01
4.440000000000000568e+01 2.862525821161958195e+00
4.450000000000000000e+01 2.968044290803550922e+00
4.460000000000000142e+01 2.283020971493233464e+00
4.470000000000000284e+01 3.848788918355769972e-01
4.480000000000000426e+01 1.266272840865637406e+00
4.490000000000000568e+01 1.500541158359833593e+00
4.500000000000000000e+01 5.814950059532488780e-01
4.510000000000000142e+01 3.694288793620721933e-01
4.520000000000000284e+01 2.472853437546094213e+00
4.530000000000000426e+01 4.620205925342672160e+00
4.540000000000000568e+01 3.859126910581233361e+00
4.550000000000000000e+01 3.735632125974532869e+00
4.560000000000000142e+01 1.937794675563140778e+00
4.570000000000000284e+01 1.077402730560719313e+01
4.580000000000000426e+01 4.102811157793413877e+00
4.590000000000000568e+01 3.533293241082520630e+00
4.600000000000000000e+01 6.290678627012012747e+00
4.610000000000000142e+01 1.453692928498999892e+00
4.620000000000000284e+01 7.132642755927959932e+00
4.630000000000000426e+01 1.297470696363560938e+00
4.640000000000000568e+01 1.454870206591877491e+00
4.650000000000000000e+01 4.891743145021961170e-01
4.660000000000000142e+01 7.621285185353117164e-01
4.670000000000000284e+01 8.245552639236956027e-01
4.680000000000000426e+01 2.045312548426252985e-01
4.690000000000000568e+01 2.076360328636367436e-01
4.700000000000000000e+01 1.178369465144902817e+00
4.710000000000000142e+01 8.287255670125824869e-01
4.720000000000000284e+01 1.550631779444910707e+00
4.730000000000000426e+01 8.536148706048747314e-01
4.740000000000000568e+01 4.922699261148475003e+00
4.750000000000000000e+01 2.929957645386679133e+00
4.760000000000000142e+01 2.051216203342153488e+00
4.770000000000000284e+01 2.952654989152561082e+00
4.780000000000000426e+01 1.255610316382591574e+00
4.790000000000000568e+01 1.342167299841225070e+00
4.800000000000000000e+01 1.690943984166382252e+00
4.810000000000000142e+01 1.168341041989459939e+01
4.820000000000000284e+01 2.088989647531323435e+00
4.830000000000000426e+01 2.672198850305059548e+00
4.840000000000000568e+01 1.053282651154923677e+01
4.850000000000000000e+01 2.997559661626845173e+00
4.860000000000000142e+01 1.458060344809021913e+01
4.870000000000000284e+01 2.946604084923196254e+00
4.880000000000000426e+01 7.407756232503056815e+00
4.890000000000000568e+01 1.381898870571560778e+01
4.900000000000000000e+01 3.588658781243234674e+00
4.910000000000000142e+01 8.773843688797429152e+00
4.920000000000000284e+01 2.081258926463271042e+00
4.930000000000000426e+01 3.622074874620051510e+00
4.940000000000000568e+01 1.295397487921565194e+01
4.950000000000000000e+01 1.304161790517449759e+01
4.960000000000000142e+01 4.275030276253628969e+00
4.970000000000000284e+01 1.147762982982514890e+00
4.980000000000000426e+01 3.843648737645652513e+00
4.990000000000000568e+01 6.961096924346018788e+00
5.000000000000000000e+01 2.406850241579096217e+00
5.010000000000000142e+01 1.128308799344384994e+00
5.020000000000000284e+01 6.517532772383612949e-01
5.030000000000000426e+01 1.973659268777172793e+00
5.040000000000000568e+01 2.965010767162785665e+00
5.050000000000000000e+01 4.951189534214209154e+00
5.060000000000000142e+01 7.120167731852250270e+00
5.070000000000000284e+01 1.628994867139775149e+00
5.080000000000000426e+01 6.111091894247224765e+00
5.090000000000000568e+01 7.895485445517509415e-01
5.100000000000000000e+01 6.384660421027099630e-01
5.110000000000000142e+01 7.691291843088273739e-01
5.120000000000000284e+01 6.478079137822305711e+00
5.130000000000000426e+01 3.246130625042690898e+00
5.140000000000000568e+01 5.591868433531535842e+00
5.150000000000000000e+01 2.639208834812730942e+00
5.160000000000000142e+01 8.209585151335091480e-01
5.170000000000000284e+01 5.097932789389988395e-01
5.180000000000000426e+01 9.676736409801874883e-01
5.190000000000000568e+01 4.564421720648184078e-01
5.200000000000000000e+01 1.568710267151188997e+00
5.210000000000000142e+01 9.624087941862683238e+00
5.220000000000000284e+01 1.090473513911291326e+00
5.230000000000000426e+01 1.110103312903535366e+00
5.240000000000000568e+01 1.324201494385869093e+00
5.250000000000000000e+01 9.244298378844928443e-01
5.260000000000000142e+01 4.404467310857129725e-01
5.270000000000000284e+01 4.127302242502697283e-01
5.280000000000000426e+01 1.127270368655847621e+00
5.290000000000000568e+01 1.026584620617328136e+00
5.300000000000000000e+01 1.331593879100938294e+00
5.310000000000000142e+01 3.594166246694002753e-01
5.320000000000000284e+01 5.389736121577930472e-01
5.330000000000000426e+01 1.433200254416266528e+00
5.340000000000000568e+01 1.460689802140868077e+00
5.350000000000000000e+01 1.477450605442430120e+00
5.360000000000000142e+01 1.018698825798917407e-01
5.370000000000000284e+01 6.951413823872301112e-01
5.380000000000000426e+01 5.077409730162526502e-01
5.390000000000000568e+01 3.376435469357432217e-01
5.400000000000000000e+01 1.073651140482478894e+00
5.410000000000000142e+01 9.836056049318971928e-01
5.420000000000000284e+01 8.105677241749549289e-01
5.430000000000000426e+01 4.508282293031987131e-01
5.440000000000000568e+01 9.316969111086822464e-01
5.450000000000000000e+01 7.629578026682322101e-01
5.460000000000000142e+01 1.913736369570655738e+00
5.470000000000000284e+01 2.844544193234000762e+00
5.480000000000000426e+01 1.778590771729044784e+00
5.490000000000000568e+01 3.046561200355108467e-01
5.500000000000000000e+01 1.197019221203440842e-01
5.510000000000000142e+01 4.710660431693601824e-01
5.520000000000000284e+01 3.783962523506670728e+00
5.530000000000000426e+01 5.262964781894469146e-01
5.540000000000000568e+01 2.745676707484198675e-01
5.550000000000000000e+01 4.069278441225090970e-01
5.560000000000000142e+01 7.421828476371137295e-01
5.570000000000000284e+01 5.151764032843474395e-01
5.580000000000000426e+01 1.579265439896809786e+00
5.590000000000000568e+01 1.885519199970760340e+00
5.600000000000000000e+01 3.929734637031387368e-01
5.610000000000000142e+01 3.722755529741896829e-01
5.620000000000000284e+01 9.549989386657550261e-01
5.630000000000000426e+01 4.708082224372562297e-01
5.640000000000000568e+01 1.224882203124654900e+00
5.650000000000000000e+01 5.532089199275173064e-01
5.660000000000000142e+01 1.299654852670675043e+00
5.670000000000000284e+01 1.401571530221843220e+00
5.680000000000000426e+01 5.393057136936932894e-01
5.690000000000000568e+01 2.402775987170613081e-01
5.700000000000000000e+01 2.163318755682566430e-01
5.710000000000000142e+01 2.941397384966197848e-01
5.720000000000000284e+01 7.189846064817868587e-01
5.730000000000000426e+01 4.838418872437055263e-01
5.740000000000000568e+01 2.128072185960102058e-01
5.750000000000000000e+01 4.296810003329363248e-01
5.760000000000000142e+01 3.202449060818355342e-01
5.770000000000000284e+01 1.271050794555287355e-01
5.780000000000000426e+01 4.230588835496230243e-02
5.790000000000000568e+01 1.218332275478746507e-01
5.800000000000000000e+01 5.056684070710484175e-02
5.810000000000000142e+01 7.400148139423394500e-02
5.820000000000000284e+01 6.978073790819103173e-02
5.830000000000000426e+01 1.782730442554669378e-02
5.840000000000000568e+01 2.222105110831124608e-01
5.850000000000000000e+01 5.678015221842667992e-02
5.860000000000000142e+01 9.262246722587015590e-02
5.870000000000000284e+01 1.082131022865765457e+00
5.880000000000000426e+01 6.293528365003173697e-01
5.890000000000000568e+01 4.561941504225568988e-01
5.900000000000000000e+01 3.759639787930719734e-01
5.910000000000000142e+01 1.304866774549776065e-01
5.920000000000000284e+01 6.624143270678754802e-02
5.930000000000000426e+01 9.082829010619579424e-02
5.940000000000000568e+01 4.002220494961739733e-02
5.950000000000000000e+01 7.876185514327184445e-02
5.960000000000000142e+01 3.500729374683349548e-01
5.970000000000000284e+01 4.006902013018926456e-01
5.980000000000000426e+01 2.973042802937672646e-01
5.990000000000000568e+01 2.032560515412626112e-01
6.000000000000000000e+01 9.890972157270856713e-02
6.010000000000000142e+01 2.891802643712495513e-01
6.020000000000000284e+01 2.515211391114022255e-01
6.030000000000000426e+01 1.915826024603520528e-01
6.040000000000000568e+01 2.244667237483455036e-01
6.050000000000000000e+01 2.818612986107712493e-01
6.060000000000000142e+01 1.853707407836904797e-01
6.070000000000000284e+01 2.009368622868133170e-01
6.080000000000000426e+01 6.302449645813187895e-02
6.090000000000000568e+01 3.301458108931627500e-01
6.100000000000000000e+01 2.478429064644529223e-01
6.110000000000000142e+01 3.166699577414823219e-01
6.120000000000000284e+01 6.569291231337177628e-01
6.130000000000000426e+01 2.723281998638820700e-01
6.140000000000000568e+01 1.444408911643500160e+00
6.150000000000000000e+01 9.075580115283502503e-01
6.160000000000000142e+01 4.418055844873937654e-01
6.170000000000000284e+01 8.058781084430263197e-01
6.180000000000000426e+01 5.540955952573718424e-01
6.190000000000000568e+01 8.250971009413393675e-01
6.200000000000000000e+01 2.601542676311587865e-01
6.210000000000000142e+01 3.423790790194019551e-01
6.220000000000000284e+01 2.935220875155503673e-01
6.230000000000000426e+01 5.741389051464773630e-01
6.240000000000000568e+01 5.322429282792345839e-01
6.250000000000000000e+01 5.805874796709407093e-01
6.260000000000000142e+01 6.363687467612660909e-01
6.270000000000000284e+01 5.833255488698287916e-01
6.280000000000000426e+01 4.194732960510937914e-01
6.290000000000000568e+01 7.396922493379022301e-01
6.300000000000000000e+01 1.461488935422121105e-01
6.310000000000000142e+01 2.287770495355510858e-01
6.320000000000000284e+01 8.941159150627486785e-02
6.330000000000000426e+01 5.274353463093092165e-01
6.340000000000000568e+01 3.391793027907136215e-01
6.350000000000000000e+01 3.179983717567646528e-01
6.360000000000000142e+01 8.441081078143347627e-02
6.370000000000000284e+01 3.695247087805356712e-01
6.380000000000000426e+01 1.855892450179253694e-01
6.390000000000000568e+01 7.417518672674408564e-02
6.400000000000000000e+01 1.726077568624777847e-01
6.410000000000000853e+01 6.263670279162111831e-02
6.420000000000000284e+01 4.980493766937819922e-02
6.429999999999999716e+01 2.354224675298752789e-01
6.440000000000000568e+01 5.396609558870769235e-02
6.450000000000000000e+01 2.058193776159109867e-01
6.460000000000000853e+01 9.955381351588780958e-02
6.470000000000000284e+01 4.459560459225136303e-02
6.479999999999999716e+01 1.272748567538006248e-01
6.490000000000000568e+01 1.206516597153234199e-01
6.500000000000000000e+01 1.003618949622741147e-01
6.510000000000000853e+01 1.927799396471193121e-03
6.520000000000000284e+01 5.345804772329199039e-02
6.529999999999999716e+01 4.924528637459766878e-01
6.540000000000000568e+01 3.600931968286738560e-01
6.550000000000000000e+01 6.042930651163842537e-01
6.560000000000000853e+01 6.208385871622464913e-01
6.570000000000000284e+01 1.028707145340838958e+00
6.579999999999999716e+01 6.882417379836588189e+00
6.590000000000000568e+01 4.401502927114330221e-01
6.600000000000000000e+01 1.030993381258578978e+00
6.610000000000000853e+01 3.449372398684645624e+00
6.620000000000000284e+01 2.452491724318708322e+00
6.629999999999999716e+01 3.470910008615142761e+00
6.640000000000000568e+01 3.574556499919243624e-01
6.650000000000000000e+01 3.418622270894738358e-01
6.660000000000000853e+01 3.016661597852580146e-01
6.670000000000000284e+01 4.682366656309937536e-01
6.679999999999999716e+01 1.764499396073283322e+00
6.690000000000000568e+01 2.119291929226011728e+00
6.700000000000000000e+01 3.371688521104105440e+00
6.710000000000000853e+01 5.976215706549519169e+00
6.720000000000000284e+01 1.383661508099546245e+00
6.729999999999999716e+01 5.551134102925101566e-01
6.740000000000000568e+01 4.830040838503191214e-01
6.750000000000000000e+01 5.091924149343881600e-01
6.760000000000000853e+01 1.000705136422630703e+00
6.770000000000000284e+01 6.757597620590377607e-01
6.779999999999999716e+01 2.828993429106940183e-01
6.790000000000000568e+01 2.228134510907263111e-01
6.800000000000000000e+01 3.773617821280659257e-01
6.810000000000000853e+01 2.968823510059306336e-01
6.820000000000000284e+01 1.116629935530398937e-01
6.829999999999999716e+01 7.930216695314493691e-01
6.840000000000000568e+01 5.286128364411255554e-01
6.850000000000000000e+01 2.778886169638309922e-01
6.860000000000000853e+01 6.535033961134584235e-01
6.870000000000000284e+01 2.759272478183460442e-01
6.879999999999999716e+01 1.708693560634889363e-01
6.890000000000000568e+01 3.659949484616529802e-01
6.900000000000000000e+01 1.619607640917518077e-01
6.910000000000000853e+01 1.100829562999690592e-01
6.920000000000000284e+01 2.380196250049643469e-01
6.929999999999999716e+01 6.420471374850307555e-02
6.940000000000000568e+01 7.093196626581044217e-02
6.950000000000000000e+01 2.434682262714814305e-01
6.960000000000000853e+01 5.667873197906982963e-01
6.970000000000000284e+01 4.786293974817207308e-01
6.979999999999999716e+01 1.950878909985961918e-02
6.990000000000000568e+01 2.514732532916275423e-02
7.000000000000000000e+01 1.020999216447080436e-02
7.010000000000000853e+01 1.314926054234071551e-01
7.020000000000000284e+01 2.089254661351566955e-01
7.029999999999999716e+01 2.338622973606530320e-01
7.040000000000000568e+01 1.517271408357069584e-01
7.050000000000000000e+01 5.001609309624188010e-02
7.060000000000000853e+01 1.057135094702951056e-02
7.070000000000000284e+01 6.389471344651567741e-02
7.079999999999999716e+01 1.291358686027959113e-01
7.090000000000000568e+01 1.905705367144361340e-01
7.100000000000000000e+01 2.727360646985897974e-01
7.110000000000000853e+01 1.688813916522653169e-01
7.120000000000000284e+01 1.713788692043014816e-01
7.129999999999999716e+01 8.442389052776584635e-02
7.140000000000000568e+01 8.638646692981615249e-01
7.150000000000000000e+01 3.613765568797164263e-01
7.160000000000000853e+01 9.563988546195600904e-01
7.170000000000000284e+01 2.648477353445871429e+00
7.179999999999999716e+01 1.114369213516349655e+00
7.190000000000000568e+01 2.480468913211768545e+00
7.200000000000000000e+01 5.463300192523237175e-01
7.210000000000000853e+01 1.082635286922246642e+00
7.220000000000000284e+01 4.713214515165723206e+00
7.229999999999999716e+01 1.349635754728288006e+00
7.240000000000000568e+01 1.699680813609497410e+00
7.250000000000000000e+01 7.756925202803452990e-01
7.260000000000000853e+01 5.537657219003282449e-01
7.270000000000000284e+01 8.471445236457892936e-01
7.279999999999999716e+01 2.019522710926428655e+00
7.290000000000000568e+01 3.548495575121686674e+00
7.300000000000000000e+01 2.050592669994549588e+00
7.310000000000000853e+01 5.398074358422935148e+00
7.320000000000000284e+01 5.971930444859738785e-01
7.329999999999999716e+01 3.784250631060441350e+00
7.340000000000000568e+01 1.199014769007143544e+00
7.350000000000000000e+01 6.624471422694078182e-01
7.360000000000000853e+01 9.514840696190207670e-01
7.370000000000000284e+01 5.275441798876082666e-01
7.379999999999999716e+01 1.195418117464426722e+00
7.390000000000000568e+01 4.834862285252178871e-01
7.400000000000000000e+01 6.012966268252273316e-01
7.410000000000000853e+01 1.106448824187430846e+00
7.420000000000000284e+01 3.659771236243373194e-01
7.429999999999999716e+01 4.911908311429533103e-01
7.440000000000000568e+01 1.006304121022691733e+00
7.450000000000000000e+01 3.973028866098987866e+00
7.460000000000000853e+01 5.636392383688071384e-01
7.470000000000000284e+01 1.681378428469954833e-01
7.479999999999999716e+01 4.257960790683236185e-01
7.490000000000000568e+01 1.106404254330265874e-01
7.500000000000000000e+01 1.909770907653143279e-01
7.510000000000000853e+01 8.102238563612892408e-01
7.520000000000000284e+01 5.139921003216746387e-01
7.529999999999999716e+01 7.834961976340955037e-01
7.540000000000000568e+01 3.291310898194547141e-01
7.550000000000000000e+01 7.711937190265437669e-01
7.560000000000000853e+01 2.192041803236964181e+00
7.570000000000000284e+01 6.875645007575390544e-01
7.579999999999999716e+01 7.024003843882501430e-01
7.590000000000000568e+01 6.503125748715335996e-01
7.600000000000000000e+01 1.569114732635510656e-01
7.610000000000000853e+01 3.041837558186989421e-01
7.620000000000000284e+01 2.356159062791497727e-01
7.629999999999999716e+01 1.204982649763676417e+00
7.640000000000000568e+01 4.458573937860031977e-01
7.650000000000000000e+01 1.319589306701345888e-01
7.660000000000000853e+01 2.926283580096362691e-01
7.670000000000000284e+01 2.496571193946427736e-01
7.680000000000001137e+01 1.145629651921507980e-01
7.690000000000000568e+01 2.687791448895903157e-01
7.700000000000000000e+01 1.178281909055473725e-01
7.710000000000000853e+01 2.828926978007914039e-01
7.720000000000000284e+01 2.106271691463148243e-01
7.730000000000001137e+01 3.060523607132001889e-01
7.740000000000000568e+01 4.770434893141753396e-01
7.750000000000000000e+01 8.617941723137224619e-01
7.760000000000000853e+01 5.019138537561574687e+00
7.770000000000000284e+01 1.322184160819834808e+00
7.780000000000001137e+01 8.340606988608516570e-01
7.790000000000000568e+01 1.016888994781047995e+00
7.800000000000000000e+01 3.422063773644062890e-01
7.810000000000000853e+01 2.398265622163917865e-01
7.820000000000000284e+01 3.393468124834382316e-01
7.830000000000001137e+01 8.621083749867685109e-01
7.840000000000000568e+01 1.956747789525679959e+00
7.850000000000000000e+01 2.667302849442784840e+00
7.860000000000000853e+01 3.856285889272000666e+00
7.870000000000000284e+01 2.824831044045145845e+00
7.880000000000001137e+01 1.767919843072124131e+00
7.890000000000000568e+01 9.951259528529837750e-01
7.900000000000000000e+01 2.145787307932762289e+00
7.910000000000000853e+01 1.735727942385547840e+00
7.920000000000000284e+01 2.127169749690198675e+00
7.930000000000001137e+01 2.862738688179470969e+00
7.940000000000000568e+01 1.278667326900777335e+00
7.950000000000000000e+01 2.802216593413215939e+00
7.960000000000000853e+01 2.020418846788814893e+00
7.970000000000000284e+01 3.578657173336178055e+00
7.980000000000001137e+01 3.141935860719472284e+00
7.990000000000000568e+01 2.577401304411005789e+00
8.000000000000000000e+01 1.565827559704569616e+01
8.010000000000000853e+01 1.874128232669464600e+00
8.020000000000000284e+01 7.621806099359219822e+00
8.030000000000001137e+01 1.925712562940308681e+00
8.040000000000000568e+01 1.840126389595609924e+00
8.050000000000000000e+01 2.028270980984956395e+00
8.060000000000000853e+01 2.646115375932417635e+00
8.070000000000000284e+01 2.621694533768274216e+00
8.080000000000001137e+01 2.753764072699498744e+00
8.090000000000000568e+01 1.893829043855877581e+00
8.100000000000000000e+01 1.666427172092983078e+00
8.110000000000000853e+01 6.312194614729297326e-01
8.120000000000000284e+01 1.203031827013854471e+00
8.130000000000001137e+01 1.776139466527804522e+00
8.140000000000000568e+01 1.318837426645304456e+00
8.150000000000000000e+01 1.349481457326754397e+00
8.160000000000000853e+01 6.347153000802822076e-01
8.170000000000000284e+01 6.470936066531062236e-01
8.180000000000001137e+01 3.706692055685653631e-01
8.190000000000000568e+01 1.016302147070045514e+00
8.200000000000000000e+01 1.841957772180898623e+00
8.210000000000000853e+01 1.462555426826629645e+00
8.220000000000000284e+01 8.591288384794157906e-01
8.230000000000001137e+01 5.509696704126390898e+00
8.240000000000000568e+01 3.422068545956517660e+00
8.250000000000000000e+01 1.018365069612995555e+00
8.260000000000000853e+01 3.536792753811012213e-01
8.270000000000000284e+01 1.410104535641298673e+00
8.280000000000001137e+01 1.564517224188907818e+00
8.290000000000000568e+01 1.002461240924890529e+00
8.300000000000000000e+01 1.441653387985169399e+00
8.310000000000000853e+01 2.084257299701704813e+00
8.320000000000000284e+01 4.853499005732867744e+00
8.330000000000001137e+01 2.225046961403895907e+00
8.340000000000000568e+01 3.170576124729041823e+00
8.350000000000000000e+01 6.175507587628280781e+00
8.360000000000000853e+01 4.677880151072759674e+00
8.370000000000000284e+01 6.160714370774558191e+00
8.380000000000001137e+01 3.022876895514523987e+00
8.390000000000000568e+01 1.770576996378517620e+00
8.400000000000000000e+01 3.672164349433718389e+00
8.410000000000000853e+01 3.287371886281902356e+00
8.420000000000000284e+01 1.099748372691689369e+01
8.430000000000001137e+01 2.242213473288286796e+00
8.440000000000000568e+01 2.502624431841911079e+00
8.450000000000000000e+01 1.177019673522934351e+00
8.460000000000000853e+01 5.153353758189125777e+00
8.470000000000000284e+01 4.068904911950992798e+00
8.480000000000001137e+01 2.593950215598894271e+00
8.490000000000000568e+01 7.125883672218542131e+00
8.500000000000000000e+01 7.816735088249627594e+00
8.510000000000000853e+01 3.609982964344479850e+00
8.520000000000000284e+01 1.392248678011817953e+00
8.530000000000001137e+01 1.602678293071083226e+00
8.540000000000000568e+01 9.641253080139099652e+00
8.550000000000000000e+01 3.796471399092158361e+00
8.560000000000000853e+01 3.978958498331259364e+00
8.570000000000000284e+01 2.680152645597925876e+00
8.580000000000001137e+01 4.468676206183038957e+00
8.590000000000000568e+01 3.356572243843341852e+00
8.600000000000000000e+01 3.098473991522565196e+00
8.610000000000000853e+01 5.976322355764056127e+00
8.620000000000000284e+01 3.219628836163742847e+00
8.630000000000001137e+01 2.031216024254197006e+00
8.640000000000000568e+01 6.113915967951300878e+00
8.650000000000000000e+01 2.675901655481649932e+00
8.660000000000000853e+01 1.487076242425863226e+00
8.670000000000000284e+01 2.703992941670886552e+00
8.680000000000001137e+01 1.696060117233797238e+00
8.690000000000000568e+01 1.563768695243445750e+00
8.700000000000000000e+01 2.421572698907991761e+00
8.710000000000000853e+01 5.628700347124834913e+00
8.720000000000000284e+01 2.334742272667118979e+00
8.730000000000001137e+01 2.973337680393238092e+00
8.740000000000000568e+01 4.304422631004406696e+00
8.750000000000000000e+01 3.511905596808869490e+00
8.760000000000000853e+01 7.110317937409511124e+00
8.770000000000000284e+01 4.200225810507164148e+00
8.780000000000001137e+01 9.057576465264769894e+00
8.790000000000000568e+01 7.485211032333435988e+00
8.800000000000000000e+01 7.390544570478903008e-01
8.810000000000000853e+01 1.934299089287019546e+00
8.820000000000000284e+01 2.198767702645106681e+00
8.830000000000001137e+01 1.423588205116554484e+01
8.840000000000000568e+01 1.063127074862665644e+01
8.850000000000000000e+01 9.785452636916343039e+00
8.860000000000000853e+01 1.632535064918418044e+01
8.870000000000000284e+01 1.569711940627196078e+01
8.880000000000001137e+01 1.457905482866016733e+01
8.890000000000000568e+01 1.033996405056121937e+01
8.900000000000000000e+01 2.407462865145304320e+01
8.910000000000000853e+01 1.791805950327143293e+01
8.920000000000000284e+01 2.192334975781228579e+01
8.930000000000001137e+01 2.304551525847844573e+01
8.940000000000000568e+01 1.725775946580627362e+01
8.950000000000000000e+01 2.885700067486233067e+01
8.960000000000000853e+01 2.083318549808547715e+01
8.970000000000000284e+01 2.699470259868668975e+01
8.980000000000001137e+01 4.231773608219429406e+01
8.990000000000000568e+01 1.826376229502298543e+01
9.000000000000000000e+01 5.445284356907084344e+01
9.010000000000000853e+01 2.329301637400087444e+01
9.020000000000000284e+01 7.332344481025600658e+01
9.030000000000001137e+01 1.142932965021601710e+01
9.040000000000000568e+01 2.004928274497520420e+02
9.050000000000000000e+01 2.506606578482142140e+02
9.060000000000000853e+01 1.187959829087624399e+02
9.070000000000000284e+01 5.247582891428497476e+01
9.080000000000001137e+01 4.234357161426919447e+01
9.090000000000000568e+01 3.225878944485786093e+01
9.100000000000000000e+01 4.759335394826125309e+01
9.110000000000000853e+01 2.389034860271318905e+01
9.120000000000000284e+01 3.113864202963744887e+01
9.130000000000001137e+01 3.611396925395636259e+01
9.140000000000000568e+01 1.756682162485311594e+01
9.150000000000000000e+01 2.480028309085286509e+01
9.160000000000000853e+01 2.580667487427493256e+01
9.170000000000000284e+01 1.618103146405241688e+01
9.180000000000001137e+01 2.208454775859403796e+01
9.190000000000000568e+01 2.374760281724066502e+01
9.200000000000000000e+01 2.060553095290018533e+01
9.210000000000000853e+01 1.374452402943718710e+01
9.220000000000000284e+01 1.216024348539792221e+01
9.230000000000001137e+01 1.916775240861048601e+01
9.240000000000000568e+01 7.090714407274777642e+00
9.250000000000000000e+01 1.469314593215095854e+01
9.260000000000000853e+01 6.730288345408306228e+00
9.270000000000000284e+01 9.312162693770915212e+00
9.280000000000001137e+01 4.144058537618827920e+00
9.290000000000000568e+01 9.808764378977189446e-01
9.300000000000000000e+01 2.071815391817700469e+00
9.310000000000000853e+01 6.741022598303788804e+00
9.320000000000000284e+01 9.440949311629973195e+00
9.330000000000001137e+01 1.467938703850186322e+01
9.340000000000000568e+01 2.427159206636243294e+00
9.350000000000000000e+01 1.526339737406862973e+01
9.360000000000000853e+01 2.863751462316699747e+00
9.370000000000000284e+01 3.291760275862756657e+00
9.380000000000001137e+01 1.099367544450448086e+01
9.390000000000000568e+01 3.702552336180735093e+00
9.400000000000000000e+01 5.529161149137255649e+00
9.410000000000000853e+01 2.674717686071609979e+00
9.420000000000000284e+01 5.663509883560285729e+00
9.430000000000001137e+01 1.821279456781653927e+00
9.440000000000000568e+01 3.222873135502277275e+00
9.450000000000000000e+01 9.601163930770228561e+00
9.460000000000000853e+01 4.402531608187168821e+00
9.470000000000000284e+01 9.709596634079952437e+00
9.480000000000001137e+01 4.087595477662518739e+00
9.490000000000000568e+01 8.662677642893562791e+00
9.500000000000000000e+01 6.588579273507503942e+00
9.510000000000000853e+01 7.042451241945873797e+00
9.520000000000000284e+01 8.280802307422412412e+00
9.530000000000001137e+01 2.974983683519963229e+00
9.540000000000000568e+01 1.432117854581772498e+01
9.550000000000000000e+01 4.230772777331337053e+00
9.560000000000000853e+01 1.040856271724390680e+01
9.570000000000000284e+01 1.840019403542462628e+00
9.580000000000001137e+01 9.786391212674079298e-01
9.590000000000000568e+01 1.499402694628107824e+01
9.600000000000000000e+01 6.577156413908939570e+00
9.610000000000000853e+01 7.278020060680905345e+00
9.620000000000000284e+01 5.287307863533058594e+00
9.630000000000001137e+01 3.325687261128556838e+00
9.640000000000000568e+01 8.470986495544371664e+00
9.650000000000000000e+01 9.000873121551865585e-01
9.660000000000000853e+01 4.933534308823642967e+00
9.670000000000000284e+01 3.439921361731985261e+00
9.680000000000001137e+01 9.764871891177477892e+00
9.690000000000000568e+01 4.511719102764902622e+00
9.700000000000000000e+01 3.904618129871463506e+00
9.710000000000000853e+01 2.195256293557025007e+00
9.720000000000000284e+01 6.788810549007123107e+00
9.730000000000001137e+01 5.463499624039129365e+00
9.740000000000000568e+01 8.488380914757362561e+00
9.750000000000000000e+01 1.016201608054866945e+01
9.760000000000000853e+01 2.778935361400229009e+00
9.770000000000000284e+01 6.813785367281917082e+00
9.780000000000001137e+01 3.256388763363083250e+00
9.790000000000000568e+01 4.385237262298798733e+00
9.800000000000000000e+01 7.965321224418807633e-01
9.810000000000000853e+01 2.748757591610185624e+00
9.820000000000000284e+01 1.588375352868022672e+00
9.830000000000001137e+01 1.088842165830559594e+00
9.840000000000000568e+01 5.099945759618340624e-01
9.850000000000000000e+01 1.636630609631343436e+00
9.860000000000000853e+01 2.986085726290812925e+00
9.870000000000000284e+01 1.101181068002338215e+01
9.880000000000001137e+01 7.141426109292426938e-01
9.890000000000000568e+01 3.856396634714161387e+00
9.900000000000000000e+01 2.398025099606088784e+00
9.910000000000000853e+01 8.370101005687945461e-01
9.920000000000000284e+01 6.628110640497263395e-01
9.930000000000001137e+01 6.795366989770547095e-01
9.940000000000000568e+01 1.946633923849555581e+00
9.950000000000000000e+01 1.020766646198715488e+00
9.960000000000000853e+01 1.055731222889166787e+01
9.970000000000000284e+01 1.721605122288487832e+00
9.980000000000001137e+01 1.872259893491634353e+00
9.990000000000000568e+01 1.390798289404826305e+00
