0.000000000000000000e+00 6.535676486741802016e+00
1.000000000000000056e-01 9.777151175773045821e+00
2.000000000000000111e-01 2.379600742940355573e+01
3.000000000000000444e-01 2.447446098384329805e+00
4.000000000000000222e-01 1.309145775980411663e+01
5.000000000000000000e-01 2.767678008228168007e+00
6.000000000000000888e-01 4.873364802047316147e+00
7.000000000000000666e-01 1.644929737413680471e+01
8.000000000000000444e-01 1.809616401763503646e+01
9.000000000000000222e-01 2.825156760682018842e+01
1.000000000000000000e+00 3.598761419943676998e+01
1.100000000000000089e+00 3.095856086093673021e+00
1.200000000000000178e+00 1.159574533822056175e+01
1.300000000000000044e+00 5.211788443121392334e+00
1.400000000000000133e+00 9.635561426839327481e+00
1.500000000000000000e+00 2.506267630202464680e+00
1.600000000000000089e+00 2.385149738850326440e+00
1.700000000000000178e+00 3.767102219263697815e+00
1.800000000000000044e+00 3.456792247933835771e+00
1.900000000000000133e+00 4.064043339239713504e+00
2.000000000000000000e+00 1.774469705175977907e+00
2.100000000000000089e+00 1.446288782170725762e+00
2.200000000000000178e+00 4.030419461537920078e+00
2.300000000000000266e+00 5.727981519049820669e+00
2.400000000000000355e+00 4.517142661082568900e+00
2.500000000000000000e+00 4.265407254514606450e+00
2.600000000000000089e+00 6.243761719720358760e-01
2.700000000000000178e+00 6.673363839934033370e-01
2.800000000000000266e+00 1.823408921191172483e-01
2.900000000000000355e+00 1.667667040618011631e-01
3.000000000000000000e+00 8.015734863376536845e-01
3.100000000000000089e+00 1.581254396459553124e+00
3.200000000000000178e+00 7.580545805310500151e-01
3.300000000000000266e+00 8.931711033694314850e+00
3.400000000000000355e+00 1.708488949067154872e+00
3.500000000000000000e+00 6.068545247016775557e-01
3.600000000000000089e+00 2.049965454063476800e-01
3.700000000000000178e+00 1.784565663773856337e-01
3.800000000000000266e+00 1.176917864418254717e-01
3.900000000000000355e+00 1.211791697007814361e-01
4.000000000000000000e+00 1.587691019629712541e-01
4.100000000000000533e+00 8.432973668232553177e-02
4.200000000000000178e+00 8.791072583832644505e-02
4.299999999999999822e+00 3.443419967095403544e-01
4.400000000000000355e+00 9.610524235667058934e-02
4.500000000000000000e+00 2.093463183610909661e-01
4.600000000000000533e+00 7.340293175946576154e-01
4.700000000000000178e+00 4.771877677130474393e-01
4.800000000000000711e+00 1.950576846685374288e-01
4.900000000000000355e+00 1.462931964257911666e-01
5.000000000000000000e+00 2.191003008642636862e-01
5.100000000000000533e+00 1.552454440166318950e+00
5.200000000000000178e+00 1.038458172653208500e+00
5.300000000000000711e+00 7.313911200330088791e-01
5.400000000000000355e+00 9.731286454323679891e+00
5.500000000000000000e+00 2.271216240294695599e-01
5.600000000000000533e+00 6.383319699694102178e-01
5.700000000000000178e+00 3.794711915942060032e-01
5.800000000000000711e+00 1.158491006513135080e+00
5.900000000000000355e+00 4.873952935108872286e-01
6.000000000000000000e+00 2.554386257329955764e-02
6.100000000000000533e+00 4.066079829304758975e-01
6.200000000000000178e+00 2.914015261614772423e-01
6.300000000000000711e+00 2.467239929529412845e-01
6.400000000000000355e+00 5.255222863332912553e+00
6.500000000000000000e+00 2.567445910199098513e+00
6.600000000000000533e+00 1.369944762227730317e+00
6.700000000000000178e+00 2.820831190939104283e-01
6.800000000000000711e+00 4.317524011834507069e-01
6.900000000000000355e+00 2.058586960777525121e+00
7.000000000000000000e+00 3.205464763177526821e-01
7.100000000000000533e+00 1.870730334735180911e+00
7.200000000000000178e+00 3.514371630787223033e-01
7.300000000000000711e+00 1.648538144326062715e+00
7.400000000000000355e+00 7.557632017658103551e-01
7.500000000000000000e+00 7.499387787061478905e-01
7.600000000000000533e+00 9.622647053241820458e+00
7.700000000000000178e+00 1.199167530339859900e+00
7.800000000000000711e+00 2.410080246225037470e+00
7.900000000000000355e+00 9.518076975648353866e+00
8.000000000000000000e+00 2.735706681167824783e+00
8.099999999999999645e+00 4.896708672498657045e+00
8.200000000000001066e+00 1.646759725843767841e+00
8.300000000000000711e+00 4.261465477036985861e-01
8.400000000000000355e+00 7.784205930329305412e-01
8.500000000000000000e+00 8.797647193199207294e-01
8.599999999999999645e+00 2.223410773619461267e+00
8.700000000000001066e+00 4.210185058196618257e+00
8.800000000000000711e+00 4.219836453765380746e+00
8.900000000000000355e+00 5.296288116453525818e-01
9.000000000000000000e+00 1.682741067168067595e+00
9.099999999999999645e+00 1.263331115470672783e+00
9.200000000000001066e+00 5.896519901065458313e+00
9.300000000000000711e+00 1.554613443395469474e+00
9.400000000000000355e+00 2.669998152573400674e-01
9.500000000000000000e+00 5.166543635727504080e-01
9.600000000000001421e+00 1.954905879854884898e-01
9.700000000000001066e+00 4.663999233185969762e-02
9.800000000000000711e+00 6.482136271938192251e-02
9.900000000000000355e+00 2.170050901801633125e-01
1.000000000000000000e+01 6.686545038418550968e-02
1.010000000000000142e+01 1.956216770671037886e-01
1.020000000000000107e+01 2.083551323543241310e-02
1.030000000000000071e+01 2.106875913908127715e-02
1.040000000000000036e+01 4.013709404321468520e-03
1.050000000000000000e+01 6.171751310794889450e-02
1.060000000000000142e+01 1.660764065935824429e-01
1.070000000000000107e+01 1.261308576099282042e-01
1.080000000000000071e+01 1.493772216182918666e-01
1.090000000000000036e+01 1.474125386046148782e-02
1.100000000000000000e+01 1.336884358616438270e-02
1.110000000000000142e+01 1.070352154488207926e-02
1.120000000000000107e+01 4.613995865947491393e-02
1.130000000000000071e+01 9.745835343730292477e-01
1.140000000000000036e+01 5.108932291948798943e-01
1.150000000000000000e+01 4.604888444941480224e-02
1.160000000000000142e+01 2.936224998176086357e-02
1.170000000000000107e+01 7.066822728710353552e-02
1.180000000000000071e+01 1.879765160468778451e-01
1.190000000000000036e+01 8.992716127643621271e-02
1.200000000000000000e+01 2.023184362730703623e-01
1.210000000000000142e+01 3.126985103763719742e-01
1.220000000000000107e+01 7.688084191284802471e-02
1.230000000000000071e+01 1.569352640207704042e+00
1.240000000000000036e+01 2.045728633393582296e-01
1.250000000000000000e+01 2.840586316855070459e-01
1.260000000000000142e+01 1.435881153721846104e+00
1.270000000000000107e+01 1.399211200588924009e-01
1.280000000000000071e+01 1.460530755857616381e-01
1.290000000000000036e+01 2.787420089985297444e-01
1.300000000000000000e+01 2.617982796083825892e-01
1.310000000000000142e+01 1.912309579392197922e-01
1.320000000000000107e+01 3.235999525127670196e-01
1.330000000000000071e+01 1.044401229026644673e+00
1.340000000000000036e+01 4.558009459229567795e-01
1.350000000000000000e+01 8.227368505481665872e-01
1.360000000000000142e+01 2.621988761947576796e-01
1.370000000000000107e+01 1.041536521178382690e+00
1.380000000000000071e+01 2.554201847554093519e+00
1.390000000000000036e+01 7.186613988843559397e+00
1.400000000000000000e+01 2.113906222340425689e+00
1.410000000000000142e+01 2.415889192667504126e+00
1.420000000000000107e+01 5.623396979987965727e-01
1.430000000000000071e+01 1.886713444963732389e-01
1.440000000000000036e+01 2.954007743719285206e-01
1.450000000000000000e+01 1.840099318264186157e-01
1.460000000000000142e+01 1.369236055955956433e+00
1.470000000000000107e+01 3.094107822777492522e+00
1.480000000000000071e+01 4.837448502851293242e+00
1.490000000000000036e+01 2.570914759861943288e+00
1.500000000000000000e+01 3.552162236170214316e-01
1.510000000000000142e+01 1.541841790391898837e+00
1.520000000000000107e+01 2.859164428728720342e+00
1.530000000000000071e+01 6.689619622602278604e-01
1.540000000000000036e+01 5.720413011707892181e-01
1.550000000000000000e+01 1.556808967622763384e-01
1.560000000000000142e+01 2.760226263969962623e-01
1.570000000000000107e+01 2.167321972902244986e-01
1.580000000000000071e+01 2.399288394432943193e-04
1.590000000000000036e+01 1.832440441121346505e-02
1.600000000000000000e+01 4.190718221463839849e-02
1.610000000000000142e+01 1.509566951114811040e-01
1.619999999999999929e+01 2.039363604397112506e-02
1.630000000000000071e+01 2.574478614440343580e-02
1.640000000000000213e+01 5.776511110009720923e-02
1.650000000000000000e+01 5.570648558395579347e-02
1.660000000000000142e+01 3.207487672260458250e-02
1.669999999999999929e+01 6.402115268195712749e-02
1.680000000000000071e+01 4.657085818336368331e-03
1.690000000000000213e+01 1.836290642714245858e-01
1.700000000000000000e+01 2.872857449085812823e-02
1.710000000000000142e+01 7.135036548453423111e-02
1.719999999999999929e+01 2.332320719328254410e-01
1.730000000000000071e+01 1.260229995087370214e-01
1.740000000000000213e+01 6.390731065132018718e-02
1.750000000000000000e+01 4.064645007051514436e-01
1.760000000000000142e+01 1.974967354066969605e-01
1.769999999999999929e+01 2.799618091181667601e-01
1.780000000000000071e+01 6.177707960799596471e-02
1.790000000000000213e+01 8.231158362967035125e-02
1.800000000000000000e+01 2.713490566410012850e-01
1.810000000000000142e+01 6.863750898393532474e-01
1.819999999999999929e+01 3.654372201419794908e-01
1.830000000000000071e+01 7.392059625025422243e-01
1.840000000000000213e+01 4.541356183206918251e-01
1.850000000000000000e+01 5.087650018773375304e-01
1.860000000000000142e+01 3.888835355073903544e-01
1.869999999999999929e+01 2.878398809526436231e-01
1.880000000000000071e+01 2.682901978928540210e-01
1.890000000000000213e+01 1.453663468492722710e-01
1.900000000000000000e+01 4.262637959413099198e-01
1.910000000000000142e+01 5.774773762116410802e-01
1.920000000000000284e+01 7.732020997088795422e-01
1.930000000000000071e+01 4.055093265991503992e-01
1.940000000000000213e+01 3.073724775669841036e-01
1.950000000000000000e+01 1.916724177961252940e+00
1.960000000000000142e+01 2.662657724643758828e-01
1.970000000000000284e+01 3.743971142839018218e-01
1.980000000000000071e+01 1.869295266200414196e-01
1.990000000000000213e+01 1.520278157149067833e-01
2.000000000000000000e+01 1.903691372741275756e-01
2.010000000000000142e+01 6.039778326324482527e-02
2.020000000000000284e+01 4.110371904479605959e-02
2.030000000000000071e+01 9.083583921518940951e-02
2.040000000000000213e+01 1.489232302630291993e-01
2.050000000000000000e+01 1.572021954288647105e-01
2.060000000000000142e+01 1.068057017156287258e-01
2.070000000000000284e+01 6.527234026215511520e-02
2.080000000000000071e+01 1.821861630249374253e-01
2.090000000000000213e+01 9.334887006729661318e-02
2.100000000000000000e+01 4.807472988047389872e-02
2.110000000000000142e+01 1.848050911602115709e-01
2.120000000000000284e+01 1.207660552874382370e-01
2.130000000000000071e+01 3.854353353990291331e-01
2.140000000000000213e+01 8.828354341214585121e-02
2.150000000000000000e+01 8.794416085913496148e-03
2.160000000000000142e+01 2.570923882971548266e-02
2.170000000000000284e+01 2.013805205602979195e-02
2.180000000000000071e+01 5.961804548894017453e-02
2.190000000000000213e+01 1.950687569920502573e-01
2.200000000000000000e+01 2.281783251475241470e-01
2.210000000000000142e+01 3.635972232780318447e-01
2.220000000000000284e+01 9.716207111504115979e-01
2.230000000000000071e+01 1.857073031093093851e-01
2.240000000000000213e+01 1.368993382469656413e-02
2.250000000000000000e+01 1.040324124768126773e-01
2.260000000000000142e+01 1.467736868107974782e-02
2.270000000000000284e+01 1.838365170152353803e-02
2.280000000000000071e+01 3.998144016586183819e-02
2.290000000000000213e+01 1.371176243197808758e-02
2.300000000000000000e+01 5.275862221624799675e-02
2.310000000000000142e+01 2.487550184465174216e-02
2.320000000000000284e+01 1.988116855175503517e-02
2.330000000000000071e+01 1.608474414200405378e-01
2.340000000000000213e+01 3.759707052650035353e-01
2.350000000000000000e+01 1.530284254123081833e-01
2.360000000000000142e+01 3.469225816414472918e-01
2.370000000000000284e+01 2.642123247051559876e-01
2.380000000000000071e+01 5.958491319033877298e-01
2.390000000000000213e+01 1.173106065797467901e-01
2.400000000000000000e+01 1.440832896578181366e-01
2.410000000000000142e+01 1.925886051214416583e-01
2.420000000000000284e+01 1.006904808134709173e+00
2.430000000000000071e+01 1.568509028658149562e+00
2.440000000000000213e+01 5.930023817431633315e-01
2.450000000000000000e+01 8.387022617051584916e-01
2.460000000000000142e+01 4.074622786759031778e-01
2.470000000000000284e+01 4.322406662397872412e-01
2.480000000000000071e+01 7.888133737335611961e-01
2.490000000000000213e+01 1.195064409991132004e-01
2.500000000000000000e+01 1.022581809726027968e+00
2.510000000000000142e+01 2.552691439512735805e+00
2.520000000000000284e+01 4.853570239344865422e-01
2.530000000000000071e+01 4.032104322307600297e-01
2.540000000000000213e+01 3.875552893844436686e-01
2.550000000000000000e+01 1.663623161097044778e-01
2.560000000000000142e+01 2.231540731960827140e-01
2.570000000000000284e+01 6.159885831086537866e-01
2.580000000000000071e+01 2.853077975373741637e+00
2.590000000000000213e+01 7.698286013638531988e-02
2.600000000000000000e+01 1.136081329675518170e-01
2.610000000000000142e+01 3.197708536496451925e-01
2.620000000000000284e+01 3.417518839053624191e+00
2.630000000000000071e+01 5.922524190391936116e+00
2.640000000000000213e+01 2.726950276157708020e-01
2.650000000000000000e+01 1.354585743180892310e+00
2.660000000000000142e+01 2.062501683273897379e-01
2.670000000000000284e+01 5.671054206303725032e-01
2.680000000000000071e+01 4.403421555598522330e-01
2.690000000000000213e+01 1.009962657885926429e+00
2.700000000000000000e+01 3.836119698918883381e-01
2.710000000000000142e+01 1.345920674549177243e-01
2.720000000000000284e+01 1.035602296921156684e+00
2.730000000000000071e+01 1.083922471777687968e-01
2.740000000000000213e+01 2.972726796112422076e-01
2.750000000000000000e+01 1.325156304515287209e+00
2.760000000000000142e+01 1.387852857842135856e+00
2.770000000000000284e+01 1.310566611476501331e+00
2.780000000000000071e+01 1.796357558033222501e-01
2.790000000000000213e+01 4.562213711028270668e-01
2.800000000000000000e+01 1.173196580358709662e+00
2.810000000000000142e+01 7.072147529203811622e-01
2.820000000000000284e+01 7.474483034904904066e-01
2.830000000000000071e+01 1.956162530744713635e-01
2.840000000000000213e+01 3.364921482694612220e-01
2.850000000000000000e+01 1.244634897139759167e+00
2.860000000000000142e+01 1.464971087448579512e+00
2.870000000000000284e+01 4.605789639839542038e-01
2.880000000000000071e+01 4.066746472324357597e+00
2.890000000000000213e+01 4.126420984480474452e+00
2.900000000000000000e+01 5.245288561607891475e-01
2.910000000000000142e+01 3.596377964878318956e-01
2.920000000000000284e+01 8.786836118391863071e-01
2.930000000000000071e+01 2.518620439933803024e-01
2.940000000000000213e+01 3.323251631224665825e+00
2.950000000000000000e+01 2.605188790417083844e+00
2.960000000000000142e+01 3.564091531193863460e+00
2.970000000000000284e+01 8.374092222573116473e+00
2.980000000000000071e+01 1.294283181863828736e+00
2.990000000000000213e+01 4.690583096481630299e-01
3.000000000000000000e+01 4.547451674615143324e-01
3.010000000000000142e+01 2.217383071678042494e+00
3.020000000000000284e+01 3.715011800820144483e+00
3.030000000000000071e+01 4.064425965425073173e+00
3.040000000000000213e+01 8.438774895728643699e+00
3.050000000000000000e+01 5.731120297723325763e+00
3.060000000000000142e+01 1.706945404054602822e+00
3.070000000000000284e+01 7.127208627278751596e-01
3.080000000000000071e+01 5.396086850041277305e-01
3.090000000000000213e+01 1.510317480686681479e+00
3.100000000000000000e+01 3.976847817069502522e+00
3.110000000000000142e+01 1.372989755484326579e+01
3.120000000000000284e+01 2.095437285287503393e+00
3.130000000000000071e+01 1.600351170045483773e+00
3.140000000000000213e+01 1.329138509318982919e+01
3.150000000000000000e+01 3.069789734059326491e+01
3.160000000000000142e+01 1.410428249108838550e+01
3.170000000000000284e+01 1.815083824277606617e+00
3.180000000000000071e+01 4.621206125486994942e+00
3.190000000000000213e+01 8.593542798752864087e+00
3.200000000000000000e+01 1.645494232428348980e+01
3.210000000000000142e+01 2.071420410366913245e+01
3.220000000000000284e+01 4.657836572875758918e+00
3.230000000000000426e+01 1.371255253605893820e+01
3.239999999999999858e+01 9.399770043495037086e+00
3.250000000000000000e+01 1.724970983984925610e+01
3.260000000000000142e+01 7.902350261744418347e+00
3.270000000000000284e+01 9.422917666366706912e-01
3.280000000000000426e+01 8.650627605843549617e+00
3.289999999999999858e+01 6.047496053254374893e+00
3.300000000000000000e+01 1.459016067118570570e+00
3.310000000000000142e+01 8.183536457716718004e-01
3.320000000000000284e+01 2.395826061898716830e+00
3.330000000000000426e+01 1.922596705877589462e+00
3.339999999999999858e+01 3.699103121972404651e+00
3.350000000000000000e+01 6.020856209691221927e+00
3.360000000000000142e+01 1.581589301073106801e+00
3.370000000000000284e+01 1.027784257258915979e+00
3.380000000000000426e+01 4.761296835918450987e-01
3.389999999999999858e+01 1.027779016111236787e+00
3.400000000000000000e+01 5.075182806781201039e-01
3.410000000000000142e+01 3.079458582148750581e-02
3.420000000000000284e+01 3.798434291022569353e-01
3.430000000000000426e+01 6.404764775406037725e-01
3.439999999999999858e+01 6.726371788347649261e-01
3.450000000000000000e+01 7.489661184155810281e-01
3.460000000000000142e+01 1.199708168604709746e+00
3.470000000000000284e+01 4.011422054890341649e+00
3.480000000000000426e+01 6.292583114849686687e+00
3.489999999999999858e+01 3.664333713495318001e+00
3.500000000000000000e+01 5.796317087145192559e+00
3.510000000000000142e+01 5.412430807144628986e+00
3.520000000000000284e+01 1.959148728430833586e+01
3.530000000000000426e+01 4.235944599787720755e+00
3.539999999999999858e+01 1.009518348793563014e+01
3.550000000000000000e+01 2.154937669108008436e+00
3.560000000000000142e+01 5.137832211717060282e+00
3.570000000000000284e+01 3.884569195567169508e+00
3.580000000000000426e+01 9.782007537187062951e-01
3.589999999999999858e+01 1.574708410305643569e-01
3.600000000000000000e+01 1.122415086634985348e+00
3.610000000000000142e+01 2.362826864316725839e+00
3.620000000000000284e+01 4.376269924928086197e-01
3.630000000000000426e+01 9.358409148685746803e-01
3.639999999999999858e+01 1.860213790283905766e+00
3.650000000000000000e+01 7.642519894470234831e+00
3.660000000000000142e+01 1.628600170436297345e+00
3.670000000000000284e+01 5.710726404830793745e-01
3.680000000000000426e+01 2.722206368358305983e+00
3.689999999999999858e+01 1.242734330871685389e+00
3.700000000000000000e+01 1.021795041363145806e+00
3.710000000000000142e+01 1.345367076322602884e+00
3.720000000000000284e+01 1.621198176185659978e+00
3.730000000000000426e+01 5.341864220550780473e-01
3.739999999999999858e+01 3.072946726445225929e-01
3.750000000000000000e+01 1.154984180828145801e+00
3.760000000000000142e+01 1.239714953540562575e-01
3.770000000000000284e+01 6.547462204472810632e-02
3.780000000000000426e+01 7.214026307787507752e-02
3.789999999999999858e+01 5.377069981747356620e-02
3.800000000000000000e+01 2.574028202343655591e-01
3.810000000000000142e+01 1.599449959498077667e-01
3.820000000000000284e+01 1.534828101599711725e-01
3.830000000000000426e+01 4.072478566634912256e-01
3.840000000000000568e+01 3.015480632063782251e-01
3.850000000000000000e+01 1.615880234901404977e+00
3.860000000000000142e+01 1.938360799742742557e+00
3.870000000000000284e+01 3.203333905904254264e-01
3.880000000000000426e+01 6.041773365921374594e-01
3.890000000000000568e+01 1.056951145988679758e-01
3.900000000000000000e+01 7.577194418488552019e-01
3.910000000000000142e+01 1.822735499684100313e+00
3.920000000000000284e+01 2.052002934400875134e+01
3.930000000000000426e+01 1.678814041527961365e+01
3.940000000000000568e+01 2.796338193980857767e+01
3.950000000000000000e+01 3.129785419509506728e+00
3.960000000000000142e+01 1.499951424186877524e+01
3.970000000000000284e+01 1.555426268573394610e+00
3.980000000000000426e+01 9.571320998025237836e-01
3.990000000000000568e+01 4.788357893775061491e-01
4.000000000000000000e+01 3.703569361416275685e-02
4.010000000000000142e+01 1.253196541778629769e-01
4.020000000000000284e+01 5.597010804814471774e-01
4.030000000000000426e+01 9.099821517310175967e-01
4.040000000000000568e+01 1.271679898454142643e+00
4.050000000000000000e+01 4.551063868970766646e-01
4.060000000000000142e+01 1.000940292372281881e+00
4.070000000000000284e+01 3.215531605091362377e-01
4.080000000000000426e+01 4.129916619976613523e-01
4.090000000000000568e+01 2.508105762635001734e-02
4.100000000000000000e+01 4.117262837590927038e-01
4.110000000000000142e+01 1.491496024666275844e+00
4.120000000000000284e+01 3.722882871524293869e+00
4.130000000000000426e+01 8.398676826019851660e+00
4.140000000000000568e+01 7.692011639735749640e+00
4.150000000000000000e+01 1.084513642291022428e+01
4.160000000000000142e+01 2.311760142305106669e+01
4.170000000000000284e+01 7.091460551772400756e+00
4.180000000000000426e+01 1.548333070470610418e+00
4.190000000000000568e+01 7.191928113842525061e-01
4.200000000000000000e+01 9.959457987186175199e-02
4.210000000000000142e+01 3.905241183509896574e-01
4.220000000000000284e+01 4.542022261538956607e-01
4.230000000000000426e+01 9.404531928986368250e-01
4.240000000000000568e+01 2.335132760213698422e+00
4.250000000000000000e+01 3.007960919247997800e-01
4.260000000000000142e+01 2.561847193840394166e-01
4.270000000000000284e+01 1.897131376611352060e-01
4.280000000000000426e+01 9.519402657120637490e-02
4.290000000000000568e+01 2.351137013178144219e-01
4.300000000000000000e+01 7.010592794003792094e-02
4.310000000000000142e+01 7.186885860093512879e-02
4.320000000000000284e+01 1.229523866786548791e-01
4.330000000000000426e+01 7.592981835938183988e-02
4.340000000000000568e+01 1.110980569996927736e+00
4.350000000000000000e+01 8.257739875978621358e-01
4.360000000000000142e+01 4.274155056764096794e-01
4.370000000000000284e+01 1.024561406094566474e+00
4.380000000000000426e+01 2.014803897141555389e+00
4.390000000000000568e+01 1.717897375732695853e+00
4.400000000000000000e+01 6.845738552258777698e-01
4.410000000000000142e+01 2.343083128272024585e+00
4.420000000000000284e+01 1.876738501956110916e+00
4.430000000000000426e+01 6.971625104978812493e-01
4.440000000000000568e+01 4.300012275587345556e+00
4.450000000000000000e+01 2.150978582521981153e+00
4.460000000000000142e+01 2.641200719502100558e+00
4.470000000000000284e+01 2.555431330736825379e-01
4.480000000000000426e+01 8.201086714067290506e-01
4.490000000000000568e+01 2.254740350956444317e+00
4.500000000000000000e+01 4.672969873554925768e-01
4.510000000000000142e+01 3.456857439594160919e-01
4.520000000000000284e+01 3.307323936806009446e+00
4.530000000000000426e+01 1.335571319624370901e+01
4.540000000000000568e+01 4.039018792953203985e+00
4.550000000000000000e+01 4.224374205554604522e+00
4.560000000000000142e+01 6.047264497052282195e+00
4.570000000000000284e+01 9.125676032526998327e+00
4.580000000000000426e+01 1.367262893358669729e+01
4.590000000000000568e+01 3.993220602474040426e+00
4.600000000000000000e+01 4.259595567147988149e+00
4.610000000000000142e+01 2.375980182571068688e+00
4.620000000000000284e+01 5.079699654719323831e+00
4.630000000000000426e+01 1.116771143884869533e+00
4.640000000000000568e+01 8.097469041672308299e-01
4.650000000000000000e+01 3.662621597309662635e-01
4.660000000000000142e+01 3.920213469714088350e-01
4.670000000000000284e+01 7.222970772859879096e-01
4.680000000000000426e+01 9.957333579631653941e-02
4.690000000000000568e+01 1.270520881763553267e-01
4.700000000000000000e+01 1.875549251390958627e+00
4.710000000000000142e+01 9.005308730086716285e-01
4.720000000000000284e+01 1.657336377586229093e+00
4.730000000000000426e+01 1.003282999988091007e+00
4.740000000000000568e+01 5.606507984329387462e+00
4.750000000000000000e+01 6.776886089843683791e+00
4.760000000000000142e+01 1.794781456669926722e+00
4.770000000000000284e+01 1.839106342047292619e+00
4.780000000000000426e+01 1.791496023764053813e+00
4.790000000000000568e+01 1.268702448855254961e+00
4.800000000000000000e+01 2.854888499989131745e+00
4.810000000000000142e+01 2.467797573725788141e+01
4.820000000000000284e+01 2.254915152090362529e+00
4.830000000000000426e+01 2.699033158533369114e+00
4.840000000000000568e+01 1.779110289946622814e+01
4.850000000000000000e+01 1.444050041675014562e+01
4.860000000000000142e+01 2.252641280385181588e+01
4.870000000000000284e+01 4.894086363693316954e+00
4.880000000000000426e+01 1.001253787404747442e+01
4.890000000000000568e+01 1.742615716788568037e+01
4.900000000000000000e+01 6.568134495544283524e+00
4.910000000000000142e+01 9.299051020367141263e+00
4.920000000000000284e+01 2.300207308050027599e+00
4.930000000000000426e+01 5.338145957115465023e+00
4.940000000000000568e+01 1.995358281691767388e+01
4.950000000000000000e+01 2.574508590908692085e+01
4.960000000000000142e+01 2.847509026472772486e+00
4.970000000000000284e+01 1.031480684348268895e+00
4.980000000000000426e+01 4.275553181724659702e+00
4.990000000000000568e+01 6.212580247152089008e+00
5.000000000000000000e+01 2.137716423389284248e+00
5.010000000000000142e+01 5.473668056714604546e-01
5.020000000000000284e+01 6.801773095571410632e-01
5.030000000000000426e+01 1.632751954600692557e+00
5.040000000000000568e+01 7.177790764580628036e+00
5.050000000000000000e+01 1.232303154319151517e+01
5.060000000000000142e+01 5.936994219284374985e+00
5.070000000000000284e+01 1.561953645292097681e+00
5.080000000000000426e+01 2.590826870437033413e+00
5.090000000000000568e+01 5.754934264687951995e-01
5.100000000000000000e+01 7.553357412665092641e-01
5.110000000000000142e+01 5.393353981214833448e-01
5.120000000000000284e+01 1.731542465605295789e+01
5.130000000000000426e+01 5.156855227378377649e+00
5.140000000000000568e+01 2.246514450699803600e+00
5.150000000000000000e+01 2.607294527619492985e+00
5.160000000000000142e+01 3.243746051939065955e-01
5.170000000000000284e+01 3.684312201231859651e-01
5.180000000000000426e+01 1.064544890403812394e+00
5.190000000000000568e+01 4.235383057886119573e-01
5.200000000000000000e+01 1.858187509099611390e+00
5.210000000000000142e+01 9.469313251444846813e+00
5.220000000000000284e+01 1.099387816289564279e+00
5.230000000000000426e+01 4.655878365110454609e-01
5.240000000000000568e+01 9.168586337045108170e-01
5.250000000000000000e+01 6.085734141747931591e-01
5.260000000000000142e+01 2.180885965176502794e-01
5.270000000000000284e+01 4.386215889739339957e-01
5.280000000000000426e+01 6.761252906449429778e-01
5.290000000000000568e+01 9.102734631006234034e-01
5.300000000000000000e+01 9.423076954721817389e-01
5.310000000000000142e+01 1.984273576054197408e-01
5.320000000000000284e+01 5.510252776380718531e-01
5.330000000000000426e+01 1.242844449684713970e+00
5.340000000000000568e+01 1.273794521863221840e+00
5.350000000000000000e+01 8.493338828811118901e-01
5.360000000000000142e+01 2.920635982749655857e-02
5.370000000000000284e+01 6.042286360578086324e-01
5.380000000000000426e+01 3.652990257292514364e-01
5.390000000000000568e+01 2.823181417691445483e-01
5.400000000000000000e+01 8.774887065398493391e-01
5.410000000000000142e+01 5.497734186557559077e-01
5.420000000000000284e+01 8.883238196537583953e-01
5.430000000000000426e+01 1.490034678589872985e-01
5.440000000000000568e+01 1.841866647512304445e+00
5.450000000000000000e+01 4.436403064514675698e-01
5.460000000000000142e+01 2.063374511733179428e+00
5.470000000000000284e+01 2.521380965754383308e+00
5.480000000000000426e+01 5.861951792747663870e-01
5.490000000000000568e+01 1.857131194501798199e-01
5.500000000000000000e+01 3.376146232743514053e-02
5.510000000000000142e+01 6.961523348431084557e-01
5.520000000000000284e+01 3.006167679131954262e+00
5.530000000000000426e+01 3.242825607642065844e-01
5.540000000000000568e+01 1.215201641360328516e-01
5.550000000000000000e+01 2.050911988888625692e-01
5.560000000000000142e+01 1.282254971441901370e+00
5.570000000000000284e+01 4.389819822780547942e-01
5.580000000000000426e+01 1.360063822057488103e+00
5.590000000000000568e+01 2.205385627898776679e+00
5.600000000000000000e+01 1.980519733718469344e-01
5.610000000000000142e+01 2.890864693646836847e-01
5.620000000000000284e+01 7.687083803975774954e-01
5.630000000000000426e+01 3.665296107258851910e-01
5.640000000000000568e+01 1.480501567201175872e+00
5.650000000000000000e+01 4.466219730908974062e-01
5.660000000000000142e+01 1.155328465648102654e+00
5.670000000000000284e+01 8.205073682986426808e-01
5.680000000000000426e+01 3.140068277287309528e-01
5.690000000000000568e+01 1.268288359634330009e-01
5.700000000000000000e+01 7.191483505891510530e-02
5.710000000000000142e+01 3.727439735855628822e-01
5.720000000000000284e+01 3.661664716077245862e-01
5.730000000000000426e+01 4.442782681066357875e-01
5.740000000000000568e+01 1.155985427346526012e-01
5.750000000000000000e+01 1.537440394198414106e-01
5.760000000000000142e+01 2.390386661373694877e-01
5.770000000000000284e+01 2.680235505475773994e-02
5.780000000000000426e+01 1.262890450727827303e-02
5.790000000000000568e+01 5.311515453870570280e-02
5.800000000000000000e+01 1.842806291368660407e-02
5.810000000000000142e+01 3.063959450685650385e-02
5.820000000000000284e+01 2.687822100323223121e-02
5.830000000000000426e+01 5.251786773257006644e-03
5.840000000000000568e+01 1.217172507997897335e-01
5.850000000000000000e+01 3.185132553780380127e-02
5.860000000000000142e+01 6.150385012700475273e-02
5.870000000000000284e+01 9.227247232154429657e-01
5.880000000000000426e+01 6.868966076957926381e-01
5.890000000000000568e+01 2.572923441232165542e-01
5.900000000000000000e+01 9.623933792076011517e-02
5.910000000000000142e+01 6.718181254125298041e-02
5.920000000000000284e+01 1.799150188000522496e-02
5.930000000000000426e+01 4.507372789975402222e-02
5.940000000000000568e+01 1.581452218572354865e-02
5.950000000000000000e+01 3.116579414059524045e-02
5.960000000000000142e+01 4.005141117567150855e-01
5.970000000000000284e+01 2.286934048620375970e-01
5.980000000000000426e+01 1.493020441655173447e-01
5.990000000000000568e+01 9.103415116484206426e-02
6.000000000000000000e+01 3.106851901313763611e-02
6.010000000000000142e+01 2.272437131902788898e-01
6.020000000000000284e+01 1.099786449316338954e-01
6.030000000000000426e+01 1.155600367721456856e-01
6.040000000000000568e+01 9.481686176613460248e-02
6.050000000000000000e+01 1.653572481223544999e-01
6.060000000000000142e+01 9.280127898212552073e-02
6.070000000000000284e+01 7.858682883031603561e-02
6.080000000000000426e+01 3.124835483160956148e-02
6.090000000000000568e+01 1.813403055202358061e-01
6.100000000000000000e+01 2.366964252145076220e-01
6.110000000000000142e+01 2.113431023880406601e-01
6.120000000000000284e+01 4.843473055632857571e-01
6.130000000000000426e+01 2.393233978890143832e-01
6.140000000000000568e+01 1.122256281897844987e+00
6.150000000000000000e+01 9.935065553859746545e-01
6.160000000000000142e+01 2.650784709012503071e-01
6.170000000000000284e+01 7.383649277128906396e-01
6.180000000000000426e+01 3.351129324131328913e-01
6.190000000000000568e+01 8.796605371786939687e-01
6.200000000000000000e+01 1.205071763545883246e-01
6.210000000000000142e+01 2.343538078050689533e-01
6.220000000000000284e+01 2.304349383274538476e-01
6.230000000000000426e+01 6.353012816650787098e-01
6.240000000000000568e+01 4.050633479391261837e-01
6.250000000000000000e+01 7.184733311390323340e-01
6.260000000000000142e+01 4.249201099223708922e-01
6.270000000000000284e+01 7.087809806883259567e-01
6.280000000000000426e+01 2.395206486712050109e-01
6.290000000000000568e+01 5.454713644198515565e-01
6.300000000000000000e+01 5.552851640455984394e-02
6.310000000000000142e+01 1.012930637730821148e-01
6.320000000000000284e+01 1.056614261557090595e-01
6.330000000000000426e+01 3.279704474033704464e-01
6.340000000000000568e+01 2.651701562577246651e-01
6.350000000000000000e+01 2.170533676149241920e-01
6.360000000000000142e+01 2.406604536443853262e-02
6.370000000000000284e+01 2.817895531462229486e-01
6.380000000000000426e+01 1.104438212925983320e-01
6.390000000000000568e+01 2.182371777082327963e-02
6.400000000000000000e+01 1.058612635529936896e-01
6.410000000000000853e+01 1.869911680343094851e-02
6.420000000000000284e+01 2.092931613150777678e-02
6.429999999999999716e+01 8.092530880941396776e-02
6.440000000000000568e+01 3.051835910200940971e-02
6.450000000000000000e+01 7.794733189230991510e-02
6.460000000000000853e+01 3.702804325254378803e-02
6.470000000000000284e+01 2.061767593292918727e-02
6.479999999999999716e+01 3.194741316791068625e-02
6.490000000000000568e+01 5.156459758335676935e-02
6.500000000000000000e+01 4.574236753929700194e-02
6.510000000000000853e+01 2.214966752719056426e-03
6.520000000000000284e+01 4.164198972836352652e-02
6.529999999999999716e+01 7.297461006887513424e-01
6.540000000000000568e+01 3.770123390608525749e-01
6.550000000000000000e+01 6.681929983985596122e-01
6.560000000000000853e+01 5.149210415998178858e-01
6.570000000000000284e+01 1.816242351250504594e+00
6.579999999999999716e+01 4.064828962875583152e+00
6.590000000000000568e+01 5.818268662066273800e-01
6.600000000000000000e+01 7.876457599795807507e-01
6.610000000000000853e+01 5.238912280155182621e+00
6.620000000000000284e+01 2.662370187977300517e+00
6.629999999999999716e+01 2.209227454621338627e+00
6.640000000000000568e+01 1.355331641838223300e-01
6.650000000000000000e+01 2.158452448750535768e-01
6.660000000000000853e+01 2.186599991334966797e-01
6.670000000000000284e+01 5.355707902292614619e-01
6.679999999999999716e+01 2.934737605974778951e+00
6.690000000000000568e+01 3.097314190293036340e+00
6.700000000000000000e+01 3.859837069701224976e+00
6.710000000000000853e+01 2.657264698725726237e+00
6.720000000000000284e+01 1.451184397068452592e+00
6.729999999999999716e+01 2.678054164627828859e-01
6.740000000000000568e+01 4.840867099410530172e-01
6.750000000000000000e+01 4.618024506015466768e-01
6.760000000000000853e+01 6.335495549931743353e-01
6.770000000000000284e+01 5.634164668393579767e-01
6.779999999999999716e+01 1.364172499719533416e-01
6.790000000000000568e+01 1.656616643119992460e-01
6.800000000000000000e+01 2.617812794689568512e-01
6.810000000000000853e+01 3.601048840093113435e-01
6.820000000000000284e+01 5.564066702757786143e-02
6.829999999999999716e+01 7.560868579667202605e-01
6.840000000000000568e+01 8.689544521941257038e-01
6.850000000000000000e+01 1.104539252544207706e-01
6.860000000000000853e+01 9.822334785076762831e-01
6.870000000000000284e+01 1.692870717427251703e-01
6.879999999999999716e+01 1.298655684199205018e-01
6.890000000000000568e+01 2.999649195778049116e-01
6.900000000000000000e+01 6.527019545099749243e-02
6.910000000000000853e+01 1.096665908039089060e-01
6.920000000000000284e+01 6.618428740881941719e-02
6.929999999999999716e+01 6.862079523351040378e-02
6.940000000000000568e+01 4.443247985687471396e-02
6.950000000000000000e+01 2.120871983019811946e-01
6.960000000000000853e+01 6.480345024398418419e-01
6.970000000000000284e+01 1.768710523159264525e-01
6.979999999999999716e+01 2.320103295718706909e-03
6.990000000000000568e+01 9.578665623223053122e-03
7.000000000000000000e+01 1.135998081480074119e-02
7.010000000000000853e+01 1.942772200964633100e-01
7.020000000000000284e+01 1.535637292717623170e-01
7.029999999999999716e+01 1.006291876069300290e-01
7.040000000000000568e+01 6.755654582739305247e-02
7.050000000000000000e+01 7.367538268676907844e-03
7.060000000000000853e+01 1.856652932677016130e-02
7.070000000000000284e+01 1.994496132079420087e-02
7.079999999999999716e+01 2.393595713274341008e-01
7.090000000000000568e+01 1.040137303902907290e-01
7.100000000000000000e+01 1.765184697003054359e-01
7.110000000000000853e+01 1.171434361148142034e-01
7.120000000000000284e+01 8.463297358331263454e-02
7.129999999999999716e+01 9.922522879623837944e-02
7.140000000000000568e+01 1.086666253326583176e+00
7.150000000000000000e+01 5.650813380282183607e-01
7.160000000000000853e+01 7.851094596958883010e-01
7.170000000000000284e+01 4.602463168403703619e+00
7.179999999999999716e+01 1.853264979962176984e+00
7.190000000000000568e+01 2.224174131313329195e+00
7.200000000000000000e+01 5.779004053531647811e-01
7.210000000000000853e+01 2.014523299219239227e+00
7.220000000000000284e+01 4.964115479330696523e+00
7.229999999999999716e+01 3.615009570672747419e+00
7.240000000000000568e+01 6.157874841220059015e-01
7.250000000000000000e+01 7.838432334294701542e-01
7.260000000000000853e+01 4.413980988791863513e-01
7.270000000000000284e+01 1.449194500233569993e+00
7.279999999999999716e+01 5.562583777843105537e+00
7.290000000000000568e+01 3.906950661535564695e+00
7.300000000000000000e+01 4.192584166057359951e+00
7.310000000000000853e+01 6.656324848162943120e+00
7.320000000000000284e+01 5.029054257119431881e-01
7.329999999999999716e+01 4.826678034207161794e+00
7.340000000000000568e+01 1.549074343517370611e+00
7.350000000000000000e+01 4.436138141201957374e-01
7.360000000000000853e+01 1.415131323358431059e+00
7.370000000000000284e+01 3.406130611702170574e-01
7.379999999999999716e+01 1.970463781472680198e+00
7.390000000000000568e+01 3.511825674757396154e-01
7.400000000000000000e+01 7.440028623091217153e-01
7.410000000000000853e+01 1.008414313899701931e+00
7.420000000000000284e+01 3.789667178007558035e-01
7.429999999999999716e+01 7.046915346307922601e-01
7.440000000000000568e+01 1.328622937813475513e+00
7.450000000000000000e+01 8.217504047363494379e+00
7.460000000000000853e+01 5.974256822578797310e-01
7.470000000000000284e+01 4.082832074470361255e-02
7.479999999999999716e+01 5.978250427347585605e-01
7.490000000000000568e+01 6.493734447580316871e-02
7.500000000000000000e+01 2.133298445318931591e-01
7.510000000000000853e+01 1.149435303002719122e+00
7.520000000000000284e+01 5.879770565360598056e-01
7.529999999999999716e+01 1.491268674854726806e+00
7.540000000000000568e+01 1.455256255265629517e-01
7.550000000000000000e+01 3.343986402530706226e+00
7.560000000000000853e+01 2.430593786582035953e+00
7.570000000000000284e+01 6.158864879443636253e-01
7.579999999999999716e+01 6.634011063898996863e-01
7.590000000000000568e+01 3.278024340968965777e-01
7.600000000000000000e+01 1.475084916612292851e-01
7.610000000000000853e+01 1.935847138683461643e-01
7.620000000000000284e+01 2.365406526864392012e-01
7.629999999999999716e+01 9.459510577650753760e-01
7.640000000000000568e+01 3.545583805311991465e-01
7.650000000000000000e+01 5.899313811490113080e-02
7.660000000000000853e+01 1.350792188410710193e-01
7.670000000000000284e+01 2.146064213051652736e-01
7.680000000000001137e+01 4.757671008699271287e-02
7.690000000000000568e+01 1.688219126033622119e-01
7.700000000000000000e+01 1.025869478826202247e-01
7.710000000000000853e+01 1.699602201899772791e-01
7.720000000000000284e+01 1.734579025285918341e-01
7.730000000000001137e+01 3.242362246566369843e-01
7.740000000000000568e+01 5.990625177043042981e-01
7.750000000000000000e+01 1.418308515086922350e+00
7.760000000000000853e+01 1.129383483270876987e+01
7.770000000000000284e+01 1.928712784739639030e+00
7.780000000000001137e+01 4.368685925668506220e-01
7.790000000000000568e+01 8.280928606985414886e-01
7.800000000000000000e+01 2.501186923587063182e-01
7.810000000000000853e+01 1.514164195495309451e-01
7.820000000000000284e+01 6.192015805629856873e-01
7.830000000000001137e+01 8.690528465743644349e-01
7.840000000000000568e+01 5.494264402552352600e+00
7.850000000000000000e+01 5.055878125495563147e+00
7.860000000000000853e+01 5.203031827800892906e+00
7.870000000000000284e+01 3.251846339729867363e+00
7.880000000000001137e+01 2.340742100764194422e+00
7.890000000000000568e+01 7.738796292251699516e-01
7.900000000000000000e+01 5.192757233033741038e+00
7.910000000000000853e+01 2.310640622019621837e+00
7.920000000000000284e+01 6.148531777509094631e+00
7.930000000000001137e+01 2.089526958189185990e+00
7.940000000000000568e+01 3.850483402974302916e+00
7.950000000000000000e+01 3.225512713868555092e+00
7.960000000000000853e+01 1.525041950636240706e+01
7.970000000000000284e+01 8.901296650668598431e+00
7.980000000000001137e+01 5.897118516395804200e+00
7.990000000000000568e+01 1.369788868884287325e+01
8.000000000000000000e+01 3.697354132899481272e+01
8.010000000000000853e+01 5.989179597214504547e+00
8.020000000000000284e+01 2.308836827966671024e+01
8.030000000000001137e+01 2.606245073269752854e+00
8.040000000000000568e+01 3.397772054163950450e+00
8.050000000000000000e+01 4.806415622563754653e+00
8.060000000000000853e+01 5.475531830659931209e+00
8.070000000000000284e+01 5.473857173069661464e+00
8.080000000000001137e+01 1.291768229431567150e+01
8.090000000000000568e+01 3.994634171638944853e+00
8.100000000000000000e+01 1.756698144665652217e+00
8.110000000000000853e+01 8.502560426646242897e-01
8.120000000000000284e+01 8.167285357864167983e-01
8.130000000000001137e+01 9.839812083317347913e+00
8.140000000000000568e+01 1.697374397506332899e+00
8.150000000000000000e+01 1.540223797143520201e+00
8.160000000000000853e+01 4.313335102839418456e-01
8.170000000000000284e+01 8.852908365496225951e-01
8.180000000000001137e+01 2.536858367547616400e-01
8.190000000000000568e+01 2.572417677511503076e+00
8.200000000000000000e+01 2.297968471013771552e+00
8.210000000000000853e+01 2.307569794827725840e+00
8.220000000000000284e+01 1.975673241941839242e+00
8.230000000000001137e+01 1.207614536674681283e+01
8.240000000000000568e+01 3.369158277924248157e+00
8.250000000000000000e+01 6.441091316505179742e-01
8.260000000000000853e+01 3.369687072719860232e-01
8.270000000000000284e+01 1.201719067226254323e+00
8.280000000000001137e+01 3.357724436904563792e+00
8.290000000000000568e+01 1.120176801485763818e+00
8.300000000000000000e+01 2.028413517381974174e+00
8.310000000000000853e+01 3.647245595260700579e+00
8.320000000000000284e+01 1.273408401133505485e+01
8.330000000000001137e+01 3.405604506247418950e+00
8.340000000000000568e+01 9.925276012816683036e+00
8.350000000000000000e+01 1.235157579137404227e+01
8.360000000000000853e+01 1.942695721115521579e+01
8.370000000000000284e+01 4.489904805480017913e+00
8.380000000000001137e+01 6.495860967194649227e+00
8.390000000000000568e+01 2.142001431139206602e+00
8.400000000000000000e+01 5.537837441808854066e+00
8.410000000000000853e+01 1.577634139307441608e+01
8.420000000000000284e+01 1.349890264327795464e+01
8.430000000000001137e+01 7.215558912792463531e+00
8.440000000000000568e+01 1.454137356550724514e+00
8.450000000000000000e+01 2.329385023122546361e+00
8.460000000000000853e+01 1.464216844426137953e+01
8.470000000000000284e+01 4.888006585054758268e+00
8.480000000000001137e+01 1.596486859928625002e+01
8.490000000000000568e+01 4.370796784902284848e+00
8.500000000000000000e+01 3.561550929053986891e+01
8.510000000000000853e+01 4.601821337843708726e+00
8.520000000000000284e+01 1.176986290576784278e+00
8.530000000000001137e+01 5.025678067456483156e+00
8.540000000000000568e+01 1.870022166003105468e+01
8.550000000000000000e+01 2.087158351546524671e+01
8.560000000000000853e+01 1.161261421514628900e+01
8.570000000000000284e+01 3.561554159497168470e+00
8.580000000000001137e+01 1.732826296509994179e+01
8.590000000000000568e+01 6.305108229634460493e+00
8.600000000000000000e+01 1.177132098965189044e+01
8.610000000000000853e+01 9.096421308382643289e+00
8.620000000000000284e+01 1.133000790504145705e+01
8.630000000000001137e+01 4.031140531307980446e+00
8.640000000000000568e+01 1.285967424027567496e+01
8.650000000000000000e+01 7.360463836580233732e+00
8.660000000000000853e+01 1.111670900542596652e+00
8.670000000000000284e+01 4.278709330986903758e+00
8.680000000000001137e+01 2.904817877379060498e+00
8.690000000000000568e+01 3.712820322203420620e+00
8.700000000000000000e+01 2.959697698061851234e+00
8.710000000000000853e+01 2.272589615650823447e+01
8.720000000000000284e+01 4.760555293601220761e+00
8.730000000000001137e+01 3.718817453765908443e+00
8.740000000000000568e+01 1.551316904956565068e+01
8.750000000000000000e+01 1.483387177675045443e+01
8.760000000000000853e+01 1.675315302709292808e+01
8.770000000000000284e+01 2.449880955163336793e+01
8.780000000000001137e+01 1.084539447444382354e+01
8.790000000000000568e+01 1.235071000398981234e+01
8.800000000000000000e+01 6.719669053155293836e-01
8.810000000000000853e+01 2.257907915494013373e+00
8.820000000000000284e+01 1.285459068292422735e+01
8.830000000000001137e+01 3.450212477481669282e+01
8.840000000000000568e+01 3.786183117500011974e+01
8.850000000000000000e+01 1.888060959262176652e+01
8.860000000000000853e+01 4.141427130508807863e+01
8.870000000000000284e+01 3.930308276345320451e+01
8.880000000000001137e+01 3.917345800763878572e+01
8.890000000000000568e+01 3.477803276606970684e+01
8.900000000000000000e+01 8.097881108767722935e+01
8.910000000000000853e+01 4.809725910683182093e+01
8.920000000000000284e+01 6.558158322149699870e+01
8.930000000000001137e+01 4.459770893734384600e+01
8.940000000000000568e+01 8.851188424919244824e+01
8.950000000000000000e+01 4.688723608535647003e+01
8.960000000000000853e+01 1.026906149270077862e+02
8.970000000000000284e+01 6.825896552905226145e+01
8.980000000000001137e+01 1.964622333077600729e+02
8.990000000000000568e+01 5.129734893949706276e+01
9.000000000000000000e+01 2.063925824752001859e+02
9.010000000000000853e+01 6.196094228382970925e+01
9.020000000000000284e+01 5.839858715261551652e+02
9.030000000000001137e+01 1.193714030995120225e+02
9.040000000000000568e+01 1.173451435817712536e+03
9.050000000000000000e+01 1.580452933205259342e+03
9.060000000000000853e+01 3.068954717755776187e+02
9.070000000000000284e+01 1.474675848445467636e+02
9.080000000000001137e+01 7.626221245685660222e+01
9.090000000000000568e+01 1.724758979599344855e+02
9.100000000000000000e+01 1.475876382464041399e+02
9.110000000000000853e+01 6.880658167874423725e+01
9.120000000000000284e+01 9.796393582951590417e+01
9.130000000000001137e+01 7.232284763162644481e+01
9.140000000000000568e+01 6.652235914821632434e+01
9.150000000000000000e+01 5.732458347035846913e+01
9.160000000000000853e+01 6.135866236892134395e+01
9.170000000000000284e+01 5.649088946947900780e+01
9.180000000000001137e+01 4.152847383907155177e+01
9.190000000000000568e+01 6.951514973037522793e+01
9.200000000000000000e+01 4.092684529413435257e+01
9.210000000000000853e+01 3.562055359066943794e+01
9.220000000000000284e+01 3.594268872057926956e+01
9.230000000000001137e+01 4.566578440246083659e+01
9.240000000000000568e+01 3.042314219968364597e+01
9.250000000000000000e+01 3.462419714112870395e+01
9.260000000000000853e+01 2.047133241224473110e+01
9.270000000000000284e+01 1.726813038493694208e+01
9.280000000000001137e+01 3.353978832860162296e+00
9.290000000000000568e+01 8.700570177227635593e-01
9.300000000000000000e+01 2.670433189406623331e+00
9.310000000000000853e+01 3.292352089570592710e+01
9.320000000000000284e+01 2.337654038355774233e+01
9.330000000000001137e+01 3.316156482723646093e+01
9.340000000000000568e+01 3.659977103536690368e+00
9.350000000000000000e+01 2.445631975909770972e+01
9.360000000000000853e+01 4.754166760166714134e+00
9.370000000000000284e+01 3.708159136694277880e+00
9.380000000000001137e+01 1.270705456368386876e+01
9.390000000000000568e+01 7.695114925346479673e+00
9.400000000000000000e+01 3.209753141599413606e+00
9.410000000000000853e+01 2.085973914892778946e+00
9.420000000000000284e+01 6.842680595111501951e+00
9.430000000000001137e+01 2.022654270751691019e+00
9.440000000000000568e+01 3.533806175049481801e+00
9.450000000000000000e+01 1.957495074868456797e+01
9.460000000000000853e+01 8.662038243201195087e+00
9.470000000000000284e+01 6.053205452325615354e+00
9.480000000000001137e+01 1.117270724352167832e+01
9.490000000000000568e+01 1.076041780658975000e+01
9.500000000000000000e+01 7.823458583231785113e+00
9.510000000000000853e+01 1.151961858632449776e+01
9.520000000000000284e+01 9.211127595849806227e+00
9.530000000000001137e+01 5.381535921492010210e+00
9.540000000000000568e+01 2.315996086190729386e+01
9.550000000000000000e+01 6.736913735371813594e+00
9.560000000000000853e+01 2.201100320744260586e+01
9.570000000000000284e+01 1.486428821621139207e+00
9.580000000000001137e+01 2.204451415626312194e+00
9.590000000000000568e+01 2.907190005220362394e+01
9.600000000000000000e+01 2.651100413153011814e+01
9.610000000000000853e+01 7.001964019851338428e+00
9.620000000000000284e+01 5.541924494563983394e+00
9.630000000000001137e+01 3.950653438389278183e+00
9.640000000000000568e+01 1.362239047596987795e+01
9.650000000000000000e+01 9.502102724672271128e-01
9.660000000000000853e+01 5.665385673998750704e+00
9.670000000000000284e+01 7.455144583695745730e+00
9.680000000000001137e+01 2.444502854630955824e+01
9.690000000000000568e+01 6.938286990455101666e+00
9.700000000000000000e+01 2.192040301722065987e+00
9.710000000000000853e+01 4.322056577962986701e+00
9.720000000000000284e+01 7.849132767713501657e+00
9.730000000000001137e+01 2.040634289097189225e+01
9.740000000000000568e+01 1.117959198779047369e+01
9.750000000000000000e+01 2.093025690138093609e+01
9.760000000000000853e+01 2.358103540929239017e+00
9.770000000000000284e+01 6.656560972511475605e+00
9.780000000000001137e+01 3.261852754744798411e+00
9.790000000000000568e+01 4.483961567232917389e+00
9.800000000000000000e+01 5.414693028584900425e-01
9.810000000000000853e+01 2.132203664451480574e+00
9.820000000000000284e+01 1.179067841527962512e+00
9.830000000000001137e+01 1.144392779048776232e+00
9.840000000000000568e+01 3.348122401663239933e-01
9.850000000000000000e+01 2.475689860678682575e+00
9.860000000000000853e+01 8.323227724568358354e+00
9.870000000000000284e+01 1.001392303497931913e+01
9.880000000000001137e+01 1.174637784851138678e+00
9.890000000000000568e+01 1.279487820156130606e+00
9.900000000000000000e+01 2.877551762305305516e+00
9.910000000000000853e+01 4.221106756921553238e-01
9.920000000000000284e+01 5.031250325525715716e-01
9.930000000000001137e+01 5.709250413844147998e-01
9.940000000000000568e+01 2.312885931358288794e+00
9.950000000000000000e+01 1.373525346300245920e+00
9.960000000000000853e+01 9.105962044863604277e+00
9.970000000000000284e+01 1.660159359491000464e+00
9.980000000000001137e+01 1.217533086392088792e+00
9.990000000000000568e+01 1.090295514537126698e+00
