0.000000000000000000e+00 9.430132205545051216e-02
1.000000000000000056e-01 3.664760323194084929e-02
2.000000000000000111e-01 3.966498273134203001e-02
3.000000000000000444e-01 8.315368233015454913e-02
4.000000000000000222e-01 4.193630927622472859e-02
5.000000000000000000e-01 5.703083914538060323e-02
6.000000000000000888e-01 3.480320389134647363e-02
7.000000000000000666e-01 1.828064257776336118e-02
8.000000000000000444e-01 3.884493299420424539e-02
9.000000000000000222e-01 3.386977926554987639e-02
1.000000000000000000e+00 5.421459287753431500e-02
1.100000000000000089e+00 2.865174343228957254e-02
1.200000000000000178e+00 9.490202153133106555e-02
1.300000000000000044e+00 6.799497680484220541e-02
1.400000000000000133e+00 6.917392497857982603e-02
1.500000000000000000e+00 3.784943372645206694e-02
1.600000000000000089e+00 4.222883885267501164e-02
1.700000000000000178e+00 1.480225109488095617e-02
1.800000000000000044e+00 5.432612363011863482e-02
1.900000000000000133e+00 4.818869339356425530e-02
2.000000000000000000e+00 1.010546690169002518e-02
2.100000000000000089e+00 7.737153035785168664e-02
2.200000000000000178e+00 1.824863083239189332e-01
2.300000000000000266e+00 2.175710535741069429e-01
2.400000000000000355e+00 5.752656510880660434e-02
2.500000000000000000e+00 2.174811203415729158e-02
2.600000000000000089e+00 3.888731234651134766e-02
2.700000000000000178e+00 6.203875810930123413e-02
2.800000000000000266e+00 3.768584481629951716e-02
2.900000000000000355e+00 9.100954797535437679e-02
3.000000000000000000e+00 6.130431381942345881e-02
3.100000000000000089e+00 5.678640977664480005e-02
3.200000000000000178e+00 2.478687157230636540e-01
3.300000000000000266e+00 2.374521050127905708e-01
3.400000000000000355e+00 1.418625902971703268e-01
3.500000000000000000e+00 2.192191321625675537e-01
3.600000000000000089e+00 3.261251603276392186e-01
3.700000000000000178e+00 1.392375124584527002e-01
3.800000000000000266e+00 1.488484841310878937e-01
3.900000000000000355e+00 9.085953384490394469e-02
4.000000000000000000e+00 5.822879128425160339e-02
4.100000000000000533e+00 7.786709017046050674e-02
4.200000000000000178e+00 1.980215294669997184e-01
4.299999999999999822e+00 6.395010603030160112e-02
4.400000000000000355e+00 1.486609594781532762e-01
4.500000000000000000e+00 3.676504726727155559e-01
4.600000000000000533e+00 2.341566076329843205e-01
4.700000000000000178e+00 1.816307164813678876e-01
4.800000000000000711e+00 4.263453148651036861e-01
4.900000000000000355e+00 3.129853587468882647e-01
5.000000000000000000e+00 1.272728649842540249e-01
5.100000000000000533e+00 2.637534247728413050e-01
5.200000000000000178e+00 4.718893080735239720e-01
5.300000000000000711e+00 1.653312774261854079e+00
5.400000000000000355e+00 3.009267101243203735e-01
5.500000000000000000e+00 4.060500949915886171e-01
5.600000000000000533e+00 5.960951921994533942e-01
5.700000000000000178e+00 2.965233983223379277e-01
5.800000000000000711e+00 2.611797884068918219e-01
5.900000000000000355e+00 3.302272999964751543e-01
6.000000000000000000e+00 1.423687028213406425e+00
6.100000000000000533e+00 5.154584434026967532e-01
6.200000000000000178e+00 7.827622204766068181e-01
6.300000000000000711e+00 2.507743261153064784e-01
6.400000000000000355e+00 8.695080597380233645e-02
6.500000000000000000e+00 1.967903034719507560e-01
6.600000000000000533e+00 1.448588450316546372e-01
6.700000000000000178e+00 1.505384183185506652e-01
6.800000000000000711e+00 5.204842879929696409e-01
6.900000000000000355e+00 4.798250177651183779e-01
7.000000000000000000e+00 5.079998936095333484e-01
7.100000000000000533e+00 8.718062887993793808e-01
7.200000000000000178e+00 1.613449221720336668e+00
7.300000000000000711e+00 4.907972653376043159e-01
7.400000000000000355e+00 3.412134329043731151e-01
7.500000000000000000e+00 5.732322760246352233e-01
7.600000000000000533e+00 6.009893281579278268e-01
7.700000000000000178e+00 5.394734307972498533e-01
7.800000000000000711e+00 7.664530135496383512e-01
7.900000000000000355e+00 2.681056971003653033e-01
8.000000000000000000e+00 1.149642819929886484e+00
8.099999999999999645e+00 4.357883582678370615e+00
8.200000000000001066e+00 5.294553439266860284e-01
8.300000000000000711e+00 1.138660902229512439e+00
8.400000000000000355e+00 5.050632926170347536e-01
8.500000000000000000e+00 1.026122066223248419e+00
8.599999999999999645e+00 7.902955155146350608e-01
8.700000000000001066e+00 2.351533917630494575e+00
8.800000000000000711e+00 4.894270821786738668e-01
8.900000000000000355e+00 6.435660084668303194e-01
9.000000000000000000e+00 3.604306629715256505e-01
9.099999999999999645e+00 2.344893475019838303e-01
9.200000000000001066e+00 4.465588811493862442e-01
9.300000000000000711e+00 2.519189175973634565e-01
9.400000000000000355e+00 4.807734463137610659e-01
9.500000000000000000e+00 1.276729402305417871e+00
9.600000000000001421e+00 1.777580593325925440e+00
9.700000000000001066e+00 8.049759302245376169e-01
9.800000000000000711e+00 1.076993638943397391e+00
9.900000000000000355e+00 1.506646207395611281e+00
1.000000000000000000e+01 8.049824474773059624e-01
1.010000000000000142e+01 5.449603145059369602e-01
1.020000000000000107e+01 5.362284933104393136e-01
1.030000000000000071e+01 8.657695749277467545e-01
1.040000000000000036e+01 2.341379886823004297e-01
1.050000000000000000e+01 4.668655746670036244e-01
1.060000000000000142e+01 9.510987988452130892e-01
1.070000000000000107e+01 1.078960712744672534e+00
1.080000000000000071e+01 1.085925652200119940e+00
1.090000000000000036e+01 4.807154533085326031e-01
1.100000000000000000e+01 5.500213523967195650e-01
1.110000000000000142e+01 5.804014464009137342e-01
1.120000000000000107e+01 7.340589870385090254e-01
1.130000000000000071e+01 3.696308441495672059e-01
1.140000000000000036e+01 7.198849105554969707e-01
1.150000000000000000e+01 1.345041412309005091e+00
1.160000000000000142e+01 9.032216615318491293e-01
1.170000000000000107e+01 7.118008072802899378e-01
1.180000000000000071e+01 1.181726804258988350e+00
1.190000000000000036e+01 1.617334130017535676e+00
1.200000000000000000e+01 1.244934007596589343e+00
1.210000000000000142e+01 1.971544996814571959e+00
1.220000000000000107e+01 2.209003608902861515e+00
1.230000000000000071e+01 8.696900602356398835e-01
1.240000000000000036e+01 3.821847423274480349e+00
1.250000000000000000e+01 1.141233781952094573e+00
1.260000000000000142e+01 2.425538473641048132e+00
1.270000000000000107e+01 1.011825397455579534e+00
1.280000000000000071e+01 4.289952111414830904e-01
1.290000000000000036e+01 1.092622830891441632e+00
1.300000000000000000e+01 6.450553087448929190e-01
1.310000000000000142e+01 3.798679618017171133e-01
1.320000000000000107e+01 3.789452504383065135e-01
1.330000000000000071e+01 4.797878428017744445e-01
1.340000000000000036e+01 5.045429352418114854e-01
1.350000000000000000e+01 1.021499333065560622e+00
1.360000000000000142e+01 6.868514652863896286e-01
1.370000000000000107e+01 2.306553072615178390e+00
1.380000000000000071e+01 5.870811761885184055e+00
1.390000000000000036e+01 1.772474510856331564e+00
1.400000000000000000e+01 2.074966167849868093e+00
1.410000000000000142e+01 1.073998768274121884e+00
1.420000000000000107e+01 6.223945965341144415e-01
1.430000000000000071e+01 3.720689153295264062e-01
1.440000000000000036e+01 9.365233736131622910e-01
1.450000000000000000e+01 2.038754399019659935e+00
1.460000000000000142e+01 3.482448724067602086e+00
1.470000000000000107e+01 3.115099855350779823e+00
1.480000000000000071e+01 8.900290784334283778e-01
1.490000000000000036e+01 4.815380769520706261e-01
1.500000000000000000e+01 9.224176365402603217e-01
1.510000000000000142e+01 4.305392275302041827e-01
1.520000000000000107e+01 1.892400637888274895e-01
1.530000000000000071e+01 2.086012601941183431e-01
1.540000000000000036e+01 8.802818779458386755e-01
1.550000000000000000e+01 3.356707607703242613e-01
1.560000000000000142e+01 3.859163168228081919e-01
1.570000000000000107e+01 4.145200312268606524e-01
1.580000000000000071e+01 7.058802869267559732e-01
1.590000000000000036e+01 5.765375134176804472e-01
1.600000000000000000e+01 7.062528017922613532e-01
1.610000000000000142e+01 2.356753780332778270e+00
1.619999999999999929e+01 4.163309103619935447e-01
1.630000000000000071e+01 2.221541128141007349e+00
1.640000000000000213e+01 9.613090238208807925e-01
1.650000000000000000e+01 2.415322720555863611e+00
1.660000000000000142e+01 8.560304107403269303e-01
1.669999999999999929e+01 6.636439623895091788e-01
1.680000000000000071e+01 8.357531495119178144e-01
1.690000000000000213e+01 3.565288303609471132e+00
1.700000000000000000e+01 5.972487294242937450e-01
1.710000000000000142e+01 1.342528847864072006e+00
1.719999999999999929e+01 1.989043168649725857e+00
1.730000000000000071e+01 4.361729841833407839e+00
1.740000000000000213e+01 1.437624407571105989e+00
1.750000000000000000e+01 1.587522641062534490e+00
1.760000000000000142e+01 9.159517043583617069e-01
1.769999999999999929e+01 9.822930741322536408e-01
1.780000000000000071e+01 9.566140725276344181e-01
1.790000000000000213e+01 9.027935827049444750e-01
1.800000000000000000e+01 2.073047727937343820e-01
1.810000000000000142e+01 5.714353217138764540e-01
1.819999999999999929e+01 1.046819537694798408e+00
1.830000000000000071e+01 2.445289888957586921e+00
1.840000000000000213e+01 1.555503925857921965e+00
1.850000000000000000e+01 1.239085527090681316e+00
1.860000000000000142e+01 1.281273357823549341e+00
1.869999999999999929e+01 8.156761035493277356e-01
1.880000000000000071e+01 1.670584921739316941e+00
1.890000000000000213e+01 2.858475509078449495e+00
1.900000000000000000e+01 3.137692071934471638e+00
1.910000000000000142e+01 1.157525456304865363e+00
1.920000000000000284e+01 3.811163727279874847e-01
1.930000000000000071e+01 2.869491739260584540e-01
1.940000000000000213e+01 1.793681438292645369e+00
1.950000000000000000e+01 9.872258780346661045e-01
1.960000000000000142e+01 3.576085959264784897e+00
1.970000000000000284e+01 1.302454365342785136e+00
1.980000000000000071e+01 1.204392305830387144e+00
1.990000000000000213e+01 1.072619127717525211e+00
2.000000000000000000e+01 1.003288602419321496e+00
2.010000000000000142e+01 3.583336531322632301e-01
2.020000000000000284e+01 7.520114538039033292e-01
2.030000000000000071e+01 2.600928203557367979e+00
2.040000000000000213e+01 1.104282012984590278e+00
2.050000000000000000e+01 1.322845812668472565e+00
2.060000000000000142e+01 7.793587479320343014e-01
2.070000000000000284e+01 3.790519972613789701e+00
2.080000000000000071e+01 5.627464729975460322e+00
2.090000000000000213e+01 3.126404918595907745e+00
2.100000000000000000e+01 2.216877168230808604e+00
2.110000000000000142e+01 3.832386932146880643e+00
2.120000000000000284e+01 2.502568770109712126e+00
2.130000000000000071e+01 7.366215773867352823e-01
2.140000000000000213e+01 1.177455336924360330e+00
2.150000000000000000e+01 5.287275632069904363e-01
2.160000000000000142e+01 2.583235613449979429e+00
2.170000000000000284e+01 2.472260366199353854e+00
2.180000000000000071e+01 1.640383559324579910e+00
2.190000000000000213e+01 1.603083985983869919e+00
2.200000000000000000e+01 1.489543261895495574e+00
2.210000000000000142e+01 8.203134284543730503e-01
2.220000000000000284e+01 8.084610627827114593e-01
2.230000000000000071e+01 3.170385041365531009e-01
2.240000000000000213e+01 2.545483145085101762e-01
2.250000000000000000e+01 4.276454335084557967e-01
2.260000000000000142e+01 5.321785768349630574e-01
2.270000000000000284e+01 6.439500369260030554e-01
2.280000000000000071e+01 2.173448450475602645e+00
2.290000000000000213e+01 1.982308073396043202e+00
2.300000000000000000e+01 7.652881872546706266e-01
2.310000000000000142e+01 2.699991743749342032e-01
2.320000000000000284e+01 4.512369579374704287e-01
2.330000000000000071e+01 3.115777772108511701e-01
2.340000000000000213e+01 1.204478067008954989e-01
2.350000000000000000e+01 3.391409868357140867e-01
2.360000000000000142e+01 6.972056641949392342e-01
2.370000000000000284e+01 3.670064987752196917e+00
2.380000000000000071e+01 1.638850825880217466e+00
2.390000000000000213e+01 6.205052520221232548e+00
2.400000000000000000e+01 2.038122695059938483e+00
2.410000000000000142e+01 3.343038276078754478e+00
2.420000000000000284e+01 6.391475400881554414e+00
2.430000000000000071e+01 1.769409144129466149e+00
2.440000000000000213e+01 1.646329219005704392e+00
2.450000000000000000e+01 5.947668820889145946e-01
2.460000000000000142e+01 1.997368120916015677e+00
2.470000000000000284e+01 1.233440920504183413e+00
2.480000000000000071e+01 1.264277252797792128e+00
2.490000000000000213e+01 1.842307851730511148e+00
2.500000000000000000e+01 1.323074726890814956e+00
2.510000000000000142e+01 2.771673334112358500e+00
2.520000000000000284e+01 2.351516308136964994e+00
2.530000000000000071e+01 1.322800419442419440e+00
2.540000000000000213e+01 1.533613262123318721e+00
2.550000000000000000e+01 6.841285664027987323e-01
2.560000000000000142e+01 1.366180248054256641e+00
2.570000000000000284e+01 2.841406889941638925e-01
2.580000000000000071e+01 1.753124867211652005e-01
2.590000000000000213e+01 3.197518929566560697e-01
2.600000000000000000e+01 3.741554706765337635e-01
2.610000000000000142e+01 3.309267590943132942e-01
2.620000000000000284e+01 8.398535700179530217e-01
2.630000000000000071e+01 7.110083098788259059e-01
2.640000000000000213e+01 4.025459031464653226e-01
2.650000000000000000e+01 1.410834573602264053e+00
2.660000000000000142e+01 3.871669875441840603e+00
2.670000000000000284e+01 1.364536322082327446e+00
2.680000000000000071e+01 6.063257622685057635e-01
2.690000000000000213e+01 2.605142779543845322e+00
2.700000000000000000e+01 5.702682908053287036e+00
2.710000000000000142e+01 7.311308263414286746e-01
2.720000000000000284e+01 8.056018949188201717e-01
2.730000000000000071e+01 1.332110596937193803e+00
2.740000000000000213e+01 1.196015782183118326e+00
2.750000000000000000e+01 1.155702472975902673e+00
2.760000000000000142e+01 1.107713033846118744e+00
2.770000000000000284e+01 9.302514747500173486e-01
2.780000000000000071e+01 6.288580384760273922e-01
2.790000000000000213e+01 4.820835557875756128e-01
2.800000000000000000e+01 5.908809525396185869e-01
2.810000000000000142e+01 4.016444561131389257e-01
2.820000000000000284e+01 2.407449666133752331e+00
2.830000000000000071e+01 1.638627785340803777e+00
2.840000000000000213e+01 7.795338625270192834e-01
2.850000000000000000e+01 7.866646299049194768e-01
2.860000000000000142e+01 5.956211274716269877e-01
2.870000000000000284e+01 1.004943061782956670e+00
2.880000000000000071e+01 1.234988272600818116e+00
2.890000000000000213e+01 1.339479536325513642e+00
2.900000000000000000e+01 1.472094068417184154e+00
2.910000000000000142e+01 1.153352064692411139e+00
2.920000000000000284e+01 5.382158814866442320e-01
2.930000000000000071e+01 5.038863418186616538e-01
2.940000000000000213e+01 9.514576817652470320e-01
2.950000000000000000e+01 7.405909934013640283e-01
2.960000000000000142e+01 1.032185319941999246e+00
2.970000000000000284e+01 7.523495834062184917e-01
2.980000000000000071e+01 7.327608632812092626e-01
2.990000000000000213e+01 6.767747084476711805e-01
3.000000000000000000e+01 1.141863631932788392e+00
3.010000000000000142e+01 8.351081431531365284e-01
3.020000000000000284e+01 1.494914958855033005e+00
3.030000000000000071e+01 2.763769587236337255e+00
3.040000000000000213e+01 3.819951087265174294e+00
3.050000000000000000e+01 3.356243521858398804e+00
3.060000000000000142e+01 5.612944159646874098e+00
3.070000000000000284e+01 1.890192394628252837e+00
3.080000000000000071e+01 1.806957480097308055e+00
3.090000000000000213e+01 9.058143131357574429e-01
3.100000000000000000e+01 1.406329998153087457e+00
3.110000000000000142e+01 8.471024279344463448e-01
3.120000000000000284e+01 3.631893097888279964e+00
3.130000000000000071e+01 3.188600938425166564e+00
3.140000000000000213e+01 1.990252866358090067e+00
3.150000000000000000e+01 1.883042283323828947e+00
3.160000000000000142e+01 2.295871350120615606e+00
3.170000000000000284e+01 1.878962786692445430e+00
3.180000000000000071e+01 1.486056009639592723e+00
3.190000000000000213e+01 2.139347377072850165e+00
3.200000000000000000e+01 2.038072616578797902e+00
3.210000000000000142e+01 1.714738287399061090e+00
3.220000000000000284e+01 3.416671083363030714e+00
3.230000000000000426e+01 4.605890137452939292e+00
3.239999999999999858e+01 3.186715838363277431e+00
3.250000000000000000e+01 1.750773923578110791e+00
3.260000000000000142e+01 2.284581357682777814e+00
3.270000000000000284e+01 1.864773337872223324e+00
3.280000000000000426e+01 1.499485345606070830e+00
3.289999999999999858e+01 1.893486306263232111e+00
3.300000000000000000e+01 3.730578165422296699e+00
3.310000000000000142e+01 3.391623771169899104e+00
3.320000000000000284e+01 1.074049801777617441e+00
3.330000000000000426e+01 1.133196545916264064e+00
3.339999999999999858e+01 1.002715311687774946e+00
3.350000000000000000e+01 5.775930913318041426e-01
3.360000000000000142e+01 8.240005118028735920e-01
3.370000000000000284e+01 1.101244793520157028e+00
3.380000000000000426e+01 1.415286803064285559e+00
3.389999999999999858e+01 5.223089452631331397e+00
3.400000000000000000e+01 4.693400031821178153e+00
3.410000000000000142e+01 4.109378191924009549e+00
3.420000000000000284e+01 5.805230007052371910e+00
3.430000000000000426e+01 2.795052340702282478e+00
3.439999999999999858e+01 2.563733841348557085e+00
3.450000000000000000e+01 2.314651275570979827e+00
3.460000000000000142e+01 4.307072598642311512e+00
3.470000000000000284e+01 4.380915431376246616e+00
3.480000000000000426e+01 5.667684894858425082e+00
3.489999999999999858e+01 3.497968264029399865e+00
3.500000000000000000e+01 2.623424097530115962e+00
3.510000000000000142e+01 1.048377673789517406e+00
3.520000000000000284e+01 9.255529448689939764e-01
3.530000000000000426e+01 1.695580107627184585e+00
3.539999999999999858e+01 3.340328401802848735e+00
3.550000000000000000e+01 2.280851918628739039e+00
3.560000000000000142e+01 4.412993914597693745e+00
3.570000000000000284e+01 3.089564524593981343e+00
3.580000000000000426e+01 2.621589346704883638e+00
3.589999999999999858e+01 3.744678287025582364e+00
3.600000000000000000e+01 4.334245090693176650e+00
3.610000000000000142e+01 1.120824155545403045e+00
3.620000000000000284e+01 2.573247749256227568e+00
3.630000000000000426e+01 4.932920669078760589e+00
3.639999999999999858e+01 8.370956271870205967e+00
3.650000000000000000e+01 3.305078625023313510e+00
3.660000000000000142e+01 4.200637976035269894e+00
3.670000000000000284e+01 5.396992385071781584e+00
3.680000000000000426e+01 3.097814530108743636e+00
3.689999999999999858e+01 7.955125744573813940e+00
3.700000000000000000e+01 4.177199511906474427e+00
3.710000000000000142e+01 4.435574129315074998e+00
3.720000000000000284e+01 4.351153188092236945e+00
3.730000000000000426e+01 7.126216052494783071e+00
3.739999999999999858e+01 5.143892268780355437e+00
3.750000000000000000e+01 6.650880746766036467e+00
3.760000000000000142e+01 5.275806819231283029e+00
3.770000000000000284e+01 4.346432973669037914e+00
3.780000000000000426e+01 7.732089750169801157e+00
3.789999999999999858e+01 8.633568725577418945e+00
3.800000000000000000e+01 1.093860127607307220e+01
3.810000000000000142e+01 5.536058678117083076e+00
3.820000000000000284e+01 9.558456935529687115e+00
3.830000000000000426e+01 1.260123879485163734e+01
3.840000000000000568e+01 4.060511648978360810e+00
3.850000000000000000e+01 2.668517715498527210e+01
3.860000000000000142e+01 5.224783424734305903e+00
3.870000000000000284e+01 2.402109104989966681e+01
3.880000000000000426e+01 5.197115616037136121e+00
3.890000000000000568e+01 5.819572150090670526e+00
3.900000000000000000e+01 7.115816970284203791e+00
3.910000000000000142e+01 9.441747569127118211e+00
3.920000000000000284e+01 3.571002390014776928e+00
3.930000000000000426e+01 9.777303596204260927e+00
3.940000000000000568e+01 4.799476598174447162e+00
3.950000000000000000e+01 1.494704890821741827e+01
3.960000000000000142e+01 1.108179672588584275e+01
3.970000000000000284e+01 1.745580346812201356e+01
3.980000000000000426e+01 8.484541033817899702e+00
3.990000000000000568e+01 1.580269845032283804e+01
4.000000000000000000e+01 9.057221119385683750e+00
4.010000000000000142e+01 1.038284262265834279e+01
4.020000000000000284e+01 2.722900679164912319e+01
4.030000000000000426e+01 1.892479203015894740e+01
4.040000000000000568e+01 4.468533731076171733e+01
4.050000000000000000e+01 3.160973949966563623e+01
4.060000000000000142e+01 9.784691873473047963e+01
4.070000000000000284e+01 1.862674299735189152e+02
4.080000000000000426e+01 8.635284732897284243e+01
4.090000000000000568e+01 3.647444434171178074e+01
4.100000000000000000e+01 3.668916481696905407e+01
4.110000000000000142e+01 2.781239763180518310e+01
4.120000000000000284e+01 2.305035754047485241e+01
4.130000000000000426e+01 1.996695029530719978e+01
4.140000000000000568e+01 2.242810473594977339e+01
4.150000000000000000e+01 2.634488123534216086e+01
4.160000000000000142e+01 2.280878267051603103e+01
4.170000000000000284e+01 2.463992820829388464e+01
4.180000000000000426e+01 1.012570157002583393e+01
4.190000000000000568e+01 8.139143940888052597e+00
4.200000000000000000e+01 1.187959266671350633e+01
4.210000000000000142e+01 3.827655360601244006e+00
4.220000000000000284e+01 6.953282001505053600e+00
4.230000000000000426e+01 7.402261916996430990e+00
4.240000000000000568e+01 4.234619219562667070e+00
4.250000000000000000e+01 2.302251857059300377e+01
4.260000000000000142e+01 4.789563901310906147e+00
4.270000000000000284e+01 1.732517203607109835e+01
4.280000000000000426e+01 1.652762172772091631e+01
4.290000000000000568e+01 2.214735941822524978e+01
4.300000000000000000e+01 1.864651407608670652e+01
4.310000000000000142e+01 1.341561809906796832e+01
4.320000000000000284e+01 6.528208522870711406e+00
4.330000000000000426e+01 1.703117295340403814e+01
4.340000000000000568e+01 1.706986041656996989e+01
4.350000000000000000e+01 7.389837481801788677e+00
4.360000000000000142e+01 2.729692395860955045e+01
4.370000000000000284e+01 2.730165147033432937e+00
4.380000000000000426e+01 2.084072378154005278e+01
4.390000000000000568e+01 5.013123456294594327e+00
4.400000000000000000e+01 1.736887130871975060e+01
4.410000000000000142e+01 1.128532438031659524e+01
4.420000000000000284e+01 4.313117348019569697e+00
4.430000000000000426e+01 1.443817753755843292e+01
4.440000000000000568e+01 5.212518654070864343e+00
4.450000000000000000e+01 1.205969987998988735e+01
4.460000000000000142e+01 4.790943907876214602e+00
4.470000000000000284e+01 1.037175695921840912e+01
4.480000000000000426e+01 5.185566252304918855e+00
4.490000000000000568e+01 7.558973758011680921e+00
4.500000000000000000e+01 9.119504140681792492e+00
4.510000000000000142e+01 1.266949108669303037e+01
4.520000000000000284e+01 2.167778351649298774e+00
4.530000000000000426e+01 1.909851610790615384e+00
4.540000000000000568e+01 1.106917504716313161e+01
4.550000000000000000e+01 8.527420887084094403e+00
4.560000000000000142e+01 3.494894791251547339e+00
4.570000000000000284e+01 6.395656823785960121e+00
4.580000000000000426e+01 5.013596453599872937e+00
4.590000000000000568e+01 2.919205038115372464e+00
4.600000000000000000e+01 3.918047243729336770e+00
4.610000000000000142e+01 4.577771507097843084e+00
4.620000000000000284e+01 8.718747357079598137e-01
4.630000000000000426e+01 2.649762822157963438e+00
4.640000000000000568e+01 1.504950299990781382e+01
4.650000000000000000e+01 2.982410877824877460e+00
4.660000000000000142e+01 1.389457347933688958e+01
4.670000000000000284e+01 7.265756369208984822e+00
4.680000000000000426e+01 1.016299981882418635e+01
4.690000000000000568e+01 3.465140582342225883e+00
4.700000000000000000e+01 6.679511622560434958e+00
4.710000000000000142e+01 5.242765652369294926e+00
4.720000000000000284e+01 6.410524632068381301e+00
4.730000000000000426e+01 2.416383823087043581e+01
4.740000000000000568e+01 5.593377813528052300e+00
4.750000000000000000e+01 9.591127487126183127e+00
4.760000000000000142e+01 4.004455055723396661e+00
4.770000000000000284e+01 1.395354466131422999e+00
4.780000000000000426e+01 1.293914426671433970e+00
4.790000000000000568e+01 1.193449105670797206e+00
4.800000000000000000e+01 1.923649955762944730e+00
4.810000000000000142e+01 2.159711445324261181e+00
4.820000000000000284e+01 3.122852669215744559e+00
4.830000000000000426e+01 3.806509633631976364e+00
4.840000000000000568e+01 1.214527495648741784e+01
4.850000000000000000e+01 3.276311011572920151e+00
4.860000000000000142e+01 3.283657344121327704e+00
4.870000000000000284e+01 3.398211183131122137e+00
4.880000000000000426e+01 7.615546920279668619e+00
4.890000000000000568e+01 3.826681678843613099e+00
4.900000000000000000e+01 8.896932794222733420e+00
4.910000000000000142e+01 8.261982058765505954e+00
4.920000000000000284e+01 1.143825304419504896e+01
4.930000000000000426e+01 2.887542227679508411e+00
4.940000000000000568e+01 6.845280003546919900e+00
4.950000000000000000e+01 5.697674488261275094e+00
4.960000000000000142e+01 5.055445527044933662e+00
4.970000000000000284e+01 6.307966311270076787e+00
4.980000000000000426e+01 8.288194541286621586e+00
4.990000000000000568e+01 5.182527666051267801e+00
5.000000000000000000e+01 3.836442826719299592e+00
5.010000000000000142e+01 6.834933966031909058e+00
5.020000000000000284e+01 3.862126905973930491e+00
5.030000000000000426e+01 2.927483177869341091e+00
5.040000000000000568e+01 3.192844428805554191e+00
5.050000000000000000e+01 1.802609381375401165e+00
5.060000000000000142e+01 6.677092377782686050e+00
5.070000000000000284e+01 1.036344037961940323e+01
5.080000000000000426e+01 6.390618974327368917e+00
5.090000000000000568e+01 6.082115166345761104e+00
5.100000000000000000e+01 9.991887644154202164e+00
5.110000000000000142e+01 2.323426412656690143e+00
5.120000000000000284e+01 3.431664648573336862e+00
5.130000000000000426e+01 2.767917129947582211e+00
5.140000000000000568e+01 1.513061784030632850e+00
5.150000000000000000e+01 9.776215582982270558e-01
5.160000000000000142e+01 2.272953486635481024e+00
5.170000000000000284e+01 1.779747157042259387e+00
5.180000000000000426e+01 8.727499588507934281e-01
5.190000000000000568e+01 2.256693730003830556e+00
5.200000000000000000e+01 1.560590870443950617e+00
5.210000000000000142e+01 7.974551233622184654e-01
5.220000000000000284e+01 1.043355192333646153e+00
5.230000000000000426e+01 1.431800908120911542e+00
5.240000000000000568e+01 4.921807218821609986e+00
5.250000000000000000e+01 2.179675683861808544e+00
5.260000000000000142e+01 1.936072452554651768e+00
5.270000000000000284e+01 2.270548319046346020e+00
5.280000000000000426e+01 1.209315115228869253e+00
5.290000000000000568e+01 8.979270149128912859e-01
5.300000000000000000e+01 1.595258036099997501e+00
5.310000000000000142e+01 4.942987816819677249e+00
5.320000000000000284e+01 2.728402212971070551e+00
5.330000000000000426e+01 8.851980208045370224e-01
5.340000000000000568e+01 6.137976948434121782e-01
5.350000000000000000e+01 8.556621285780547925e-01
5.360000000000000142e+01 7.537451528666976319e-01
5.370000000000000284e+01 1.176310178308036303e+00
5.380000000000000426e+01 2.525214361870432800e+00
5.390000000000000568e+01 1.161948093887016364e+00
5.400000000000000000e+01 2.612198645956107512e+00
5.410000000000000142e+01 2.149362997193622782e+00
5.420000000000000284e+01 7.459943594117190990e-01
5.430000000000000426e+01 1.269178242475873075e+00
5.440000000000000568e+01 6.593281769290146421e+00
5.450000000000000000e+01 1.976733618976541207e+00
5.460000000000000142e+01 1.222777147166728362e+00
5.470000000000000284e+01 2.868942786944714829e+00
5.480000000000000426e+01 7.716652722544103504e+00
5.490000000000000568e+01 2.165740526509257080e+00
5.500000000000000000e+01 9.435724862103912480e-01
5.510000000000000142e+01 8.291816378824367062e-01
5.520000000000000284e+01 9.978124904945475659e-01
5.530000000000000426e+01 4.942869899877204709e-01
5.540000000000000568e+01 4.310632579548648868e-01
5.550000000000000000e+01 5.110245922961726972e-01
5.560000000000000142e+01 2.353716070081659228e-01
5.570000000000000284e+01 4.900124291222420214e-01
5.580000000000000426e+01 1.255625665753830944e+00
5.590000000000000568e+01 1.096984837513125255e+00
5.600000000000000000e+01 1.235879308481073080e+00
5.610000000000000142e+01 1.397126929549655117e+00
5.620000000000000284e+01 5.705621476014552940e+00
5.630000000000000426e+01 1.017235584568320306e+00
5.640000000000000568e+01 1.393247878613140811e+00
5.650000000000000000e+01 2.096415864611765656e+00
5.660000000000000142e+01 1.076945189405303482e+00
5.670000000000000284e+01 3.247448281243888513e+00
5.680000000000000426e+01 1.520566343135301812e+00
5.690000000000000568e+01 9.501774348842239037e-01
5.700000000000000000e+01 3.915865675005151481e+00
5.710000000000000142e+01 6.652521281957039179e+00
5.720000000000000284e+01 5.660174016661613017e+00
5.730000000000000426e+01 1.561425863534882197e+01
5.740000000000000568e+01 3.527142271686024344e+00
5.750000000000000000e+01 7.116475843674893831e+00
5.760000000000000142e+01 4.255250215604736930e+00
5.770000000000000284e+01 3.197424098706976192e+00
5.780000000000000426e+01 1.191661950844913553e+00
5.790000000000000568e+01 2.540315909607364087e-01
5.800000000000000000e+01 2.239654738477271645e-01
5.810000000000000142e+01 5.502265990041654842e-01
5.820000000000000284e+01 4.734184230128744564e-01
5.830000000000000426e+01 4.623600705985176917e-01
5.840000000000000568e+01 1.088999083551517311e+00
5.850000000000000000e+01 1.791226932680385797e+00
5.860000000000000142e+01 2.981798341434454880e+00
5.870000000000000284e+01 4.127080502206627033e-01
5.880000000000000426e+01 4.451990033364179866e-01
5.890000000000000568e+01 4.273017802312010227e-01
5.900000000000000000e+01 2.847983022608395753e-01
5.910000000000000142e+01 5.400889847686067835e-01
5.920000000000000284e+01 9.158296628771178671e-01
5.930000000000000426e+01 1.170039221775313942e+00
5.940000000000000568e+01 1.712572046416920513e+00
5.950000000000000000e+01 3.596052681063869105e+00
5.960000000000000142e+01 1.473494891632892934e+00
5.970000000000000284e+01 2.046729406470646495e+00
5.980000000000000426e+01 1.964242544942959467e+00
5.990000000000000568e+01 7.274785788248120388e-01
6.000000000000000000e+01 1.116995268681552966e+00
6.010000000000000142e+01 1.622219086361577967e+00
6.020000000000000284e+01 1.955471638498763376e+00
6.030000000000000426e+01 4.758665571234927505e+00
6.040000000000000568e+01 1.166036705430656006e+01
6.050000000000000000e+01 4.306274916451194201e+00
6.060000000000000142e+01 8.797655060790896542e+00
6.070000000000000284e+01 3.684911285585154683e+00
6.080000000000000426e+01 1.272918127051680059e+00
6.090000000000000568e+01 1.029291304289329689e+00
6.100000000000000000e+01 1.704876460449210818e+00
6.110000000000000142e+01 2.799695554695395217e+00
6.120000000000000284e+01 6.938518293508494361e-01
6.130000000000000426e+01 4.226775761205851523e-01
6.140000000000000568e+01 1.125527623194312765e+00
6.150000000000000000e+01 2.886064767474158188e+00
6.160000000000000142e+01 8.472050015717746962e-01
6.170000000000000284e+01 1.670907483002213922e+00
6.180000000000000426e+01 2.987651558172610855e+00
6.190000000000000568e+01 1.425226273989194770e+00
6.200000000000000000e+01 1.103095249376131681e+00
6.210000000000000142e+01 3.961403197206230797e-01
6.220000000000000284e+01 3.418146264468313045e-01
6.230000000000000426e+01 1.650166661852353167e+00
6.240000000000000568e+01 5.939908701705455485e+00
6.250000000000000000e+01 9.227862343784877908e+00
6.260000000000000142e+01 2.198870643666371638e+00
6.270000000000000284e+01 1.015993879806748268e+00
6.280000000000000426e+01 1.249253175751465772e+00
6.290000000000000568e+01 5.249448081836439073e+00
6.300000000000000000e+01 1.004685505397498124e+00
6.310000000000000142e+01 6.900588654040387127e+00
6.320000000000000284e+01 9.887602655574521116e-01
6.330000000000000426e+01 1.815764117338404260e+00
6.340000000000000568e+01 2.209013752689902021e-01
6.350000000000000000e+01 1.604434088257786550e+00
6.360000000000000142e+01 9.650557477013320673e-01
6.370000000000000284e+01 1.791067102522822863e+00
6.380000000000000426e+01 1.458766309505735936e+00
6.390000000000000568e+01 3.429427029276262306e+00
6.400000000000000000e+01 2.785720992578156530e+00
6.410000000000000853e+01 3.600593485046161391e+00
6.420000000000000284e+01 3.056788901331491726e+00
6.429999999999999716e+01 1.245103495735066401e+00
6.440000000000000568e+01 1.955775428605748267e+00
6.450000000000000000e+01 1.280527936169116199e+00
6.460000000000000853e+01 1.795209437330053781e+00
6.470000000000000284e+01 6.500040927363684995e-01
6.479999999999999716e+01 2.325561646153491591e+00
6.490000000000000568e+01 2.291496228710435901e+00
6.500000000000000000e+01 2.947890359824239859e+00
6.510000000000000853e+01 1.361839384287560462e+00
6.520000000000000284e+01 1.540931574436122498e+00
6.529999999999999716e+01 2.587761641839988247e+00
6.540000000000000568e+01 2.572369899623493605e+00
6.550000000000000000e+01 6.010341839871272684e-01
6.560000000000000853e+01 8.110373187612615054e-01
6.570000000000000284e+01 5.844049662034210835e-01
6.579999999999999716e+01 5.509173212407898479e-01
6.590000000000000568e+01 3.322119854603633460e-01
6.600000000000000000e+01 9.747283950305443145e-01
6.610000000000000853e+01 2.595104076006286009e-01
6.620000000000000284e+01 2.149274164902008344e-01
6.629999999999999716e+01 8.236748110919578370e-01
6.640000000000000568e+01 1.678478240438258773e+00
6.650000000000000000e+01 6.746690439894643676e-01
6.660000000000000853e+01 8.380365997397001276e-01
6.670000000000000284e+01 5.294500481545498793e+00
6.679999999999999716e+01 3.109707297345043031e+00
6.690000000000000568e+01 2.348138088869577977e+00
6.700000000000000000e+01 7.613444163550069366e-01
6.710000000000000853e+01 6.784256206679604162e-01
6.720000000000000284e+01 1.443905450973109961e+00
6.729999999999999716e+01 2.130912814320562454e+00
6.740000000000000568e+01 8.827603814642898783e+00
6.750000000000000000e+01 2.668553134661100668e+00
6.760000000000000853e+01 9.519425741589602197e+00
6.770000000000000284e+01 7.819581093494396562e+00
6.779999999999999716e+01 6.205120483668474796e-01
6.790000000000000568e+01 1.434195856847966022e+00
6.800000000000000000e+01 6.124441347770713806e-01
6.810000000000000853e+01 5.174455334945694540e-01
6.820000000000000284e+01 6.117294353902117399e-01
6.829999999999999716e+01 7.271768703090543129e-01
6.840000000000000568e+01 1.170088464528784566e+00
6.850000000000000000e+01 1.047422954700133024e+00
6.860000000000000853e+01 1.568608176353182948e+00
6.870000000000000284e+01 1.282652485290889377e+00
6.879999999999999716e+01 1.706568291705664819e+00
6.890000000000000568e+01 4.919203837734230866e+00
6.900000000000000000e+01 3.521391957469057754e+00
6.910000000000000853e+01 2.941879860202429420e+00
6.920000000000000284e+01 6.852632117914057019e+00
6.929999999999999716e+01 2.875177191230700036e+00
6.940000000000000568e+01 3.232382058923588097e+00
6.950000000000000000e+01 8.203315904321305752e+00
6.960000000000000853e+01 1.184709598500779171e+00
6.970000000000000284e+01 3.488856994094629460e+00
6.979999999999999716e+01 2.738260346428111003e+00
6.990000000000000568e+01 2.029688990472797272e+00
7.000000000000000000e+01 1.324859282551312800e+00
7.010000000000000853e+01 5.974642944802163180e-01
7.020000000000000284e+01 1.431389027804345515e+00
7.029999999999999716e+01 2.107389422557142122e+00
7.040000000000000568e+01 1.187422262969558107e+00
7.050000000000000000e+01 1.178993455512407529e+00
7.060000000000000853e+01 4.183674070549280977e+00
7.070000000000000284e+01 9.295610795904439172e+00
7.079999999999999716e+01 2.567132410443469404e+00
7.090000000000000568e+01 8.851047875460230641e-01
7.100000000000000000e+01 5.090377659203629834e-01
7.110000000000000853e+01 2.626947292582826332e+00
7.120000000000000284e+01 9.486074874026017012e-01
7.129999999999999716e+01 1.560216757345973315e+00
7.140000000000000568e+01 8.519726155020258318e+00
7.150000000000000000e+01 2.494248586552022751e+00
7.160000000000000853e+01 5.276913744337036860e+00
7.170000000000000284e+01 1.152517448550802825e+01
7.179999999999999716e+01 2.693057428794272123e+00
7.190000000000000568e+01 3.801153287012479343e+00
7.200000000000000000e+01 9.407086191957300114e-01
7.210000000000000853e+01 7.588010294680369583e-01
7.220000000000000284e+01 7.371281602650382458e-01
7.229999999999999716e+01 5.908193114445206007e-01
7.240000000000000568e+01 8.905312451765557968e-01
7.250000000000000000e+01 9.493219651175699436e-01
7.260000000000000853e+01 2.893903298467066065e+00
7.270000000000000284e+01 6.464986977109389521e+00
7.279999999999999716e+01 2.869611803909186687e+00
7.290000000000000568e+01 2.859038709642937270e+00
7.300000000000000000e+01 2.158443815383886744e+00
7.310000000000000853e+01 1.269231874622859246e+00
7.320000000000000284e+01 3.528881952202590710e+00
7.329999999999999716e+01 5.162477089603421554e+00
7.340000000000000568e+01 5.204597778711089084e+00
7.350000000000000000e+01 6.631582964568650818e-01
7.360000000000000853e+01 1.227847586531305879e+00
7.370000000000000284e+01 4.107597099146760300e+00
7.379999999999999716e+01 1.823979162479551164e+00
7.390000000000000568e+01 1.381183286096211660e+00
7.400000000000000000e+01 7.845313474476299787e-01
7.410000000000000853e+01 1.165773036065459678e+01
7.420000000000000284e+01 4.432733181341408368e+00
7.429999999999999716e+01 2.112638025181362789e+00
7.440000000000000568e+01 1.300162536161911797e+00
7.450000000000000000e+01 6.996923967191456262e-01
7.460000000000000853e+01 9.346931026507289131e-01
7.470000000000000284e+01 2.635547125679834068e-01
7.479999999999999716e+01 1.977341520242478501e-01
7.490000000000000568e+01 3.428281264380220184e-01
7.500000000000000000e+01 2.672560067967991171e-01
7.510000000000000853e+01 4.094430584005647744e-01
7.520000000000000284e+01 9.962857694656573893e-01
7.529999999999999716e+01 1.294575119675996255e+00
7.540000000000000568e+01 1.226376675119549065e+00
7.550000000000000000e+01 9.590455321095157082e-01
7.560000000000000853e+01 5.932814748414722006e-01
7.570000000000000284e+01 5.289858191588203695e-01
7.579999999999999716e+01 1.443952937303302875e+00
7.590000000000000568e+01 8.899953272948288863e-01
7.600000000000000000e+01 1.410520375304965324e+00
7.610000000000000853e+01 1.686222918383562419e+00
7.620000000000000284e+01 2.091686798401857228e+00
7.629999999999999716e+01 2.972359444275978202e-01
7.640000000000000568e+01 3.594894451948741354e-01
7.650000000000000000e+01 8.490199894037464556e-01
7.660000000000000853e+01 8.232284850229857343e-01
7.670000000000000284e+01 4.392150634273483956e-01
7.680000000000001137e+01 4.213991640714507825e-01
7.690000000000000568e+01 8.090086045606696974e-01
7.700000000000000000e+01 2.864803404480060212e-01
7.710000000000000853e+01 1.696783450380879021e-01
7.720000000000000284e+01 3.033155870537763699e-01
7.730000000000001137e+01 1.637558458382546711e-01
7.740000000000000568e+01 1.374730021835911531e-01
7.750000000000000000e+01 2.177537768347683200e-01
7.760000000000000853e+01 4.544829122923109699e-01
7.770000000000000284e+01 2.330843796596290540e-01
7.780000000000001137e+01 6.655806134137178809e-01
7.790000000000000568e+01 4.305583601566009833e-01
7.800000000000000000e+01 3.913767251497564104e-01
7.810000000000000853e+01 3.970516379280927821e-01
7.820000000000000284e+01 3.365795726598134197e-01
7.830000000000001137e+01 1.070727854808878610e-01
7.840000000000000568e+01 1.891783265590550600e-01
7.850000000000000000e+01 1.788574692548282052e-01
7.860000000000000853e+01 4.362382788177158327e-02
7.870000000000000284e+01 1.498600227210614422e-01
7.880000000000001137e+01 4.757903931544042730e-02
7.890000000000000568e+01 3.926203938364437873e-02
7.900000000000000000e+01 1.784159727052459232e-01
7.910000000000000853e+01 3.320857430274928301e-01
7.920000000000000284e+01 3.562947385023333968e-01
7.930000000000001137e+01 6.996539766797887916e-02
7.940000000000000568e+01 4.722016486209548725e-02
7.950000000000000000e+01 5.078392694160833304e-02
7.960000000000000853e+01 6.425684114480148534e-02
7.970000000000000284e+01 2.978146752156195579e-02
7.980000000000001137e+01 5.005558973811691931e-02
7.990000000000000568e+01 8.584837394009030287e-02
8.000000000000000000e+01 8.420004496390685877e-02
8.010000000000000853e+01 8.795003794291786359e-02
8.020000000000000284e+01 1.195880057367089272e-01
8.030000000000001137e+01 3.079906980248195772e-02
8.040000000000000568e+01 3.958541236551295361e-02
8.050000000000000000e+01 4.565791389634309833e-02
8.060000000000000853e+01 3.301203012629661676e-02
8.070000000000000284e+01 1.791015478322935048e-02
8.080000000000001137e+01 8.270246263365287065e-02
8.090000000000000568e+01 5.122968302307998045e-02
8.100000000000000000e+01 5.811386476382874450e-02
8.110000000000000853e+01 7.709394031293263783e-02
8.120000000000000284e+01 3.281843962473606630e-02
8.130000000000001137e+01 3.452656152459204070e-02
8.140000000000000568e+01 8.593729822728624068e-02
8.150000000000000000e+01 6.129935439204356462e-02
8.160000000000000853e+01 3.313503515605588368e-02
8.170000000000000284e+01 6.328672863159252870e-02
8.180000000000001137e+01 9.263652276862527346e-02
8.190000000000000568e+01 1.691196703192379969e-01
8.200000000000000000e+01 1.348142419672027081e-01
8.210000000000000853e+01 1.220445717648571543e-01
8.220000000000000284e+01 1.665026115110777305e-01
8.230000000000001137e+01 1.175151259982993024e-01
8.240000000000000568e+01 2.323566231982798214e-01
8.250000000000000000e+01 1.076239932563135548e-01
8.260000000000000853e+01 1.344813361818385511e-01
8.270000000000000284e+01 1.128943453340123804e-01
8.280000000000001137e+01 8.445060441016214448e-01
8.290000000000000568e+01 2.791335424102343588e-01
8.300000000000000000e+01 3.283899721785057402e-01
8.310000000000000853e+01 5.352732639405224369e-01
8.320000000000000284e+01 8.017097712763392447e-01
8.330000000000001137e+01 3.070673351264293083e-01
8.340000000000000568e+01 3.668709590194864090e-01
8.350000000000000000e+01 3.059297041432614273e-01
8.360000000000000853e+01 1.963769508029591382e-01
8.370000000000000284e+01 2.989864890473060699e-01
8.380000000000001137e+01 2.131039229188974593e-01
8.390000000000000568e+01 4.365461006973408997e-01
8.400000000000000000e+01 8.487897964382529192e-02
8.410000000000000853e+01 6.567192979639932537e-02
8.420000000000000284e+01 3.497070650376364886e-01
8.430000000000001137e+01 3.411424765416399829e-01
8.440000000000000568e+01 9.129457313123622297e-01
8.450000000000000000e+01 1.142797502755680927e+00
8.460000000000000853e+01 1.657766189288748249e-01
8.470000000000000284e+01 2.473879883396291890e-01
8.480000000000001137e+01 2.144238411282126389e-01
8.490000000000000568e+01 2.106456952953119355e-01
8.500000000000000000e+01 1.729613506254350230e-01
8.510000000000000853e+01 3.581933614124914178e-01
8.520000000000000284e+01 4.296125439584006500e-01
8.530000000000001137e+01 7.075391424863535228e-01
8.540000000000000568e+01 1.643428752827082728e-01
8.550000000000000000e+01 1.367533334297975078e-01
8.560000000000000853e+01 1.941500548498487910e-01
8.570000000000000284e+01 1.846296967799318234e-01
8.580000000000001137e+01 2.609787287356284957e-01
8.590000000000000568e+01 1.577833276027496845e-01
8.600000000000000000e+01 1.740785118392630115e-01
8.610000000000000853e+01 7.639160336102686355e-02
8.620000000000000284e+01 1.328935288732692455e-01
8.630000000000001137e+01 2.905732894505327901e-01
8.640000000000000568e+01 1.225680476417877890e-01
8.650000000000000000e+01 2.561806417613697873e-01
8.660000000000000853e+01 3.884556541374219463e-01
8.670000000000000284e+01 1.569980846285050358e-01
8.680000000000001137e+01 1.365992989336026198e-01
8.690000000000000568e+01 5.468994110823202637e-02
8.700000000000000000e+01 5.852771147555582004e-02
8.710000000000000853e+01 3.758488505189625517e-01
8.720000000000000284e+01 2.324376974157485176e-01
8.730000000000001137e+01 2.520069346127393195e-01
8.740000000000000568e+01 1.094722969179079686e-01
8.750000000000000000e+01 8.553861294398665271e-02
8.760000000000000853e+01 1.007010634451227238e-01
8.770000000000000284e+01 1.774894620336145978e-01
8.780000000000001137e+01 1.428015018686704940e-01
8.790000000000000568e+01 1.273114928597977313e-01
8.800000000000000000e+01 6.609059116935919742e-02
8.810000000000000853e+01 3.924948810008447309e-01
8.820000000000000284e+01 3.948458773287468748e-01
8.830000000000001137e+01 1.207098292421219382e-01
8.840000000000000568e+01 2.688069548173278589e-01
8.850000000000000000e+01 9.318941320395068839e-01
8.860000000000000853e+01 3.357617019094052857e+00
8.870000000000000284e+01 4.203955191068950437e-01
8.880000000000001137e+01 5.269441930216191006e-01
8.890000000000000568e+01 9.575101311158772110e-02
8.900000000000000000e+01 2.600485580454061085e-01
8.910000000000000853e+01 2.688629035909346210e-01
8.920000000000000284e+01 1.987300242886157253e+00
8.930000000000001137e+01 4.207834112042490582e-01
8.940000000000000568e+01 8.675426533243258964e-01
8.950000000000000000e+01 1.214393119211502281e+00
8.960000000000000853e+01 9.943997850669218375e-01
8.970000000000000284e+01 1.489018396095991736e+00
8.980000000000001137e+01 7.214576833552401869e-01
8.990000000000000568e+01 2.030703069616877521e+00
9.000000000000000000e+01 8.291365320179612253e-01
9.010000000000000853e+01 2.845480540178451645e-01
9.020000000000000284e+01 9.694671773635451517e-01
9.030000000000001137e+01 2.182035310309905496e-01
9.040000000000000568e+01 7.460755534133343136e-01
9.050000000000000000e+01 9.163960216302714512e-01
9.060000000000000853e+01 7.157172490488781236e-01
9.070000000000000284e+01 3.393743409548042322e-01
9.080000000000001137e+01 1.083930346028022074e+00
9.090000000000000568e+01 5.878004552757370993e-01
9.100000000000000000e+01 6.954587230608149095e-01
9.110000000000000853e+01 4.242665221715595791e-01
9.120000000000000284e+01 5.667019997116324870e-01
9.130000000000001137e+01 5.582227834815544076e-01
9.140000000000000568e+01 8.368874967129708020e-01
9.150000000000000000e+01 3.078304975832818702e+00
9.160000000000000853e+01 1.461047808719033059e+00
9.170000000000000284e+01 2.878824326931325839e+00
9.180000000000001137e+01 9.715177693006494808e-01
9.190000000000000568e+01 1.396480813624237483e+00
9.200000000000000000e+01 6.787512132595685532e-01
9.210000000000000853e+01 1.068373875113146410e+00
9.220000000000000284e+01 7.937352685926697404e-01
9.230000000000001137e+01 1.032497005608124629e+00
9.240000000000000568e+01 2.839402417617032937e-01
9.250000000000000000e+01 2.689559092937046092e-01
9.260000000000000853e+01 8.403886106915391396e-01
9.270000000000000284e+01 1.601378725005553783e+00
9.280000000000001137e+01 1.872992211610152058e+00
9.290000000000000568e+01 3.239999419527982649e+00
9.300000000000000000e+01 3.401038823891036622e-01
9.310000000000000853e+01 2.043954046787396506e-01
9.320000000000000284e+01 6.199397149573294685e-01
9.330000000000001137e+01 3.640941196428780224e-01
9.340000000000000568e+01 9.664389198720500784e-02
9.350000000000000000e+01 2.372648767494759670e-01
9.360000000000000853e+01 2.494853970551581535e-01
9.370000000000000284e+01 2.041292435001582362e-01
9.380000000000001137e+01 2.334960943627801266e-01
9.390000000000000568e+01 9.508137582289004353e-02
9.400000000000000000e+01 1.352534321371277604e-01
9.410000000000000853e+01 3.089735651497269586e-01
9.420000000000000284e+01 3.027800798202084920e-01
9.430000000000001137e+01 2.712833207694628768e-01
9.440000000000000568e+01 8.036717937772711040e-02
9.450000000000000000e+01 1.424809796574454390e-01
9.460000000000000853e+01 9.050028092241960143e-02
9.470000000000000284e+01 2.049856619448395534e-01
9.480000000000001137e+01 6.586057998723245932e-01
9.490000000000000568e+01 1.465364295721802435e-01
9.500000000000000000e+01 4.104876636445557447e-01
9.510000000000000853e+01 4.040105874098592897e-01
9.520000000000000284e+01 1.054557310764299982e-01
9.530000000000001137e+01 8.058746897385901664e-02
9.540000000000000568e+01 1.443381786864867122e-01
9.550000000000000000e+01 2.214224703246134018e-01
9.560000000000000853e+01 1.977949104788591650e-01
9.570000000000000284e+01 2.143057191722315125e-01
9.580000000000001137e+01 2.616849583481711816e-01
9.590000000000000568e+01 2.417856489323207958e-01
9.600000000000000000e+01 1.326545434502578169e-01
9.610000000000000853e+01 8.724841415428051805e-01
9.620000000000000284e+01 3.949180574678710642e-01
9.630000000000001137e+01 3.523701266187659886e-01
9.640000000000000568e+01 2.722918035270024406e-01
9.650000000000000000e+01 1.981605989517154776e-01
9.660000000000000853e+01 4.466018202583577623e-01
9.670000000000000284e+01 1.429176152539192168e-01
9.680000000000001137e+01 1.788728060775009177e-01
9.690000000000000568e+01 1.719907296348227810e+00
9.700000000000000000e+01 8.857475514456548682e-01
9.710000000000000853e+01 2.884119066387105801e-01
9.720000000000000284e+01 3.547701567392037569e-01
9.730000000000001137e+01 4.890278155575347035e-02
9.740000000000000568e+01 1.515687629506079215e-01
9.750000000000000000e+01 4.216642412070671364e-01
9.760000000000000853e+01 3.943737768888211370e-01
9.770000000000000284e+01 3.099004072607426385e-01
9.780000000000001137e+01 3.145389060728043806e-01
9.790000000000000568e+01 3.042330082915166711e-01
9.800000000000000000e+01 5.502275512071218566e-01
9.810000000000000853e+01 2.721929531668239033e-01
9.820000000000000284e+01 6.193484808731430924e-01
9.830000000000001137e+01 5.662626211037019575e-01
9.840000000000000568e+01 6.534020829269352459e-01
9.850000000000000000e+01 4.376924927810414978e-01
9.860000000000000853e+01 4.514865017286415760e-01
9.870000000000000284e+01 2.651372610113194583e-01
9.880000000000001137e+01 1.079093558045512852e-01
9.890000000000000568e+01 2.271561768209716115e-01
9.900000000000000000e+01 2.986488367249034992e-01
9.910000000000000853e+01 1.469167099610220739e-01
9.920000000000000284e+01 1.648735449954970289e-01
9.930000000000001137e+01 2.029958231242134370e-01
9.940000000000000568e+01 1.511161883015608165e-01
9.950000000000000000e+01 1.776176906992234517e-01
9.960000000000000853e+01 9.160258772196981647e-02
9.970000000000000284e+01 4.884592115245250943e-02
9.980000000000001137e+01 6.029076351586467458e-02
9.990000000000000568e+01 8.808404530200671101e-02
