0.000000000000000000e+00 5.501405828082440719e-01
1.000000000000000056e-01 5.483405020112906980e-01
2.000000000000000111e-01 6.987825319927937207e-01
3.000000000000000444e-01 6.166532707926346557e-01
4.000000000000000222e-01 9.767622329456799868e-01
5.000000000000000000e-01 9.069728148142736091e-01
6.000000000000000888e-01 4.270230471474060763e-01
7.000000000000000666e-01 4.256050258265088315e-01
8.000000000000000444e-01 4.430212287703627072e-01
9.000000000000000222e-01 6.973649138825361860e-01
1.000000000000000000e+00 6.453770243843856003e-01
1.100000000000000089e+00 3.099669320313975240e-01
1.200000000000000178e+00 3.520258780307876090e-01
1.300000000000000044e+00 3.921181345928266837e-01
1.400000000000000133e+00 3.211903425477715679e-01
1.500000000000000000e+00 3.713988513618971532e-01
1.600000000000000089e+00 4.783745611375106455e-01
1.700000000000000178e+00 3.207924050754214496e-01
1.800000000000000044e+00 7.504752993877437106e-01
1.900000000000000133e+00 4.498098751986547850e-01
2.000000000000000000e+00 3.059968937283092383e-01
2.100000000000000089e+00 6.148495433966023604e-01
2.200000000000000178e+00 6.337579329347986512e-01
2.300000000000000266e+00 5.530079496400193140e-01
2.400000000000000355e+00 4.489692968663437922e-01
2.500000000000000000e+00 3.574143799297546109e-01
2.600000000000000089e+00 3.860315622683437309e-01
2.700000000000000178e+00 3.398789632137135253e-01
2.800000000000000266e+00 2.455326525640607882e-01
2.900000000000000355e+00 5.133135928627418076e-01
3.000000000000000000e+00 3.703185154552436353e-01
3.100000000000000089e+00 4.447118244355784400e-01
3.200000000000000178e+00 5.621196145088995788e-01
3.300000000000000266e+00 4.926772869418082346e-01
3.400000000000000355e+00 3.482328308577632980e-01
3.500000000000000000e+00 2.161982269621286756e-01
3.600000000000000089e+00 3.264923991903201927e-01
3.700000000000000178e+00 3.875959749158306988e-01
3.800000000000000266e+00 4.043088168522611103e-01
3.900000000000000355e+00 5.152040959739384585e-01
4.000000000000000000e+00 2.616373728859677783e-01
4.100000000000000533e+00 6.686782355113753962e-01
4.200000000000000178e+00 5.215420084787549815e-01
4.299999999999999822e+00 8.124250311252328993e-01
4.400000000000000355e+00 6.673706590954563422e-01
4.500000000000000000e+00 8.770619319159996818e-01
4.600000000000000533e+00 7.828581546575406058e-01
4.700000000000000178e+00 8.409734001543848203e-01
4.800000000000000711e+00 5.470986009592506694e-01
4.900000000000000355e+00 4.261152354131368947e-01
5.000000000000000000e+00 5.877090350158011844e-01
5.100000000000000533e+00 5.973063725284621928e-01
5.200000000000000178e+00 9.302384751772964089e-01
5.300000000000000711e+00 7.688456940095438341e-01
5.400000000000000355e+00 1.117450212038158197e+00
5.500000000000000000e+00 6.390502912226828647e-01
5.600000000000000533e+00 3.357529177399138920e-01
5.700000000000000178e+00 5.629604830627863432e-01
5.800000000000000711e+00 3.882580904885152839e-01
5.900000000000000355e+00 3.201641073123531744e-01
6.000000000000000000e+00 5.830052094499972304e-01
6.100000000000000533e+00 3.655466161629400967e-01
6.200000000000000178e+00 9.289786340796001296e-01
6.300000000000000711e+00 6.925829016803090044e-01
6.400000000000000355e+00 3.386710900210343489e-01
6.500000000000000000e+00 5.896231069354977983e-01
6.600000000000000533e+00 9.394536330026462823e-01
6.700000000000000178e+00 7.116622186411667439e-01
6.800000000000000711e+00 8.194337747782268755e-01
6.900000000000000355e+00 5.663215639987335681e-01
7.000000000000000000e+00 7.314730530460030744e-01
7.100000000000000533e+00 8.928657393727921221e-01
7.200000000000000178e+00 6.101568859401212963e-01
7.300000000000000711e+00 1.246351484238988894e+00
7.400000000000000355e+00 7.526397733702775428e-01
7.500000000000000000e+00 8.852968369612190802e-01
7.600000000000000533e+00 8.722581765715080593e-01
7.700000000000000178e+00 1.180788809693932517e+00
7.800000000000000711e+00 1.478566614845947758e+00
7.900000000000000355e+00 1.048706514459952999e+00
8.000000000000000000e+00 9.216017388945241251e-01
8.099999999999999645e+00 7.242317422285537987e-01
8.200000000000001066e+00 6.029659919221004305e-01
8.300000000000000711e+00 3.408095253663795399e-01
8.400000000000000355e+00 3.321609130447645830e-01
8.500000000000000000e+00 5.103106256775353788e-01
8.599999999999999645e+00 5.493398348394733510e-01
8.700000000000001066e+00 7.296487045200028554e-01
8.800000000000000711e+00 5.319642530658865720e-01
8.900000000000000355e+00 6.454962103453059097e-01
9.000000000000000000e+00 4.564205105517878946e-01
9.099999999999999645e+00 4.105009244789309397e-01
9.200000000000001066e+00 5.299661591435302910e-01
9.300000000000000711e+00 5.741222284887314009e-01
9.400000000000000355e+00 5.571639679691309244e-01
9.500000000000000000e+00 3.849195067464279418e-01
9.600000000000001421e+00 4.561333442421072748e-01
9.700000000000001066e+00 6.956048235746712383e-01
9.800000000000000711e+00 7.498750850966617865e-01
9.900000000000000355e+00 5.311639575372835154e-01
1.000000000000000000e+01 8.143700124890479453e-01
1.010000000000000142e+01 4.756670123276773854e-01
1.020000000000000107e+01 7.336726517777658607e-01
1.030000000000000071e+01 9.700966110994367897e-01
1.040000000000000036e+01 5.251882560319968141e-01
1.050000000000000000e+01 9.553004870423297268e-01
1.060000000000000142e+01 6.912009471100475366e-01
1.070000000000000107e+01 5.930695718201937083e-01
1.080000000000000071e+01 8.322922619420772827e-01
1.090000000000000036e+01 1.100305864513318799e+00
1.100000000000000000e+01 6.668369496880336422e-01
1.110000000000000142e+01 6.463297482106407088e-01
1.120000000000000107e+01 6.154192216565194107e-01
1.130000000000000071e+01 9.020770903111423600e-01
1.140000000000000036e+01 5.583609726535760931e-01
1.150000000000000000e+01 9.031255842814261969e-01
1.160000000000000142e+01 9.825670196766399522e-01
1.170000000000000107e+01 7.880661357752006824e-01
1.180000000000000071e+01 5.890566219336001996e-01
1.190000000000000036e+01 9.831087711139766538e-01
1.200000000000000000e+01 1.318377296764376760e+00
1.210000000000000142e+01 9.981297660946656380e-01
1.220000000000000107e+01 1.155033156706653186e+00
1.230000000000000071e+01 1.561381314570492895e+00
1.240000000000000036e+01 9.713171682051650047e-01
1.250000000000000000e+01 1.108430914588651062e+00
1.260000000000000142e+01 1.029967269168045041e+00
1.270000000000000107e+01 1.027228653342594500e+00
1.280000000000000071e+01 8.925342531207886010e-01
1.290000000000000036e+01 8.028262192104375083e-01
1.300000000000000000e+01 7.592585640642348643e-01
1.310000000000000142e+01 9.095080799038626207e-01
1.320000000000000107e+01 7.493525738454619445e-01
1.330000000000000071e+01 4.411409334922782310e-01
1.340000000000000036e+01 5.228317104980667596e-01
1.350000000000000000e+01 9.434839665403045306e-01
1.360000000000000142e+01 1.033617846856505151e+00
1.370000000000000107e+01 1.370180575346042762e+00
1.380000000000000071e+01 9.734400253474679854e-01
1.390000000000000036e+01 1.267875982395032519e+00
1.400000000000000000e+01 5.985370293981633338e-01
1.410000000000000142e+01 6.725668287472709173e-01
1.420000000000000107e+01 8.720453468586892853e-01
1.430000000000000071e+01 7.670109326439030761e-01
1.440000000000000036e+01 8.119423304775298389e-01
1.450000000000000000e+01 1.045497730052732832e+00
1.460000000000000142e+01 1.489568907465905978e+00
1.470000000000000107e+01 1.053740017568256526e+00
1.480000000000000071e+01 1.009669958590812877e+00
1.490000000000000036e+01 7.541958668738611982e-01
1.500000000000000000e+01 8.640369554134432750e-01
1.510000000000000142e+01 1.378864385833599382e+00
1.520000000000000107e+01 6.572677387208142319e-01
1.530000000000000071e+01 6.738148048033586468e-01
1.540000000000000036e+01 1.158662729139040115e+00
1.550000000000000000e+01 9.203330011162574875e-01
1.560000000000000142e+01 1.089687205556223448e+00
1.570000000000000107e+01 6.899166546243294951e-01
1.580000000000000071e+01 9.245487998705316235e-01
1.590000000000000036e+01 6.718901014403180216e-01
1.600000000000000000e+01 7.378146238870050277e-01
1.610000000000000142e+01 5.984271017105033952e-01
1.619999999999999929e+01 3.623585859894482564e-01
1.630000000000000071e+01 6.295279886439056893e-01
1.640000000000000213e+01 7.960971023063302399e-01
1.650000000000000000e+01 5.403647827920702307e-01
1.660000000000000142e+01 6.424267089851526391e-01
1.669999999999999929e+01 3.256250268664324099e-01
1.680000000000000071e+01 5.222987232129897572e-01
1.690000000000000213e+01 6.714944585547396594e-01
1.700000000000000000e+01 8.402727170244043142e-01
1.710000000000000142e+01 4.942130532134514920e-01
1.719999999999999929e+01 4.833080882054606175e-01
1.730000000000000071e+01 1.268006959060908212e+00
1.740000000000000213e+01 8.391378874813996136e-01
1.750000000000000000e+01 5.297435088317947738e-01
1.760000000000000142e+01 6.623464759345869535e-01
1.769999999999999929e+01 6.049793680322531619e-01
1.780000000000000071e+01 8.134274727573433950e-01
1.790000000000000213e+01 6.592218717950821816e-01
1.800000000000000000e+01 6.351097351110254197e-01
1.810000000000000142e+01 4.412931965443534499e-01
1.819999999999999929e+01 8.438959839010720110e-01
1.830000000000000071e+01 7.514145287910601878e-01
1.840000000000000213e+01 8.992491145655551188e-01
1.850000000000000000e+01 9.428030859194750368e-01
1.860000000000000142e+01 7.192410439659792099e-01
1.869999999999999929e+01 6.987340906562676812e-01
1.880000000000000071e+01 3.235470582056220734e-01
1.890000000000000213e+01 7.163826231420239443e-01
1.900000000000000000e+01 7.431903067244345351e-01
1.910000000000000142e+01 4.760870480301270802e-01
1.920000000000000284e+01 6.574223680989593754e-01
1.930000000000000071e+01 3.656884026047430014e-01
1.940000000000000213e+01 4.507847832005380528e-01
1.950000000000000000e+01 6.392143585656621108e-01
1.960000000000000142e+01 6.949781824804553976e-01
1.970000000000000284e+01 8.194342474724550796e-01
1.980000000000000071e+01 6.190767360754516613e-01
1.990000000000000213e+01 5.245582723549037096e-01
2.000000000000000000e+01 5.790452533079386566e-01
2.010000000000000142e+01 6.480755331975561750e-01
2.020000000000000284e+01 7.883801820982502262e-01
2.030000000000000071e+01 8.877739245044516947e-01
2.040000000000000213e+01 1.056421257213424836e+00
2.050000000000000000e+01 1.113654402049074843e+00
2.060000000000000142e+01 1.278887134614612231e+00
2.070000000000000284e+01 1.532058499236397253e+00
2.080000000000000071e+01 1.601740059009081341e+00
2.090000000000000213e+01 1.544575039169305386e+00
2.100000000000000000e+01 1.329792101529123860e+00
2.110000000000000142e+01 8.731058294505987805e-01
2.120000000000000284e+01 8.635431777735834702e-01
2.130000000000000071e+01 6.174256830104334348e-01
2.140000000000000213e+01 6.760421506793540258e-01
2.150000000000000000e+01 7.532021783803740655e-01
2.160000000000000142e+01 9.461906282440941673e-01
2.170000000000000284e+01 1.205248750280571546e+00
2.180000000000000071e+01 1.250500415853515124e+00
2.190000000000000213e+01 8.788273003959968799e-01
2.200000000000000000e+01 8.233841815974028977e-01
2.210000000000000142e+01 5.127573858033005472e-01
2.220000000000000284e+01 8.103745546282956624e-01
2.230000000000000071e+01 5.030631859405774176e-01
2.240000000000000213e+01 3.787356957541720415e-01
2.250000000000000000e+01 3.795792691279211151e-01
2.260000000000000142e+01 4.748535622179779758e-01
2.270000000000000284e+01 6.281652469615024437e-01
2.280000000000000071e+01 6.448153204819737638e-01
2.290000000000000213e+01 7.554058359055718652e-01
2.300000000000000000e+01 6.306102477933742678e-01
2.310000000000000142e+01 4.967361376194594502e-01
2.320000000000000284e+01 6.072865898750509084e-01
2.330000000000000071e+01 4.898140707862115306e-01
2.340000000000000213e+01 4.081554594784902457e-01
2.350000000000000000e+01 3.387942072804286942e-01
2.360000000000000142e+01 5.672094117479457021e-01
2.370000000000000284e+01 5.326439480076521349e-01
2.380000000000000071e+01 7.101866608423940130e-01
2.390000000000000213e+01 7.833623496988688650e-01
2.400000000000000000e+01 7.732621876466563293e-01
2.410000000000000142e+01 8.360610013843273736e-01
2.420000000000000284e+01 8.903833247259956840e-01
2.430000000000000071e+01 1.037569295200438280e+00
2.440000000000000213e+01 5.825866948019240432e-01
2.450000000000000000e+01 5.816582582486218289e-01
2.460000000000000142e+01 4.652410411692124992e-01
2.470000000000000284e+01 6.481539760150001328e-01
2.480000000000000071e+01 6.789555467747137030e-01
2.490000000000000213e+01 6.980242808314062186e-01
2.500000000000000000e+01 9.853236836455853132e-01
2.510000000000000142e+01 7.383661928441093147e-01
2.520000000000000284e+01 6.577363944554908137e-01
2.530000000000000071e+01 9.373862849326128899e-01
2.540000000000000213e+01 5.918383461045536587e-01
2.550000000000000000e+01 6.147780486219044382e-01
2.560000000000000142e+01 7.280553212541229779e-01
2.570000000000000284e+01 6.163451190925173240e-01
2.580000000000000071e+01 7.467001158611653588e-01
2.590000000000000213e+01 7.841047881309034517e-01
2.600000000000000000e+01 5.276635132735809641e-01
2.610000000000000142e+01 1.168450486360490537e+00
2.620000000000000284e+01 8.193318731742350591e-01
2.630000000000000071e+01 8.633714816885390553e-01
2.640000000000000213e+01 4.551689137457650691e-01
2.650000000000000000e+01 3.474268687297355496e-01
2.660000000000000142e+01 4.120606111301955976e-01
2.670000000000000284e+01 4.449375753902779507e-01
2.680000000000000071e+01 4.589071283301587312e-01
2.690000000000000213e+01 4.382992973985433416e-01
2.700000000000000000e+01 9.008760302924443408e-01
2.710000000000000142e+01 7.405025165959270295e-01
2.720000000000000284e+01 5.619843104175770154e-01
2.730000000000000071e+01 7.140652329740133641e-01
2.740000000000000213e+01 7.102793671047570312e-01
2.750000000000000000e+01 6.315682083700715488e-01
2.760000000000000142e+01 9.761879798491410742e-01
2.770000000000000284e+01 6.045044096340462803e-01
2.780000000000000071e+01 5.030123022710275560e-01
2.790000000000000213e+01 4.394741991276444604e-01
2.800000000000000000e+01 6.454217969712126024e-01
2.810000000000000142e+01 7.321689922324170485e-01
2.820000000000000284e+01 1.028827359206626380e+00
2.830000000000000071e+01 1.174996308752328078e+00
2.840000000000000213e+01 1.092079291491012016e+00
2.850000000000000000e+01 9.222955228960039165e-01
2.860000000000000142e+01 8.567436066500834224e-01
2.870000000000000284e+01 6.192395332957895127e-01
2.880000000000000071e+01 7.757657777602333660e-01
2.890000000000000213e+01 6.701215418652637368e-01
2.900000000000000000e+01 5.828687928114303363e-01
2.910000000000000142e+01 6.800770573523373663e-01
2.920000000000000284e+01 4.406097141967532660e-01
2.930000000000000071e+01 4.495625936473448547e-01
2.940000000000000213e+01 5.694214883328355681e-01
2.950000000000000000e+01 3.985084631902539587e-01
2.960000000000000142e+01 6.316417535627222302e-01
2.970000000000000284e+01 4.356852065073468783e-01
2.980000000000000071e+01 4.005343715181393094e-01
2.990000000000000213e+01 2.634291430819420965e-01
3.000000000000000000e+01 2.791304316600271007e-01
3.010000000000000142e+01 6.767174607117860674e-01
3.020000000000000284e+01 5.634405595598493965e-01
3.030000000000000071e+01 3.410377254964019889e-01
3.040000000000000213e+01 9.711601608441740030e-01
3.050000000000000000e+01 1.089872644457680950e+00
3.060000000000000142e+01 1.862898607739219559e+00
3.070000000000000284e+01 9.904143316557765253e-01
3.080000000000000071e+01 9.047448965667888032e-01
3.090000000000000213e+01 8.968853998299409769e-01
3.100000000000000000e+01 1.324878193839659213e+00
3.110000000000000142e+01 8.168110900423877219e-01
3.120000000000000284e+01 1.023642980002034131e+00
3.130000000000000071e+01 9.495031236334428026e-01
3.140000000000000213e+01 1.375232481427816067e+00
3.150000000000000000e+01 1.022290723441714677e+00
3.160000000000000142e+01 1.073145693411599710e+00
3.170000000000000284e+01 8.341474542176121609e-01
3.180000000000000071e+01 7.333354448056323971e-01
3.190000000000000213e+01 1.109607373529425622e+00
3.200000000000000000e+01 9.151560996777526880e-01
3.210000000000000142e+01 1.221818296106160773e+00
3.220000000000000284e+01 8.043947139015386050e-01
3.230000000000000426e+01 1.045020651424362068e+00
3.239999999999999858e+01 9.555480134736650255e-01
3.250000000000000000e+01 7.793784348069884294e-01
3.260000000000000142e+01 9.869330053037876915e-01
3.270000000000000284e+01 1.042561654167172058e+00
3.280000000000000426e+01 6.607001344679613863e-01
3.289999999999999858e+01 7.833938497680500435e-01
3.300000000000000000e+01 1.134718518104673723e+00
3.310000000000000142e+01 8.197765211147298725e-01
3.320000000000000284e+01 8.087507130845693615e-01
3.330000000000000426e+01 1.086516524256894378e+00
3.339999999999999858e+01 1.143419240524335301e+00
3.350000000000000000e+01 7.994916522008201909e-01
3.360000000000000142e+01 1.075808944595224803e+00
3.370000000000000284e+01 1.234866542605606909e+00
3.380000000000000426e+01 7.888008648075220952e-01
3.389999999999999858e+01 9.093718056260913229e-01
3.400000000000000000e+01 1.097749064442809841e+00
3.410000000000000142e+01 1.074072906000195893e+00
3.420000000000000284e+01 9.915041567321728477e-01
3.430000000000000426e+01 8.811420118152520908e-01
3.439999999999999858e+01 1.031336072893334288e+00
3.450000000000000000e+01 9.231307290397238186e-01
3.460000000000000142e+01 1.060191596683974113e+00
3.470000000000000284e+01 1.682009308275602910e+00
3.480000000000000426e+01 1.292350304426495899e+00
3.489999999999999858e+01 1.190250381225868903e+00
3.500000000000000000e+01 1.130263193705181246e+00
3.510000000000000142e+01 7.551107889152317565e-01
3.520000000000000284e+01 6.838135591829187510e-01
3.530000000000000426e+01 8.376770928514274406e-01
3.539999999999999858e+01 7.158759596898439659e-01
3.550000000000000000e+01 1.186559495355088645e+00
3.560000000000000142e+01 1.005303120468836742e+00
3.570000000000000284e+01 7.550996038526469611e-01
3.580000000000000426e+01 9.618984882055428010e-01
3.589999999999999858e+01 7.785384135470143629e-01
3.600000000000000000e+01 8.273183014157780013e-01
3.610000000000000142e+01 7.643511271419810571e-01
3.620000000000000284e+01 5.826463598319376880e-01
3.630000000000000426e+01 1.085916301040456888e+00
3.639999999999999858e+01 1.010717069322786044e+00
3.650000000000000000e+01 5.150105869361647493e-01
3.660000000000000142e+01 7.216684881381023597e-01
3.670000000000000284e+01 9.530904250562914903e-01
3.680000000000000426e+01 5.161062745363483861e-01
3.689999999999999858e+01 7.456159230790405656e-01
3.700000000000000000e+01 1.051305434183934295e+00
3.710000000000000142e+01 1.008632618859064189e+00
3.720000000000000284e+01 9.015450265038855715e-01
3.730000000000000426e+01 1.570240253635475591e+00
3.739999999999999858e+01 1.218005672974106002e+00
3.750000000000000000e+01 9.372169399750316376e-01
3.760000000000000142e+01 9.957236986582791438e-01
3.770000000000000284e+01 1.522209142239972390e+00
3.780000000000000426e+01 1.279850215344853881e+00
3.789999999999999858e+01 1.086126971573229572e+00
3.800000000000000000e+01 8.700452699710994331e-01
3.810000000000000142e+01 8.526742602440064989e-01
3.820000000000000284e+01 6.779362003259634673e-01
3.830000000000000426e+01 1.058932788166714323e+00
3.840000000000000568e+01 1.010615355475617427e+00
3.850000000000000000e+01 1.343598125436462176e+00
3.860000000000000142e+01 1.497420309577681019e+00
3.870000000000000284e+01 1.857652705550391303e+00
3.880000000000000426e+01 1.517555916217067757e+00
3.890000000000000568e+01 1.685641923183958779e+00
3.900000000000000000e+01 1.055619210272906949e+00
3.910000000000000142e+01 8.422428226378121385e-01
3.920000000000000284e+01 1.737214644840476829e+00
3.930000000000000426e+01 1.421962701400461881e+00
3.940000000000000568e+01 1.256194969487282043e+00
3.950000000000000000e+01 1.439326836441463309e+00
3.960000000000000142e+01 1.321258570168748259e+00
3.970000000000000284e+01 2.089249987722596291e+00
3.980000000000000426e+01 1.636269957147570953e+00
3.990000000000000568e+01 1.179365636077181589e+00
4.000000000000000000e+01 1.127095920443869748e+00
4.010000000000000142e+01 8.662409234336460040e-01
4.020000000000000284e+01 1.357673496832625615e+00
4.030000000000000426e+01 1.456461771345102685e+00
4.040000000000000568e+01 2.267622411413035888e+00
4.050000000000000000e+01 1.798720505330210440e+00
4.060000000000000142e+01 2.651749838772505363e+00
4.070000000000000284e+01 5.711001937139627671e+00
4.080000000000000426e+01 3.316369366072783986e+00
4.090000000000000568e+01 2.023733459188548967e+00
4.100000000000000000e+01 1.317049838861035882e+00
4.110000000000000142e+01 1.480860268251511735e+00
4.120000000000000284e+01 1.967434877668330362e+00
4.130000000000000426e+01 2.975537411484042494e+00
4.140000000000000568e+01 4.420033430146697029e+00
4.150000000000000000e+01 3.548583374750937214e+00
4.160000000000000142e+01 3.029791968050467244e+00
4.170000000000000284e+01 2.664876202299538033e+00
4.180000000000000426e+01 1.898732303358445117e+00
4.190000000000000568e+01 1.855810840429939601e+00
4.200000000000000000e+01 2.138321652309421950e+00
4.210000000000000142e+01 1.855727946858008792e+00
4.220000000000000284e+01 1.732157822437987660e+00
4.230000000000000426e+01 1.502458748416102496e+00
4.240000000000000568e+01 1.962550975068143799e+00
4.250000000000000000e+01 2.820097943379476835e+00
4.260000000000000142e+01 2.097492270650367363e+00
4.270000000000000284e+01 1.732988672534677699e+00
4.280000000000000426e+01 1.300368858578943909e+00
4.290000000000000568e+01 2.267451476932903720e+00
4.300000000000000000e+01 2.064376833249216947e+00
4.310000000000000142e+01 1.515752326561064400e+00
4.320000000000000284e+01 1.070388153676289367e+00
4.330000000000000426e+01 1.730873766718729723e+00
4.340000000000000568e+01 1.542497912151497230e+00
4.350000000000000000e+01 2.435028933317205713e+00
4.360000000000000142e+01 1.976103338854920288e+00
4.370000000000000284e+01 1.883052643752935129e+00
4.380000000000000426e+01 2.835963926900828103e+00
4.390000000000000568e+01 3.008457865452572655e+00
4.400000000000000000e+01 3.322864321088258244e+00
4.410000000000000142e+01 2.376130171564858173e+00
4.420000000000000284e+01 2.844794790444580723e+00
4.430000000000000426e+01 3.161843030367450513e+00
4.440000000000000568e+01 2.011528744737394181e+00
4.450000000000000000e+01 2.331236800111518015e+00
4.460000000000000142e+01 2.885343853155283522e+00
4.470000000000000284e+01 3.010957115470412671e+00
4.480000000000000426e+01 2.042405063837334556e+00
4.490000000000000568e+01 1.775107743353656842e+00
4.500000000000000000e+01 2.039589581171673327e+00
4.510000000000000142e+01 2.808281579081604917e+00
4.520000000000000284e+01 1.403354132422376388e+00
4.530000000000000426e+01 1.399023187053284323e+00
4.540000000000000568e+01 2.463306683521218066e+00
4.550000000000000000e+01 1.740978194891932951e+00
4.560000000000000142e+01 1.626923943414038343e+00
4.570000000000000284e+01 9.664873063055542390e-01
4.580000000000000426e+01 2.258824569898483681e+00
4.590000000000000568e+01 1.837589443398075062e+00
4.600000000000000000e+01 1.797241660749768988e+00
4.610000000000000142e+01 2.468922093002864138e+00
4.620000000000000284e+01 2.166077407430732293e+00
4.630000000000000426e+01 2.180808061071931370e+00
4.640000000000000568e+01 2.293218834327793942e+00
4.650000000000000000e+01 1.559191995082813476e+00
4.660000000000000142e+01 1.252367256966672393e+00
4.670000000000000284e+01 1.735226204950322648e+00
4.680000000000000426e+01 1.257870946031154791e+00
4.690000000000000568e+01 1.219981213841871526e+00
4.700000000000000000e+01 1.319215816388287221e+00
4.710000000000000142e+01 1.640254015110650387e+00
4.720000000000000284e+01 1.977420181093262785e+00
4.730000000000000426e+01 1.701015220455032395e+00
4.740000000000000568e+01 2.547241498774539536e+00
4.750000000000000000e+01 1.564134561342411578e+00
4.760000000000000142e+01 1.576192519207462173e+00
4.770000000000000284e+01 1.495249903389187285e+00
4.780000000000000426e+01 1.513237004544450315e+00
4.790000000000000568e+01 1.419203995627355885e+00
4.800000000000000000e+01 2.404077183039645682e+00
4.810000000000000142e+01 2.751931371909935198e+00
4.820000000000000284e+01 1.868951390791157907e+00
4.830000000000000426e+01 2.891048028117187307e+00
4.840000000000000568e+01 1.984850629141891920e+00
4.850000000000000000e+01 1.923482885722867186e+00
4.860000000000000142e+01 1.387049472585114573e+00
4.870000000000000284e+01 9.273323651817676483e-01
4.880000000000000426e+01 1.786073024909076379e+00
4.890000000000000568e+01 1.153201729829161470e+00
4.900000000000000000e+01 1.372907962080898603e+00
4.910000000000000142e+01 1.631965583132797715e+00
4.920000000000000284e+01 1.486343804194190987e+00
4.930000000000000426e+01 1.370336420703094804e+00
4.940000000000000568e+01 1.038753485463185688e+00
4.950000000000000000e+01 8.017972320283578425e-01
4.960000000000000142e+01 7.828783732965531872e-01
4.970000000000000284e+01 1.001559402133467946e+00
4.980000000000000426e+01 1.091438365988781634e+00
4.990000000000000568e+01 9.835501122204644009e-01
5.000000000000000000e+01 9.100700959838357029e-01
5.010000000000000142e+01 1.070815922495812034e+00
5.020000000000000284e+01 1.230860071751074036e+00
5.030000000000000426e+01 1.210207944330549790e+00
5.040000000000000568e+01 1.383786217730828438e+00
5.050000000000000000e+01 1.144583309307724672e+00
5.060000000000000142e+01 6.441334088904909772e-01
5.070000000000000284e+01 1.329151679591173529e+00
5.080000000000000426e+01 8.524031099904892939e-01
5.090000000000000568e+01 1.196922272194945513e+00
5.100000000000000000e+01 1.215360285896048609e+00
5.110000000000000142e+01 1.259368147318667530e+00
5.120000000000000284e+01 9.033325666878935234e-01
5.130000000000000426e+01 8.275322257049048114e-01
5.140000000000000568e+01 1.243680091417841638e+00
5.150000000000000000e+01 1.506148258677149299e+00
5.160000000000000142e+01 1.786596208165485589e+00
5.170000000000000284e+01 1.058125796515101413e+00
5.180000000000000426e+01 1.141913886773741504e+00
5.190000000000000568e+01 9.121003810059111760e-01
5.200000000000000000e+01 1.330775318258860418e+00
5.210000000000000142e+01 4.960279583464918818e-01
5.220000000000000284e+01 7.585951081405898355e-01
5.230000000000000426e+01 8.413758289615823616e-01
5.240000000000000568e+01 1.460463331920995200e+00
5.250000000000000000e+01 1.061481192071980661e+00
5.260000000000000142e+01 1.225897241145089245e+00
5.270000000000000284e+01 1.529217701269235397e+00
5.280000000000000426e+01 1.856215454276356924e+00
5.290000000000000568e+01 2.219834502993881742e+00
5.300000000000000000e+01 2.124662182949753397e+00
5.310000000000000142e+01 2.051461874236299110e+00
5.320000000000000284e+01 1.740856452819987910e+00
5.330000000000000426e+01 1.304822547107860053e+00
5.340000000000000568e+01 8.537982713863331297e-01
5.350000000000000000e+01 8.306987274474226801e-01
5.360000000000000142e+01 5.888008234428694365e-01
5.370000000000000284e+01 9.777391665922702257e-01
5.380000000000000426e+01 1.324472587084366548e+00
5.390000000000000568e+01 1.429184179077990891e+00
5.400000000000000000e+01 1.811033942363404758e+00
5.410000000000000142e+01 1.733867371852903183e+00
5.420000000000000284e+01 1.560648602609605362e+00
5.430000000000000426e+01 1.782145921830555757e+00
5.440000000000000568e+01 2.153851947727964067e+00
5.450000000000000000e+01 1.564267212401828200e+00
5.460000000000000142e+01 1.196418033013968207e+00
5.470000000000000284e+01 7.671522977959764900e-01
5.480000000000000426e+01 1.508348214764430484e+00
5.490000000000000568e+01 1.217027922141273866e+00
5.500000000000000000e+01 1.211368938407727969e+00
5.510000000000000142e+01 1.214460899364381952e+00
5.520000000000000284e+01 1.633877858749334777e+00
5.530000000000000426e+01 1.742910143245006038e+00
5.540000000000000568e+01 1.563475625550014625e+00
5.550000000000000000e+01 1.568949072332889383e+00
5.560000000000000142e+01 8.779734307575390861e-01
5.570000000000000284e+01 1.601508616052834899e+00
5.580000000000000426e+01 1.730535620628968152e+00
5.590000000000000568e+01 1.257616045088447931e+00
5.600000000000000000e+01 8.677477672036374434e-01
5.610000000000000142e+01 8.867209490147069939e-01
5.620000000000000284e+01 1.404690616158876804e+00
5.630000000000000426e+01 1.461673921265882470e+00
5.640000000000000568e+01 1.178944710390694262e+00
5.650000000000000000e+01 1.146402420177588422e+00
5.660000000000000142e+01 1.236427541595982227e+00
5.670000000000000284e+01 1.565463370188160397e+00
5.680000000000000426e+01 1.409408660823101123e+00
5.690000000000000568e+01 8.327998980037800703e-01
5.700000000000000000e+01 7.534040427691518493e-01
5.710000000000000142e+01 1.610503746783672474e+00
5.720000000000000284e+01 1.627785184669371832e+00
5.730000000000000426e+01 1.778706370805016146e+00
5.740000000000000568e+01 1.368645515390655598e+00
5.750000000000000000e+01 1.433850181464470630e+00
5.760000000000000142e+01 1.007115691197558505e+00
5.770000000000000284e+01 1.347235290982231604e+00
5.780000000000000426e+01 9.647475387836218497e-01
5.790000000000000568e+01 1.211860888429822980e+00
5.800000000000000000e+01 1.439425387673597623e+00
5.810000000000000142e+01 1.423755312834757758e+00
5.820000000000000284e+01 1.275470269759460207e+00
5.830000000000000426e+01 2.113574018741934513e+00
5.840000000000000568e+01 1.134127570497156290e+00
5.850000000000000000e+01 9.924841732988728404e-01
5.860000000000000142e+01 1.060721327488738819e+00
5.870000000000000284e+01 9.711170264415146525e-01
5.880000000000000426e+01 1.422563696202559180e+00
5.890000000000000568e+01 7.250242545848298859e-01
5.900000000000000000e+01 6.016194922481310492e-01
5.910000000000000142e+01 1.267865598031084451e+00
5.920000000000000284e+01 1.040204478776400654e+00
5.930000000000000426e+01 1.295338025478078858e+00
5.940000000000000568e+01 9.962392966921849169e-01
5.950000000000000000e+01 1.015369093425966041e+00
5.960000000000000142e+01 9.828136429537375207e-01
5.970000000000000284e+01 5.100045410979197058e-01
5.980000000000000426e+01 6.277588871307517859e-01
5.990000000000000568e+01 3.958716171194401889e-01
6.000000000000000000e+01 7.497179170723826669e-01
6.010000000000000142e+01 2.084482836489454538e+00
6.020000000000000284e+01 1.126987834386363518e+00
6.030000000000000426e+01 1.462227929982766961e+00
6.040000000000000568e+01 1.632556139469464318e+00
6.050000000000000000e+01 1.576485169179951740e+00
6.060000000000000142e+01 2.016801452387127824e+00
6.070000000000000284e+01 1.137571023133296721e+00
6.080000000000000426e+01 1.166558822763340109e+00
6.090000000000000568e+01 1.356167226614149124e+00
6.100000000000000000e+01 1.782933857829290147e+00
6.110000000000000142e+01 1.522459365803562781e+00
6.120000000000000284e+01 1.329788782132128588e+00
6.130000000000000426e+01 1.083760929748208479e+00
6.140000000000000568e+01 1.198123756925016048e+00
6.150000000000000000e+01 1.642695989665553968e+00
6.160000000000000142e+01 1.786903030582603913e+00
6.170000000000000284e+01 1.473217089083409537e+00
6.180000000000000426e+01 8.962331909904844851e-01
6.190000000000000568e+01 6.998830596748557564e-01
6.200000000000000000e+01 9.583862783373213734e-01
6.210000000000000142e+01 9.545268931108310539e-01
6.220000000000000284e+01 6.883269416956319109e-01
6.230000000000000426e+01 7.491222437078065566e-01
6.240000000000000568e+01 1.097736507942538742e+00
6.250000000000000000e+01 1.660420311033289131e+00
6.260000000000000142e+01 9.798322006177824228e-01
6.270000000000000284e+01 1.314347639440281323e+00
6.280000000000000426e+01 1.700715251244310666e+00
6.290000000000000568e+01 1.703451788924287724e+00
6.300000000000000000e+01 2.298630246572694880e+00
6.310000000000000142e+01 2.181584756738326192e+00
6.320000000000000284e+01 2.988294279403576503e+00
6.330000000000000426e+01 4.608034457961289299e+00
6.340000000000000568e+01 2.102612832097507933e+00
6.350000000000000000e+01 1.924360032613297911e+00
6.360000000000000142e+01 2.845940976314495163e+00
6.370000000000000284e+01 2.122247004595045450e+00
6.380000000000000426e+01 2.243045150265820631e+00
6.390000000000000568e+01 2.327043029122277673e+00
6.400000000000000000e+01 2.066716679895460373e+00
6.410000000000000853e+01 1.899411832525757626e+00
6.420000000000000284e+01 2.572852286695757051e+00
6.429999999999999716e+01 2.030447155887881383e+00
6.440000000000000568e+01 2.163424321668460770e+00
6.450000000000000000e+01 1.663813044498275939e+00
6.460000000000000853e+01 1.947802695397565786e+00
6.470000000000000284e+01 1.633397455635776652e+00
6.479999999999999716e+01 1.408629075209113735e+00
6.490000000000000568e+01 1.825372680889775445e+00
6.500000000000000000e+01 1.407059747041049746e+00
6.510000000000000853e+01 1.643046850486398647e+00
6.520000000000000284e+01 1.290535402055945635e+00
6.529999999999999716e+01 1.282079428977483948e+00
6.540000000000000568e+01 1.620472632457623519e+00
6.550000000000000000e+01 1.159831712939773718e+00
6.560000000000000853e+01 1.288527731054940340e+00
6.570000000000000284e+01 1.121567366986569780e+00
6.579999999999999716e+01 9.834264340184961650e-01
6.590000000000000568e+01 1.269658164653055588e+00
6.600000000000000000e+01 9.601670791389647075e-01
6.610000000000000853e+01 5.331751527283676850e-01
6.620000000000000284e+01 9.131183189430308600e-01
6.629999999999999716e+01 1.233974143420973446e+00
6.640000000000000568e+01 1.121484101679939949e+00
6.650000000000000000e+01 9.556450450022199172e-01
6.660000000000000853e+01 9.394706684357851945e-01
6.670000000000000284e+01 1.352170329973660934e+00
6.679999999999999716e+01 1.283142916444613979e+00
6.690000000000000568e+01 9.745416894405249941e-01
6.700000000000000000e+01 9.146922580820960880e-01
6.710000000000000853e+01 1.377216022603551915e+00
6.720000000000000284e+01 1.025017311436451140e+00
6.729999999999999716e+01 9.620915211157463620e-01
6.740000000000000568e+01 1.120372430924033935e+00
6.750000000000000000e+01 1.049418415030453966e+00
6.760000000000000853e+01 1.440268011806574711e+00
6.770000000000000284e+01 1.181705534704363902e+00
6.779999999999999716e+01 8.463863950154365545e-01
6.790000000000000568e+01 7.344287722170783628e-01
6.800000000000000000e+01 1.137931740730113050e+00
6.810000000000000853e+01 1.072887728305564670e+00
6.820000000000000284e+01 1.404055778234177376e+00
6.829999999999999716e+01 1.397643168465017904e+00
6.840000000000000568e+01 1.379803110708837766e+00
6.850000000000000000e+01 1.454690317346971185e+00
6.860000000000000853e+01 1.419297197289103085e+00
6.870000000000000284e+01 1.430533841121129690e+00
6.879999999999999716e+01 1.078830944007135306e+00
6.890000000000000568e+01 1.379185982427295398e+00
6.900000000000000000e+01 1.047581074163741910e+00
6.910000000000000853e+01 1.361756374398084724e+00
6.920000000000000284e+01 1.923423522500941729e+00
6.929999999999999716e+01 2.509441548659635757e+00
6.940000000000000568e+01 1.880739983516808822e+00
6.950000000000000000e+01 2.281745397553989640e+00
6.960000000000000853e+01 2.712921613907245177e+00
6.970000000000000284e+01 1.897775232167101755e+00
6.979999999999999716e+01 2.229479037070613234e+00
6.990000000000000568e+01 2.043019756160473044e+00
7.000000000000000000e+01 1.936839396889821430e+00
7.010000000000000853e+01 9.987603871501478103e-01
7.020000000000000284e+01 1.303908781474753420e+00
7.029999999999999716e+01 1.082713761332736668e+00
7.040000000000000568e+01 1.421044626408184186e+00
7.050000000000000000e+01 1.127723995030883053e+00
7.060000000000000853e+01 1.369250022044543380e+00
7.070000000000000284e+01 1.617849508953767002e+00
7.079999999999999716e+01 1.948893689098942339e+00
7.090000000000000568e+01 1.294210617273686914e+00
7.100000000000000000e+01 1.292603249214636874e+00
7.110000000000000853e+01 1.149922198425363362e+00
7.120000000000000284e+01 1.266124750817439581e+00
7.129999999999999716e+01 1.237145337949003387e+00
7.140000000000000568e+01 1.457757006556498203e+00
7.150000000000000000e+01 1.537131487385013262e+00
7.160000000000000853e+01 9.343420895462107856e-01
7.170000000000000284e+01 1.188425344817609197e+00
7.179999999999999716e+01 8.391087066586073728e-01
7.190000000000000568e+01 1.170358082128202915e+00
7.200000000000000000e+01 1.463985493839126351e+00
7.210000000000000853e+01 1.875140779406826441e+00
7.220000000000000284e+01 1.702294556580098872e+00
7.229999999999999716e+01 1.716273427088234715e+00
7.240000000000000568e+01 1.908666046044676934e+00
7.250000000000000000e+01 1.996253464833970703e+00
7.260000000000000853e+01 2.574798949537117299e+00
7.270000000000000284e+01 2.594059587150526980e+00
7.279999999999999716e+01 2.909911713381134302e+00
7.290000000000000568e+01 1.883280038899238784e+00
7.300000000000000000e+01 1.686804015291913483e+00
7.310000000000000853e+01 2.253131642139959645e+00
7.320000000000000284e+01 2.119354388492366237e+00
7.329999999999999716e+01 1.711524517759833275e+00
7.340000000000000568e+01 1.754084866904878304e+00
7.350000000000000000e+01 1.098305734061275851e+00
7.360000000000000853e+01 1.124962837478822530e+00
7.370000000000000284e+01 9.601333681701723632e-01
7.379999999999999716e+01 7.445279054722349077e-01
7.390000000000000568e+01 8.140605083923525553e-01
7.400000000000000000e+01 1.024081673870540943e+00
7.410000000000000853e+01 1.266335577359267051e+00
7.420000000000000284e+01 1.587990163323799164e+00
7.429999999999999716e+01 1.508020303651859573e+00
7.440000000000000568e+01 1.494845776539613480e+00
7.450000000000000000e+01 1.595365711023773114e+00
7.460000000000000853e+01 1.613510334651302003e+00
7.470000000000000284e+01 2.021597766915040673e+00
7.479999999999999716e+01 1.737952416110700282e+00
7.490000000000000568e+01 1.735038653794362062e+00
7.500000000000000000e+01 1.903832398914925284e+00
7.510000000000000853e+01 2.589746167971535673e+00
7.520000000000000284e+01 1.847692893336917441e+00
7.529999999999999716e+01 1.516681500159797746e+00
7.540000000000000568e+01 1.563216992720667609e+00
7.550000000000000000e+01 9.603657285067979110e-01
7.560000000000000853e+01 9.452229419416124934e-01
7.570000000000000284e+01 7.236448728166534616e-01
7.579999999999999716e+01 9.940625073313249516e-01
7.590000000000000568e+01 9.315790274257691461e-01
7.600000000000000000e+01 8.086190783747962962e-01
7.610000000000000853e+01 1.302363276903482969e+00
7.620000000000000284e+01 1.726224547442028801e+00
7.629999999999999716e+01 1.116887585038568664e+00
7.640000000000000568e+01 1.316332780819773562e+00
7.650000000000000000e+01 9.675640557484780357e-01
7.660000000000000853e+01 1.375974895097815454e+00
7.670000000000000284e+01 1.027858576751508268e+00
7.680000000000001137e+01 1.674284245382863023e+00
7.690000000000000568e+01 1.527677039862796349e+00
7.700000000000000000e+01 1.564911505391792801e+00
7.710000000000000853e+01 2.228632289354353091e+00
7.720000000000000284e+01 1.803984154507428883e+00
7.730000000000001137e+01 2.072113006014551839e+00
7.740000000000000568e+01 1.880585371771015479e+00
7.750000000000000000e+01 1.711470692662954596e+00
7.760000000000000853e+01 1.532703081120292410e+00
7.770000000000000284e+01 1.497216098957237396e+00
7.780000000000001137e+01 1.097812381441511498e+00
7.790000000000000568e+01 1.479727156229937446e+00
7.800000000000000000e+01 1.001644979818632653e+00
7.810000000000000853e+01 1.075760128002846594e+00
7.820000000000000284e+01 9.375098236326706580e-01
7.830000000000001137e+01 6.014511665981717714e-01
7.840000000000000568e+01 9.537406179685408159e-01
7.850000000000000000e+01 1.215015368576767951e+00
7.860000000000000853e+01 5.536162210559452124e-01
7.870000000000000284e+01 8.945003084596218068e-01
7.880000000000001137e+01 1.015564151972046192e+00
7.890000000000000568e+01 1.077002771068072740e+00
7.900000000000000000e+01 1.255016347459115611e+00
7.910000000000000853e+01 1.521381471064818580e+00
7.920000000000000284e+01 1.425043117352097211e+00
7.930000000000001137e+01 2.499426995895155823e+00
7.940000000000000568e+01 1.471570634995429838e+00
7.950000000000000000e+01 1.172875102525413604e+00
7.960000000000000853e+01 9.258882215107819835e-01
7.970000000000000284e+01 1.032669355213141626e+00
7.980000000000001137e+01 1.065401147928027870e+00
7.990000000000000568e+01 8.823094748916650021e-01
8.000000000000000000e+01 6.157813624719372658e-01
8.010000000000000853e+01 7.336279506726981481e-01
8.020000000000000284e+01 7.079170298272990935e-01
8.030000000000001137e+01 6.333288074758106623e-01
8.040000000000000568e+01 4.724509525362803886e-01
8.050000000000000000e+01 1.214424776405492512e+00
8.060000000000000853e+01 6.473528002926137725e-01
8.070000000000000284e+01 6.413070819420488844e-01
8.080000000000001137e+01 7.545574612026594297e-01
8.090000000000000568e+01 9.304795364525818568e-01
8.100000000000000000e+01 1.240699313047285424e+00
8.110000000000000853e+01 1.372107083756708423e+00
8.120000000000000284e+01 1.072439457138603780e+00
8.130000000000001137e+01 1.103166865093541116e+00
8.140000000000000568e+01 1.550929468945694500e+00
8.150000000000000000e+01 1.049969902782007081e+00
8.160000000000000853e+01 1.322803056955721202e+00
8.170000000000000284e+01 9.302409856386607556e-01
8.180000000000001137e+01 4.938552011879231429e-01
8.190000000000000568e+01 6.746489881450751236e-01
8.200000000000000000e+01 4.574894947954981639e-01
8.210000000000000853e+01 3.784763385372421074e-01
8.220000000000000284e+01 3.614452316189843972e-01
8.230000000000001137e+01 3.134578857812707064e-01
8.240000000000000568e+01 4.034532882818683275e-01
8.250000000000000000e+01 8.077089111229576179e-01
8.260000000000000853e+01 4.319390863720919405e-01
8.270000000000000284e+01 9.069399122378475342e-01
8.280000000000001137e+01 6.818737996411576852e-01
8.290000000000000568e+01 8.488933396853761693e-01
8.300000000000000000e+01 1.015872618269891614e+00
8.310000000000000853e+01 9.462288173674133773e-01
8.320000000000000284e+01 1.293804948218429285e+00
8.330000000000001137e+01 1.420934184425237889e+00
8.340000000000000568e+01 1.141156108793719870e+00
8.350000000000000000e+01 1.122745920412067777e+00
8.360000000000000853e+01 9.469040450629393479e-01
8.370000000000000284e+01 9.493669387431517004e-01
8.380000000000001137e+01 9.417036191607217610e-01
8.390000000000000568e+01 1.045212865966217208e+00
8.400000000000000000e+01 6.535377456619713143e-01
8.410000000000000853e+01 5.740597882732130230e-01
8.420000000000000284e+01 5.123349759310661389e-01
8.430000000000001137e+01 3.638997162493300963e-01
8.440000000000000568e+01 7.205830351270771095e-01
8.450000000000000000e+01 5.596772020634641631e-01
8.460000000000000853e+01 4.243086399420565313e-01
8.470000000000000284e+01 4.315451520109503947e-01
8.480000000000001137e+01 5.226900806324810134e-01
8.490000000000000568e+01 3.943032395870784690e-01
8.500000000000000000e+01 9.325675068029527504e-01
8.510000000000000853e+01 1.084841490376817541e+00
8.520000000000000284e+01 7.089296432355534083e-01
8.530000000000001137e+01 9.897170151165823881e-01
8.540000000000000568e+01 1.173815708514325262e+00
8.550000000000000000e+01 1.066890298366388157e+00
8.560000000000000853e+01 7.906659928895199974e-01
8.570000000000000284e+01 5.183050240833133593e-01
8.580000000000001137e+01 7.425593499101351691e-01
8.590000000000000568e+01 3.843688083945125400e-01
8.600000000000000000e+01 3.998960272062820342e-01
8.610000000000000853e+01 5.990052187157220986e-01
8.620000000000000284e+01 8.298298009334583725e-01
8.630000000000001137e+01 1.451293162868582565e+00
8.640000000000000568e+01 1.053754800073269271e+00
8.650000000000000000e+01 6.975248234497726241e-01
8.660000000000000853e+01 1.311668857674995081e+00
8.670000000000000284e+01 9.317892883569539597e-01
8.680000000000001137e+01 9.202640813776186146e-01
8.690000000000000568e+01 5.477515648924171643e-01
8.700000000000000000e+01 7.110422075409393861e-01
8.710000000000000853e+01 7.601379386213178435e-01
8.720000000000000284e+01 4.524744716933210009e-01
8.730000000000001137e+01 9.423719697335608547e-01
8.740000000000000568e+01 8.786867553194719349e-01
8.750000000000000000e+01 1.471860746740351056e+00
8.760000000000000853e+01 1.232665734902280263e+00
8.770000000000000284e+01 9.361094015743105512e-01
8.780000000000001137e+01 1.485234540163253181e+00
8.790000000000000568e+01 9.666400423550953747e-01
8.800000000000000000e+01 3.873408067867772919e-01
8.810000000000000853e+01 5.950007723505846835e-01
8.820000000000000284e+01 9.808255178735680868e-01
8.830000000000001137e+01 7.349915237599590201e-01
8.840000000000000568e+01 8.859797306690289087e-01
8.850000000000000000e+01 1.209509886000183831e+00
8.860000000000000853e+01 1.081303083270704457e+00
8.870000000000000284e+01 1.000904285916418335e+00
8.880000000000001137e+01 1.769023334500495315e+00
8.890000000000000568e+01 1.044234737219581488e+00
8.900000000000000000e+01 8.439169785680457059e-01
8.910000000000000853e+01 1.341709172802183492e+00
8.920000000000000284e+01 1.777175185292310999e+00
8.930000000000001137e+01 1.423998225258617190e+00
8.940000000000000568e+01 1.117923162727815223e+00
8.950000000000000000e+01 1.186635858528569454e+00
8.960000000000000853e+01 8.910802615113224689e-01
8.970000000000000284e+01 1.103854634422725134e+00
8.980000000000001137e+01 1.432875018574479409e+00
8.990000000000000568e+01 2.587572450310624994e+00
9.000000000000000000e+01 1.518000641117529304e+00
9.010000000000000853e+01 1.025656359382405292e+00
9.020000000000000284e+01 1.286832123259224359e+00
9.030000000000001137e+01 1.296573953982226746e+00
9.040000000000000568e+01 1.528492740075460210e+00
9.050000000000000000e+01 1.611335397925578894e+00
9.060000000000000853e+01 9.783769377187315763e-01
9.070000000000000284e+01 8.529365781502415977e-01
9.080000000000001137e+01 1.109162131030827725e+00
9.090000000000000568e+01 1.397342272957350362e+00
9.100000000000000000e+01 1.685803801077258024e+00
9.110000000000000853e+01 1.182456048441723251e+00
9.120000000000000284e+01 1.552880980629020025e+00
9.130000000000001137e+01 2.180225012518844263e+00
9.140000000000000568e+01 1.728300991557770505e+00
9.150000000000000000e+01 1.630438750583207641e+00
9.160000000000000853e+01 1.161907329938666855e+00
9.170000000000000284e+01 1.178998198343007342e+00
9.180000000000001137e+01 8.993734646893903895e-01
9.190000000000000568e+01 8.492238057333264534e-01
9.200000000000000000e+01 7.984541847430296491e-01
9.210000000000000853e+01 5.272078504119300790e-01
9.220000000000000284e+01 7.963706916205706143e-01
9.230000000000001137e+01 7.176665999109140825e-01
9.240000000000000568e+01 7.957516153350845389e-01
9.250000000000000000e+01 6.924951620926418361e-01
9.260000000000000853e+01 1.195018303952325667e+00
9.270000000000000284e+01 1.057237020605314548e+00
9.280000000000001137e+01 8.498489673260173349e-01
9.290000000000000568e+01 8.905399247905239069e-01
9.300000000000000000e+01 6.382901609939010124e-01
9.310000000000000853e+01 6.916886171139714490e-01
9.320000000000000284e+01 1.169942950198897824e+00
9.330000000000001137e+01 1.024097894139892828e+00
9.340000000000000568e+01 6.579291552752178918e-01
9.350000000000000000e+01 1.034687228835399431e+00
9.360000000000000853e+01 1.069339898316438164e+00
9.370000000000000284e+01 9.553254871120301361e-01
9.380000000000001137e+01 1.125368116304688693e+00
9.390000000000000568e+01 1.130275584050827398e+00
9.400000000000000000e+01 1.055961653785154830e+00
9.410000000000000853e+01 1.314811567140825810e+00
9.420000000000000284e+01 1.627024392809222952e+00
9.430000000000001137e+01 1.082698510880166332e+00
9.440000000000000568e+01 7.045332087879295768e-01
9.450000000000000000e+01 4.364761273290625465e-01
9.460000000000000853e+01 6.991926927268161673e-01
9.470000000000000284e+01 6.684264227885766685e-01
9.480000000000001137e+01 8.415989914218655610e-01
9.490000000000000568e+01 6.229839241157035801e-01
9.500000000000000000e+01 9.882135410806219822e-01
9.510000000000000853e+01 7.063170568704365548e-01
9.520000000000000284e+01 6.020334074820267167e-01
9.530000000000001137e+01 6.378495594953896841e-01
9.540000000000000568e+01 6.163614561754304777e-01
9.550000000000000000e+01 7.838089376278140064e-01
9.560000000000000853e+01 9.619106473550786962e-01
9.570000000000000284e+01 1.033247440347637047e+00
9.580000000000001137e+01 9.861577879563878657e-01
9.590000000000000568e+01 1.148027313436412733e+00
9.600000000000000000e+01 1.250565169197736859e+00
9.610000000000000853e+01 1.159924408085410086e+00
9.620000000000000284e+01 1.257248603431321499e+00
9.630000000000001137e+01 1.472513390159105873e+00
9.640000000000000568e+01 9.419460023440867635e-01
9.650000000000000000e+01 9.992702978291047033e-01
9.660000000000000853e+01 1.025032682342683632e+00
9.670000000000000284e+01 1.102331017256972245e+00
9.680000000000001137e+01 1.253917310240849625e+00
9.690000000000000568e+01 1.192447967322343594e+00
9.700000000000000000e+01 1.194623273801241226e+00
9.710000000000000853e+01 1.063953524240517812e+00
9.720000000000000284e+01 1.340249761518395255e+00
9.730000000000001137e+01 5.812507203350133489e-01
9.740000000000000568e+01 5.634244556867024079e-01
9.750000000000000000e+01 1.001095001340858159e+00
9.760000000000000853e+01 8.089899231504262822e-01
9.770000000000000284e+01 3.352685003165088440e-01
9.780000000000001137e+01 6.595812877762572413e-01
9.790000000000000568e+01 7.392606368599979882e-01
9.800000000000000000e+01 5.394668773937969508e-01
9.810000000000000853e+01 1.014247767797015198e+00
9.820000000000000284e+01 1.005712500061139991e+00
9.830000000000001137e+01 7.643756252211243440e-01
9.840000000000000568e+01 1.128621915624600902e+00
9.850000000000000000e+01 1.003926362651496262e+00
9.860000000000000853e+01 1.142048042523253315e+00
9.870000000000000284e+01 6.396262126821568028e-01
9.880000000000001137e+01 7.979111619463802318e-01
9.890000000000000568e+01 7.635744613468351538e-01
9.900000000000000000e+01 1.391282123401502480e+00
9.910000000000000853e+01 9.436842773070671653e-01
9.920000000000000284e+01 1.117750804411985710e+00
9.930000000000001137e+01 1.170686544796940787e+00
9.940000000000000568e+01 1.503430840702543403e+00
9.950000000000000000e+01 1.459620107788613286e+00
9.960000000000000853e+01 8.421415167452248607e-01
9.970000000000000284e+01 3.942926064527155772e-01
9.980000000000001137e+01 6.411459875902204564e-01
9.990000000000000568e+01 3.685396288617989735e-01
