0.000000000000000000e+00 1.123027769108670526e+00
1.000000000000000056e-01 1.298147031209874624e+00
2.000000000000000111e-01 9.143267064124334098e-01
3.000000000000000444e-01 7.863815101716918887e-01
4.000000000000000222e-01 8.552745516589639330e-01
5.000000000000000000e-01 8.446566387549286903e-01
6.000000000000000888e-01 6.611828840196940504e-01
7.000000000000000666e-01 7.516891179196194539e-01
8.000000000000000444e-01 1.011991996745305267e+00
9.000000000000000222e-01 8.496604150973054992e-01
1.000000000000000000e+00 6.383886689496298672e-01
1.100000000000000089e+00 8.851825637720098783e-01
1.200000000000000178e+00 6.558757012721206925e-01
1.300000000000000044e+00 1.071823660519414245e+00
1.400000000000000133e+00 1.026541335625090978e+00
1.500000000000000000e+00 1.195222052711897520e+00
1.600000000000000089e+00 1.002234280359631136e+00
1.700000000000000178e+00 8.622258638897104532e-01
1.800000000000000044e+00 7.088499559295097230e-01
1.900000000000000133e+00 9.655259626225838332e-01
2.000000000000000000e+00 1.019975589786347836e+00
2.100000000000000089e+00 7.013918524835019985e-01
2.200000000000000178e+00 9.252445087130654056e-01
2.300000000000000266e+00 8.398747251883895704e-01
2.400000000000000355e+00 7.875537906916110220e-01
2.500000000000000000e+00 8.651923033000508134e-01
2.600000000000000089e+00 6.769089431389355704e-01
2.700000000000000178e+00 1.014130034686587800e+00
2.800000000000000266e+00 9.346939933484124108e-01
2.900000000000000355e+00 8.711976513859150950e-01
3.000000000000000000e+00 1.212656711475555316e+00
3.100000000000000089e+00 1.223787733576070291e+00
3.200000000000000178e+00 1.642264509610080525e+00
3.300000000000000266e+00 1.174546059953328392e+00
3.400000000000000355e+00 8.732558702709086740e-01
3.500000000000000000e+00 1.207929304646770063e+00
3.600000000000000089e+00 9.596883700366330983e-01
3.700000000000000178e+00 6.299617068410191534e-01
3.800000000000000266e+00 7.668512361548988077e-01
3.900000000000000355e+00 1.272168968937930078e+00
4.000000000000000000e+00 7.541810006778799647e-01
4.100000000000000533e+00 1.305304291580275056e+00
4.200000000000000178e+00 9.937831040675176864e-01
4.299999999999999822e+00 9.334566028288132644e-01
4.400000000000000355e+00 1.619909889891900434e+00
4.500000000000000000e+00 1.737016609180538129e+00
4.600000000000000533e+00 1.424330290304639757e+00
4.700000000000000178e+00 2.152276890096243900e+00
4.800000000000000711e+00 1.444183426246125057e+00
4.900000000000000355e+00 2.319415050269618028e+00
5.000000000000000000e+00 1.157886927112014686e+00
5.100000000000000533e+00 2.181066401411403621e+00
5.200000000000000178e+00 1.528007134014350843e+00
5.300000000000000711e+00 1.368170016700604341e+00
5.400000000000000355e+00 1.136031423851130429e+00
5.500000000000000000e+00 8.928479414594542307e-01
5.600000000000000533e+00 2.330409608306844405e+00
5.700000000000000178e+00 1.389972957159268274e+00
5.800000000000000711e+00 1.040141869511037820e+00
5.900000000000000355e+00 1.294767886000104173e+00
6.000000000000000000e+00 9.926921669047326091e-01
6.100000000000000533e+00 1.079240595771387756e+00
6.200000000000000178e+00 1.096147247309120720e+00
6.300000000000000711e+00 1.823415966117569731e+00
6.400000000000000355e+00 1.389876266460732035e+00
6.500000000000000000e+00 1.408481624872326865e+00
6.600000000000000533e+00 1.404945358356827878e+00
6.700000000000000178e+00 1.649578667275776400e+00
6.800000000000000711e+00 2.126451000093321220e+00
6.900000000000000355e+00 1.069866539992348375e+00
7.000000000000000000e+00 8.640189233676360825e-01
7.100000000000000533e+00 9.387913625263889505e-01
7.200000000000000178e+00 8.731630487034626187e-01
7.300000000000000711e+00 1.315881998164524225e+00
7.400000000000000355e+00 1.439907111886014057e+00
7.500000000000000000e+00 9.609608852081999997e-01
7.600000000000000533e+00 6.806376166923859827e-01
7.700000000000000178e+00 7.375707117959547920e-01
7.800000000000000711e+00 7.914599285604263512e-01
7.900000000000000355e+00 6.585563015416602273e-01
8.000000000000000000e+00 8.731199647794362084e-01
8.099999999999999645e+00 7.520491678378106171e-01
8.200000000000001066e+00 5.369918096503881744e-01
8.300000000000000711e+00 9.486808548749195991e-01
8.400000000000000355e+00 8.247872859641049992e-01
8.500000000000000000e+00 6.170523370874371194e-01
8.599999999999999645e+00 7.637699057891608190e-01
8.700000000000001066e+00 4.765062521494789483e-01
8.800000000000000711e+00 6.185263541588734704e-01
8.900000000000000355e+00 4.263617443997302914e-01
9.000000000000000000e+00 4.541929979350142754e-01
9.099999999999999645e+00 1.380075431591716306e+00
9.200000000000001066e+00 7.980061818829046194e-01
9.300000000000000711e+00 4.837684469074675087e-01
9.400000000000000355e+00 7.609357729458470221e-01
9.500000000000000000e+00 5.435181246868997507e-01
9.600000000000001421e+00 5.750230514814732574e-01
9.700000000000001066e+00 5.331712364429248563e-01
9.800000000000000711e+00 4.065004101944644788e-01
9.900000000000000355e+00 5.369751980502917021e-01
1.000000000000000000e+01 4.182602888105414474e-01
1.010000000000000142e+01 5.810471413487034997e-01
1.020000000000000107e+01 6.311789163422919513e-01
1.030000000000000071e+01 6.119963216742827505e-01
1.040000000000000036e+01 6.262146396580597907e-01
1.050000000000000000e+01 5.569613149804245600e-01
1.060000000000000142e+01 5.195598512494030707e-01
1.070000000000000107e+01 6.840247872612037483e-01
1.080000000000000071e+01 6.339085040948948535e-01
1.090000000000000036e+01 7.968169157159743499e-01
1.100000000000000000e+01 5.863678479221730022e-01
1.110000000000000142e+01 1.094189755576348233e+00
1.120000000000000107e+01 9.235339395881687619e-01
1.130000000000000071e+01 1.058926294987616590e+00
1.140000000000000036e+01 1.203836632220532055e+00
1.150000000000000000e+01 7.890683609649337127e-01
1.160000000000000142e+01 8.978863182345441230e-01
1.170000000000000107e+01 8.093528592902349272e-01
1.180000000000000071e+01 7.906787698259947206e-01
1.190000000000000036e+01 1.150783962705506980e+00
1.200000000000000000e+01 1.381939000702811615e+00
1.210000000000000142e+01 7.968789191219755041e-01
1.220000000000000107e+01 7.939288111499472889e-01
1.230000000000000071e+01 8.475275651670841626e-01
1.240000000000000036e+01 8.575438511393937979e-01
1.250000000000000000e+01 1.214049528726641736e+00
1.260000000000000142e+01 1.009093241033767629e+00
1.270000000000000107e+01 9.419387979375022368e-01
1.280000000000000071e+01 1.098245332523251516e+00
1.290000000000000036e+01 1.035514433678845547e+00
1.300000000000000000e+01 7.735748676452186556e-01
1.310000000000000142e+01 1.032229101361562762e+00
1.320000000000000107e+01 1.519178684348329700e+00
1.330000000000000071e+01 8.906174970860739615e-01
1.340000000000000036e+01 1.509371073346247982e+00
1.350000000000000000e+01 9.777920961163639735e-01
1.360000000000000142e+01 1.175366334199168472e+00
1.370000000000000107e+01 1.390219201724596454e+00
1.380000000000000071e+01 1.772184343871892276e+00
1.390000000000000036e+01 3.006536574520293215e+00
1.400000000000000000e+01 4.403706494862333898e+00
1.410000000000000142e+01 3.367083263678122496e+00
1.420000000000000107e+01 3.056637536498303387e+00
1.430000000000000071e+01 2.459469292672106455e+00
1.440000000000000036e+01 2.491041506838744368e+00
1.450000000000000000e+01 2.686526981025976202e+00
1.460000000000000142e+01 2.773784204311175117e+00
1.470000000000000107e+01 3.006558788437737828e+00
1.480000000000000071e+01 1.919605864824628139e+00
1.490000000000000036e+01 2.201781682056582756e+00
1.500000000000000000e+01 2.215793635871411649e+00
1.510000000000000142e+01 2.758548235511684599e+00
1.520000000000000107e+01 2.936072702108175836e+00
1.530000000000000071e+01 2.348922303020467783e+00
1.540000000000000036e+01 2.340968743287783482e+00
1.550000000000000000e+01 2.218949267633387290e+00
1.560000000000000142e+01 1.743573614570333996e+00
1.570000000000000107e+01 2.339210970272174617e+00
1.580000000000000071e+01 1.701025654453637959e+00
1.590000000000000036e+01 1.990343560052488803e+00
1.600000000000000000e+01 2.431671927062653449e+00
1.610000000000000142e+01 2.227646900877935821e+00
1.619999999999999929e+01 2.351869474554957318e+00
1.630000000000000071e+01 1.868300927624309438e+00
1.640000000000000213e+01 1.664717511865210220e+00
1.650000000000000000e+01 2.284623064774437662e+00
1.660000000000000142e+01 2.571502767604210593e+00
1.669999999999999929e+01 2.018972555227747989e+00
1.680000000000000071e+01 2.232188532616962817e+00
1.690000000000000213e+01 1.741845792487629163e+00
1.700000000000000000e+01 1.443180250281826948e+00
1.710000000000000142e+01 1.453773768174646097e+00
1.719999999999999929e+01 1.614577877488454050e+00
1.730000000000000071e+01 1.380731297229510268e+00
1.740000000000000213e+01 7.178038659151987355e-01
1.750000000000000000e+01 5.386955456922141172e-01
1.760000000000000142e+01 1.189135800343559257e+00
1.769999999999999929e+01 1.226342532308817290e+00
1.780000000000000071e+01 1.298367055282578120e+00
1.790000000000000213e+01 1.321080432752165690e+00
1.800000000000000000e+01 1.624423309856784403e+00
1.810000000000000142e+01 1.076605066287586565e+00
1.819999999999999929e+01 2.316372764676930540e+00
1.830000000000000071e+01 2.123022717319772212e+00
1.840000000000000213e+01 1.136812526225328801e+00
1.850000000000000000e+01 1.447017899689068132e+00
1.860000000000000142e+01 9.153246221226862822e-01
1.869999999999999929e+01 1.044654019682352386e+00
1.880000000000000071e+01 1.077922202301746513e+00
1.890000000000000213e+01 1.106584171615236034e+00
1.900000000000000000e+01 1.271615757878666875e+00
1.910000000000000142e+01 8.734986050574803373e-01
1.920000000000000284e+01 7.900889207403665182e-01
1.930000000000000071e+01 1.092045156879171586e+00
1.940000000000000213e+01 1.157565265034125490e+00
1.950000000000000000e+01 1.494854907337817895e+00
1.960000000000000142e+01 1.609813019224652253e+00
1.970000000000000284e+01 1.529251980886464413e+00
1.980000000000000071e+01 1.778920310988147735e+00
1.990000000000000213e+01 1.331432117627864731e+00
2.000000000000000000e+01 1.259057231156864409e+00
2.010000000000000142e+01 1.595149649297833205e+00
2.020000000000000284e+01 1.349458832922584062e+00
2.030000000000000071e+01 1.466609775752347744e+00
2.040000000000000213e+01 1.138872015110488967e+00
2.050000000000000000e+01 1.471009008276250363e+00
2.060000000000000142e+01 7.884512741592322183e-01
2.070000000000000284e+01 8.381824394161159208e-01
2.080000000000000071e+01 7.185178477123408403e-01
2.090000000000000213e+01 5.574326370609442582e-01
2.100000000000000000e+01 5.708207796830673253e-01
2.110000000000000142e+01 4.344934401679327873e-01
2.120000000000000284e+01 4.439948918436714687e-01
2.130000000000000071e+01 8.120854101843972828e-01
2.140000000000000213e+01 4.658801349304278472e-01
2.150000000000000000e+01 4.795606140147931629e-01
2.160000000000000142e+01 7.878992052481881281e-01
2.170000000000000284e+01 6.341514992540824291e-01
2.180000000000000071e+01 8.161774434991099225e-01
2.190000000000000213e+01 9.994329500990991599e-01
2.200000000000000000e+01 1.415427119525572319e+00
2.210000000000000142e+01 1.944423796489409551e+00
2.220000000000000284e+01 1.431136110859292598e+00
2.230000000000000071e+01 9.123854843133664128e-01
2.240000000000000213e+01 8.368030440919490553e-01
2.250000000000000000e+01 1.058010818816976339e+00
2.260000000000000142e+01 1.324629858953569883e+00
2.270000000000000284e+01 1.079847716367251076e+00
2.280000000000000071e+01 1.197886185484211996e+00
2.290000000000000213e+01 1.533875646256308345e+00
2.300000000000000000e+01 1.722996239701519050e+00
2.310000000000000142e+01 1.331947975032979681e+00
2.320000000000000284e+01 1.165938490750100698e+00
2.330000000000000071e+01 9.089565279208269288e-01
2.340000000000000213e+01 1.389928188847229906e+00
2.350000000000000000e+01 9.979669476179827692e-01
2.360000000000000142e+01 1.036695006896617643e+00
2.370000000000000284e+01 1.045739431331986102e+00
2.380000000000000071e+01 1.105580493559311872e+00
2.390000000000000213e+01 6.912979488368280467e-01
2.400000000000000000e+01 8.117509924853283376e-01
2.410000000000000142e+01 9.256831278743500313e-01
2.420000000000000284e+01 1.214624940861888769e+00
2.430000000000000071e+01 2.621926880386614034e+00
2.440000000000000213e+01 2.204385154334680852e+00
2.450000000000000000e+01 1.177320169654746396e+00
2.460000000000000142e+01 2.054620319230091141e+00
2.470000000000000284e+01 1.686796928766636006e+00
2.480000000000000071e+01 1.717656476797441822e+00
2.490000000000000213e+01 2.316948983673260631e+00
2.500000000000000000e+01 1.370070373641171235e+00
2.510000000000000142e+01 1.332826128517996089e+00
2.520000000000000284e+01 9.089576978244864325e-01
2.530000000000000071e+01 1.549682004480118946e+00
2.540000000000000213e+01 1.180728004697779054e+00
2.550000000000000000e+01 1.440911908557181320e+00
2.560000000000000142e+01 1.908513727819737937e+00
2.570000000000000284e+01 1.429883128679394488e+00
2.580000000000000071e+01 2.082738368482893510e+00
2.590000000000000213e+01 9.106942143309985083e-01
2.600000000000000000e+01 1.172780339793708215e+00
2.610000000000000142e+01 9.122135274490077439e-01
2.620000000000000284e+01 1.383135230813762107e+00
2.630000000000000071e+01 1.333968404583675937e+00
2.640000000000000213e+01 1.118490959622937986e+00
2.650000000000000000e+01 1.144704598146525587e+00
2.660000000000000142e+01 8.965221264334515272e-01
2.670000000000000284e+01 9.562111823708772107e-01
2.680000000000000071e+01 7.880494730232793232e-01
2.690000000000000213e+01 1.323993938831601547e+00
2.700000000000000000e+01 1.655605055288155603e+00
2.710000000000000142e+01 1.043538687924452146e+00
2.720000000000000284e+01 9.382961206375202146e-01
2.730000000000000071e+01 1.199632806322328493e+00
2.740000000000000213e+01 2.034267268451052768e+00
2.750000000000000000e+01 2.163635976765742708e+00
2.760000000000000142e+01 1.719308256204097773e+00
2.770000000000000284e+01 1.020157488841238136e+00
2.780000000000000071e+01 1.217410123169641478e+00
2.790000000000000213e+01 1.587167957750385217e+00
2.800000000000000000e+01 1.586992252530609937e+00
2.810000000000000142e+01 1.802448644495750818e+00
2.820000000000000284e+01 1.782772263607349528e+00
2.830000000000000071e+01 1.789068005256128302e+00
2.840000000000000213e+01 1.208408453606988342e+00
2.850000000000000000e+01 1.416852267359089534e+00
2.860000000000000142e+01 1.158261082547220377e+00
2.870000000000000284e+01 1.112408064677384845e+00
2.880000000000000071e+01 1.183386618039653504e+00
2.890000000000000213e+01 1.298770191871524204e+00
2.900000000000000000e+01 1.173489826374445544e+00
2.910000000000000142e+01 1.128283042788362778e+00
2.920000000000000284e+01 1.295053333134932982e+00
2.930000000000000071e+01 1.865826722795311809e+00
2.940000000000000213e+01 1.916701114356103020e+00
2.950000000000000000e+01 9.945111822535528390e-01
2.960000000000000142e+01 1.308761781173199523e+00
2.970000000000000284e+01 1.048649694410763500e+00
2.980000000000000071e+01 1.111949063015715167e+00
2.990000000000000213e+01 5.710335160516462061e-01
3.000000000000000000e+01 5.929065948760419147e-01
3.010000000000000142e+01 1.096645102827513263e+00
3.020000000000000284e+01 1.138083967936400320e+00
3.030000000000000071e+01 1.127678401671020181e+00
3.040000000000000213e+01 1.310037920625501062e+00
3.050000000000000000e+01 1.878225014296444062e+00
3.060000000000000142e+01 1.881537698083092014e+00
3.070000000000000284e+01 2.364685844022514249e+00
3.080000000000000071e+01 1.550965876187914816e+00
3.090000000000000213e+01 1.732828773372922404e+00
3.100000000000000000e+01 2.458103039188276107e+00
3.110000000000000142e+01 2.261964459932661153e+00
3.120000000000000284e+01 2.091678686872333159e+00
3.130000000000000071e+01 2.682818753984492766e+00
3.140000000000000213e+01 1.931093980568121093e+00
3.150000000000000000e+01 2.271793939356461678e+00
3.160000000000000142e+01 2.450847930032634903e+00
3.170000000000000284e+01 2.654787978001615922e+00
3.180000000000000071e+01 2.230562864878359530e+00
3.190000000000000213e+01 1.146325604919890662e+00
3.200000000000000000e+01 1.624988859837121380e+00
3.210000000000000142e+01 1.924529097701399349e+00
3.220000000000000284e+01 1.655310818283454610e+00
3.230000000000000426e+01 1.512803338967939615e+00
3.239999999999999858e+01 2.205457303386332057e+00
3.250000000000000000e+01 2.188038923727774865e+00
3.260000000000000142e+01 2.221052828334440843e+00
3.270000000000000284e+01 1.558984536696463197e+00
3.280000000000000426e+01 2.113430108849530864e+00
3.289999999999999858e+01 1.276663750889791338e+00
3.300000000000000000e+01 1.626396965192438815e+00
3.310000000000000142e+01 1.214832649516039531e+00
3.320000000000000284e+01 1.266701986795264467e+00
3.330000000000000426e+01 1.465695998570397895e+00
3.339999999999999858e+01 1.761313380085528069e+00
3.350000000000000000e+01 2.083885571562157590e+00
3.360000000000000142e+01 1.527448925196914553e+00
3.370000000000000284e+01 1.110589555980720178e+00
3.380000000000000426e+01 1.251040998334951970e+00
3.389999999999999858e+01 1.206523130829904700e+00
3.400000000000000000e+01 1.849401299631279638e+00
3.410000000000000142e+01 2.927505739527011208e+00
3.420000000000000284e+01 2.586013953919541475e+00
3.430000000000000426e+01 2.774810170805636744e+00
3.439999999999999858e+01 2.813554188625482677e+00
3.450000000000000000e+01 3.087556991985996202e+00
3.460000000000000142e+01 2.511689897844674224e+00
3.470000000000000284e+01 2.693928196765690064e+00
3.480000000000000426e+01 2.128610808256360620e+00
3.489999999999999858e+01 2.692614467385687327e+00
3.500000000000000000e+01 2.831354767707018105e+00
3.510000000000000142e+01 2.429856333608380936e+00
3.520000000000000284e+01 1.870270186499032983e+00
3.530000000000000426e+01 2.162366289710387690e+00
3.539999999999999858e+01 1.791792825645970089e+00
3.550000000000000000e+01 2.153892097620240698e+00
3.560000000000000142e+01 1.557882721778986790e+00
3.570000000000000284e+01 1.449658929394197715e+00
3.580000000000000426e+01 1.239769589164857688e+00
3.589999999999999858e+01 1.406166192754759736e+00
3.600000000000000000e+01 2.348288953871142670e+00
3.610000000000000142e+01 1.770292934774847504e+00
3.620000000000000284e+01 1.812688798071145913e+00
3.630000000000000426e+01 1.584884608620002355e+00
3.639999999999999858e+01 1.741270173681346956e+00
3.650000000000000000e+01 2.526950450819097860e+00
3.660000000000000142e+01 1.396909770971922482e+00
3.670000000000000284e+01 1.302702819351479357e+00
3.680000000000000426e+01 1.546489886966567751e+00
3.689999999999999858e+01 1.276169447884005770e+00
3.700000000000000000e+01 1.054058652468189861e+00
3.710000000000000142e+01 1.043432878004297182e+00
3.720000000000000284e+01 1.273784709404727877e+00
3.730000000000000426e+01 1.034960213315716970e+00
3.739999999999999858e+01 9.624082862311459374e-01
3.750000000000000000e+01 1.101936165322228600e+00
3.760000000000000142e+01 1.297553578510618699e+00
3.770000000000000284e+01 1.155094219905799191e+00
3.780000000000000426e+01 1.085561248080298524e+00
3.789999999999999858e+01 7.254795649841793148e-01
3.800000000000000000e+01 7.236722102433263970e-01
3.810000000000000142e+01 6.575616261665554463e-01
3.820000000000000284e+01 1.191744047007614382e+00
3.830000000000000426e+01 1.154902053385138183e+00
3.840000000000000568e+01 5.557880009331866988e-01
3.850000000000000000e+01 7.893605421655897070e-01
3.860000000000000142e+01 5.420804919396436938e-01
3.870000000000000284e+01 6.557044323960913301e-01
3.880000000000000426e+01 6.299717886195747019e-01
3.890000000000000568e+01 9.837945646107275621e-01
3.900000000000000000e+01 6.279182033910851723e-01
3.910000000000000142e+01 6.109010423578297155e-01
3.920000000000000284e+01 2.897752256095336709e-01
3.930000000000000426e+01 3.189927900802944638e-01
3.940000000000000568e+01 2.738127084390442612e-01
3.950000000000000000e+01 3.423430244946552015e-01
3.960000000000000142e+01 4.280210470188620664e-01
3.970000000000000284e+01 3.727958287193371412e-01
3.980000000000000426e+01 6.134925076091940488e-01
3.990000000000000568e+01 5.144467796052187847e-01
4.000000000000000000e+01 6.225201266335597117e-01
4.010000000000000142e+01 6.772429642571550223e-01
4.020000000000000284e+01 7.745730806284142345e-01
4.030000000000000426e+01 2.017833859691133380e+00
4.040000000000000568e+01 1.097079203456696517e+00
4.050000000000000000e+01 9.742485469839564649e-01
4.060000000000000142e+01 9.285668999053335870e-01
4.070000000000000284e+01 8.287914036484630431e-01
4.080000000000000426e+01 1.708633577496952771e+00
4.090000000000000568e+01 1.232631907856482245e+00
4.100000000000000000e+01 1.234737774127838694e+00
4.110000000000000142e+01 1.077195530700131965e+00
4.120000000000000284e+01 8.462427264575509422e-01
4.130000000000000426e+01 1.379302957033664345e+00
4.140000000000000568e+01 1.162749432323422427e+00
4.150000000000000000e+01 1.324430100657824960e+00
4.160000000000000142e+01 9.576261888235551023e-01
4.170000000000000284e+01 1.483515194539469784e+00
4.180000000000000426e+01 1.616950042382854003e+00
4.190000000000000568e+01 1.724938083407344447e+00
4.200000000000000000e+01 1.829063577991056233e+00
4.210000000000000142e+01 2.640930986647766598e+00
4.220000000000000284e+01 2.366253207235050393e+00
4.230000000000000426e+01 1.769162420414694070e+00
4.240000000000000568e+01 1.312301563698892393e+00
4.250000000000000000e+01 1.034794533016296647e+00
4.260000000000000142e+01 1.327072448983027453e+00
4.270000000000000284e+01 1.087398155579555548e+00
4.280000000000000426e+01 6.938406339153997404e-01
4.290000000000000568e+01 1.175574010732520769e+00
4.300000000000000000e+01 1.166341333243219980e+00
4.310000000000000142e+01 1.666422917708803242e+00
4.320000000000000284e+01 1.263294419029055593e+00
4.330000000000000426e+01 7.877039838929852378e-01
4.340000000000000568e+01 1.098264526626627546e+00
4.350000000000000000e+01 1.085305793458819945e+00
4.360000000000000142e+01 7.192613759405069862e-01
4.370000000000000284e+01 1.167856974420132365e+00
4.380000000000000426e+01 1.026499997189485702e+00
4.390000000000000568e+01 1.116850519677390352e+00
4.400000000000000000e+01 1.825063671052177483e+00
4.410000000000000142e+01 2.413887293523663935e+00
4.420000000000000284e+01 3.333465067399250081e+00
4.430000000000000426e+01 3.152332461375215278e+00
4.440000000000000568e+01 2.224426934182728743e+00
4.450000000000000000e+01 2.229160826444725352e+00
4.460000000000000142e+01 1.397945756617175794e+00
4.470000000000000284e+01 1.531075465102528455e+00
4.480000000000000426e+01 1.441561604477811009e+00
4.490000000000000568e+01 1.881042522951168694e+00
4.500000000000000000e+01 2.442533726489068524e+00
4.510000000000000142e+01 1.521700753222669400e+00
4.520000000000000284e+01 1.134560669366629693e+00
4.530000000000000426e+01 1.215007002379736134e+00
4.540000000000000568e+01 1.710551623762185391e+00
4.550000000000000000e+01 8.132846348344755505e-01
4.560000000000000142e+01 9.639466670060248266e-01
4.570000000000000284e+01 8.482969102664141836e-01
4.580000000000000426e+01 5.339798824362192997e-01
4.590000000000000568e+01 5.815082739572936532e-01
4.600000000000000000e+01 6.475446744885980932e-01
4.610000000000000142e+01 1.042945287856227310e+00
4.620000000000000284e+01 1.237973350633717606e+00
4.630000000000000426e+01 6.131305891000570218e-01
4.640000000000000568e+01 9.186466316313532943e-01
4.650000000000000000e+01 8.332178834143181279e-01
4.660000000000000142e+01 7.859840026962295889e-01
4.670000000000000284e+01 7.588583051994916007e-01
4.680000000000000426e+01 1.137602088004703305e+00
4.690000000000000568e+01 5.439516270359460171e-01
4.700000000000000000e+01 1.200384497452946286e+00
4.710000000000000142e+01 1.252574431627509366e+00
4.720000000000000284e+01 1.237071293121468463e+00
4.730000000000000426e+01 8.595437801926393284e-01
4.740000000000000568e+01 1.255132069920037230e+00
4.750000000000000000e+01 1.583279731177305250e+00
4.760000000000000142e+01 1.851119942635675475e+00
4.770000000000000284e+01 1.076332278006410181e+00
4.780000000000000426e+01 1.685845257808339825e+00
4.790000000000000568e+01 1.241580423237774511e+00
4.800000000000000000e+01 1.186634574774677375e+00
4.810000000000000142e+01 1.118434208090806958e+00
4.820000000000000284e+01 9.616366039315347169e-01
4.830000000000000426e+01 8.749236174149482848e-01
4.840000000000000568e+01 1.352999473859664459e+00
4.850000000000000000e+01 1.287904957218110047e+00
4.860000000000000142e+01 1.138922316645021526e+00
4.870000000000000284e+01 1.947442053053191069e+00
4.880000000000000426e+01 1.495427905963758741e+00
4.890000000000000568e+01 1.197158443356925783e+00
4.900000000000000000e+01 1.597062318215333843e+00
4.910000000000000142e+01 1.948175512492194450e+00
4.920000000000000284e+01 9.850145820249360806e-01
4.930000000000000426e+01 1.571966148039359856e+00
4.940000000000000568e+01 1.767654010085579319e+00
4.950000000000000000e+01 1.705511569447093256e+00
4.960000000000000142e+01 1.697363131085073640e+00
4.970000000000000284e+01 1.550498315544007299e+00
4.980000000000000426e+01 1.651945049606822202e+00
4.990000000000000568e+01 1.274429385811600035e+00
5.000000000000000000e+01 1.069030799834495449e+00
5.010000000000000142e+01 6.888524149811038333e-01
5.020000000000000284e+01 4.097726889784962800e-01
5.030000000000000426e+01 3.053169048774138084e-01
5.040000000000000568e+01 8.098229230327486095e-01
5.050000000000000000e+01 8.343822939759881763e-01
5.060000000000000142e+01 9.839356921668048761e-01
5.070000000000000284e+01 1.035760182049396461e+00
5.080000000000000426e+01 1.301785481734169858e+00
5.090000000000000568e+01 7.280760555562926228e-01
5.100000000000000000e+01 1.116978289139620051e+00
5.110000000000000142e+01 1.059092726296094966e+00
5.120000000000000284e+01 9.416785140084696915e-01
5.130000000000000426e+01 9.189307178904035922e-01
5.140000000000000568e+01 5.955619356696936206e-01
5.150000000000000000e+01 5.927482518274423962e-01
5.160000000000000142e+01 5.413644998350775062e-01
5.170000000000000284e+01 5.765663799638707232e-01
5.180000000000000426e+01 2.938906328972131221e-01
5.190000000000000568e+01 3.156888898472801075e-01
5.200000000000000000e+01 3.861802046498524765e-01
5.210000000000000142e+01 2.310294970944545834e-01
5.220000000000000284e+01 2.439583987021328726e-01
5.230000000000000426e+01 4.807168939891717230e-01
5.240000000000000568e+01 3.047937307117895567e-01
5.250000000000000000e+01 4.305777718923352593e-01
5.260000000000000142e+01 3.680561432722309623e-01
5.270000000000000284e+01 2.308725561297295115e-01
5.280000000000000426e+01 3.967787635971835591e-01
5.290000000000000568e+01 4.113185603251975353e-01
5.300000000000000000e+01 9.715127486619768993e-01
5.310000000000000142e+01 8.239842715414462671e-01
5.320000000000000284e+01 4.646922957923529940e-01
5.330000000000000426e+01 3.937809918620104876e-01
5.340000000000000568e+01 6.356149556099897069e-01
5.350000000000000000e+01 3.798691577555500798e-01
5.360000000000000142e+01 4.694549017581018946e-01
5.370000000000000284e+01 1.038427100508712675e+00
5.380000000000000426e+01 7.103019004853564633e-01
5.390000000000000568e+01 4.874141404644692921e-01
5.400000000000000000e+01 2.981086454815848330e-01
5.410000000000000142e+01 3.149511047196907887e-01
5.420000000000000284e+01 4.483142493735092216e-01
5.430000000000000426e+01 5.639293299750013366e-01
5.440000000000000568e+01 4.589949998749435212e-01
5.450000000000000000e+01 4.752376889506532143e-01
5.460000000000000142e+01 6.673274473552951447e-01
5.470000000000000284e+01 5.529240283033902692e-01
5.480000000000000426e+01 5.117828626625480215e-01
5.490000000000000568e+01 4.486065783653652161e-01
5.500000000000000000e+01 5.352766655078742275e-01
5.510000000000000142e+01 4.533965844744574092e-01
5.520000000000000284e+01 8.275222136785640448e-01
5.530000000000000426e+01 5.404117180275668231e-01
5.540000000000000568e+01 6.428389606814509660e-01
5.550000000000000000e+01 6.513458604502128102e-01
5.560000000000000142e+01 5.019467707861127170e-01
5.570000000000000284e+01 6.827751583647161393e-01
5.580000000000000426e+01 1.392978567394000944e+00
5.590000000000000568e+01 9.393134484141439922e-01
5.600000000000000000e+01 1.009448519120115240e+00
5.610000000000000142e+01 8.212408786788093495e-01
5.620000000000000284e+01 9.548833569053778447e-01
5.630000000000000426e+01 7.478007405142420572e-01
5.640000000000000568e+01 6.132168922827528901e-01
5.650000000000000000e+01 7.127930602459052745e-01
5.660000000000000142e+01 7.169789704418567666e-01
5.670000000000000284e+01 6.169267499995558790e-01
5.680000000000000426e+01 7.753286135430480508e-01
5.690000000000000568e+01 8.255923733479834103e-01
5.700000000000000000e+01 7.841914366949022108e-01
5.710000000000000142e+01 7.771025575948274922e-01
5.720000000000000284e+01 6.190201938333033116e-01
5.730000000000000426e+01 5.446536474110087456e-01
5.740000000000000568e+01 9.451324597907566627e-01
5.750000000000000000e+01 1.385029732828376048e+00
5.760000000000000142e+01 1.246745187492657836e+00
5.770000000000000284e+01 9.606573056409393185e-01
5.780000000000000426e+01 1.533951513007191236e+00
5.790000000000000568e+01 6.108234373049034049e-01
5.800000000000000000e+01 6.884395857232442628e-01
5.810000000000000142e+01 1.320372751966582214e+00
5.820000000000000284e+01 1.424066345278925283e+00
5.830000000000000426e+01 1.116020738378836086e+00
5.840000000000000568e+01 7.309363464558749079e-01
5.850000000000000000e+01 1.010305649935921757e+00
5.860000000000000142e+01 7.318549844747687105e-01
5.870000000000000284e+01 6.282731439172642984e-01
5.880000000000000426e+01 5.847287181195020001e-01
5.890000000000000568e+01 8.836617299554225813e-01
5.900000000000000000e+01 7.990272817208121658e-01
5.910000000000000142e+01 9.095204070122783202e-01
5.920000000000000284e+01 1.018829962608370554e+00
5.930000000000000426e+01 8.547416707651670498e-01
5.940000000000000568e+01 5.632728039645006346e-01
5.950000000000000000e+01 4.547693222848299133e-01
5.960000000000000142e+01 2.378345561107891859e-01
5.970000000000000284e+01 4.236496399867206719e-01
5.980000000000000426e+01 3.540827733776487629e-01
5.990000000000000568e+01 3.345063756500583074e-01
6.000000000000000000e+01 4.811146362760931883e-01
6.010000000000000142e+01 5.866983345543135275e-01
6.020000000000000284e+01 5.167724520558585333e-01
6.030000000000000426e+01 7.623951006990765666e-01
6.040000000000000568e+01 5.665544205521612087e-01
6.050000000000000000e+01 9.986134837965604527e-01
6.060000000000000142e+01 1.502871314232281152e+00
6.070000000000000284e+01 7.354224275121170606e-01
6.080000000000000426e+01 7.166287933087657214e-01
6.090000000000000568e+01 6.172154297122152133e-01
6.100000000000000000e+01 1.110201161626815702e+00
6.110000000000000142e+01 1.215270698021198914e+00
6.120000000000000284e+01 8.342335483224122550e-01
6.130000000000000426e+01 7.108158732095191112e-01
6.140000000000000568e+01 1.139407287673857239e+00
6.150000000000000000e+01 1.044263066176882804e+00
6.160000000000000142e+01 1.729937856136321228e+00
6.170000000000000284e+01 1.325130768729037012e+00
6.180000000000000426e+01 1.225374124151135335e+00
6.190000000000000568e+01 1.760988573493810438e+00
6.200000000000000000e+01 1.947851864357669882e+00
6.210000000000000142e+01 7.450805732129974768e-01
6.220000000000000284e+01 8.261791869701528013e-01
6.230000000000000426e+01 1.088485477809462587e+00
6.240000000000000568e+01 8.559057112229747633e-01
6.250000000000000000e+01 1.538521609105246934e+00
6.260000000000000142e+01 1.022439503927549787e+00
6.270000000000000284e+01 7.039561050148304133e-01
6.280000000000000426e+01 6.041970207733990961e-01
6.290000000000000568e+01 6.946930882343800295e-01
6.300000000000000000e+01 6.119333313708426036e-01
6.310000000000000142e+01 6.706895681009455989e-01
6.320000000000000284e+01 8.991828939788897301e-01
6.330000000000000426e+01 7.470975364123293438e-01
6.340000000000000568e+01 9.332258575697663927e-01
6.350000000000000000e+01 5.679773642615050244e-01
6.360000000000000142e+01 6.963940901124190397e-01
6.370000000000000284e+01 4.964556078802901951e-01
6.380000000000000426e+01 6.109261220508949153e-01
6.390000000000000568e+01 1.293515341528355123e+00
6.400000000000000000e+01 1.508362819083724826e+00
6.410000000000000853e+01 8.951804149704082336e-01
6.420000000000000284e+01 8.759621371165297044e-01
6.429999999999999716e+01 7.562609465957526034e-01
6.440000000000000568e+01 7.336195954483439863e-01
6.450000000000000000e+01 7.674159245601893664e-01
6.460000000000000853e+01 1.139755078446710090e+00
6.470000000000000284e+01 5.765853979639190552e-01
6.479999999999999716e+01 4.984821698958316616e-01
6.490000000000000568e+01 4.849836916970716727e-01
6.500000000000000000e+01 5.024553805959257602e-01
6.510000000000000853e+01 3.087636170827556814e-01
6.520000000000000284e+01 5.445460102901390487e-01
6.529999999999999716e+01 4.412167504591604228e-01
6.540000000000000568e+01 5.493986470203950923e-01
6.550000000000000000e+01 5.421661648607478678e-01
6.560000000000000853e+01 5.578684220921554804e-01
6.570000000000000284e+01 3.882756311048889963e-01
6.579999999999999716e+01 3.510306250745161560e-01
6.590000000000000568e+01 3.529237302570620849e-01
6.600000000000000000e+01 3.800052003514706178e-01
6.610000000000000853e+01 3.436079016873137548e-01
6.620000000000000284e+01 5.727152514215370083e-01
6.629999999999999716e+01 3.898548932018670587e-01
6.640000000000000568e+01 2.839095986421400486e-01
6.650000000000000000e+01 5.226869939348878225e-01
6.660000000000000853e+01 3.152928225399668771e-01
6.670000000000000284e+01 4.625148286177837020e-01
6.679999999999999716e+01 1.006391238785448783e+00
6.690000000000000568e+01 6.621765570287645453e-01
6.700000000000000000e+01 3.796647656239212631e-01
6.710000000000000853e+01 5.817034896212427419e-01
6.720000000000000284e+01 3.305702130689915919e-01
6.729999999999999716e+01 3.254459787185309816e-01
6.740000000000000568e+01 6.660082897323054141e-01
6.750000000000000000e+01 6.249211843395483523e-01
6.760000000000000853e+01 5.939078728426085974e-01
6.770000000000000284e+01 8.053849875636573952e-01
6.779999999999999716e+01 1.038119862985351416e+00
6.790000000000000568e+01 5.082247859192264849e-01
6.800000000000000000e+01 4.380877813444282176e-01
6.810000000000000853e+01 2.765145746613872357e-01
6.820000000000000284e+01 6.629768408441144567e-01
6.829999999999999716e+01 4.712479105775722599e-01
6.840000000000000568e+01 3.845543371414987255e-01
6.850000000000000000e+01 5.388140258252496206e-01
6.860000000000000853e+01 5.588618680340001754e-01
6.870000000000000284e+01 5.270423288098985415e-01
6.879999999999999716e+01 5.712221790640235053e-01
6.890000000000000568e+01 4.784556825117059486e-01
6.900000000000000000e+01 4.784196684878997408e-01
6.910000000000000853e+01 1.003338436112377829e+00
6.920000000000000284e+01 1.360609941824668434e+00
6.929999999999999716e+01 9.661576422685378418e-01
6.940000000000000568e+01 1.246908806309494189e+00
6.950000000000000000e+01 1.224163814163585329e+00
6.960000000000000853e+01 1.214698617931341484e+00
6.970000000000000284e+01 1.221805511430756219e+00
6.979999999999999716e+01 1.342313036807633031e+00
6.990000000000000568e+01 1.520434544089542372e+00
7.000000000000000000e+01 8.167289549692581252e-01
7.010000000000000853e+01 7.067431868117385330e-01
7.020000000000000284e+01 5.791927246069389357e-01
7.029999999999999716e+01 7.517375526579784806e-01
7.040000000000000568e+01 6.172964032721662830e-01
7.050000000000000000e+01 6.574649545461564992e-01
7.060000000000000853e+01 6.661602114912332784e-01
7.070000000000000284e+01 1.044350760788436583e+00
7.079999999999999716e+01 1.065850601637116313e+00
7.090000000000000568e+01 8.560988348651059621e-01
7.100000000000000000e+01 9.344141746599419207e-01
7.110000000000000853e+01 5.954924439172716299e-01
7.120000000000000284e+01 9.649735370349094010e-01
7.129999999999999716e+01 8.742415096863660473e-01
7.140000000000000568e+01 2.061933766613306407e+00
7.150000000000000000e+01 1.285360814382066952e+00
7.160000000000000853e+01 2.282945554313233316e+00
7.170000000000000284e+01 1.121753942555405725e+00
7.179999999999999716e+01 8.786920220086497091e-01
7.190000000000000568e+01 8.632606415430972291e-01
7.200000000000000000e+01 9.423865014849953647e-01
7.210000000000000853e+01 8.072238168182260809e-01
7.220000000000000284e+01 6.584009182589057874e-01
7.229999999999999716e+01 6.012277685573691466e-01
7.240000000000000568e+01 4.851693719423585405e-01
7.250000000000000000e+01 4.284652016646292583e-01
7.260000000000000853e+01 5.646797360176224467e-01
7.270000000000000284e+01 7.547136675219440205e-01
7.279999999999999716e+01 3.435394817219316055e-01
7.290000000000000568e+01 7.964759720416340061e-01
7.300000000000000000e+01 5.012396385216931760e-01
7.310000000000000853e+01 5.954489501092943282e-01
7.320000000000000284e+01 6.432992183237962180e-01
7.329999999999999716e+01 5.153008196469073265e-01
7.340000000000000568e+01 5.917763078252177289e-01
7.350000000000000000e+01 6.554713581421807156e-01
7.360000000000000853e+01 7.356204703074835649e-01
7.370000000000000284e+01 5.639105289588890457e-01
7.379999999999999716e+01 6.785959922056458149e-01
7.390000000000000568e+01 1.220197475055461833e+00
7.400000000000000000e+01 2.597248816308270314e+00
7.410000000000000853e+01 1.274213255460365124e+00
7.420000000000000284e+01 2.488675343411651308e+00
7.429999999999999716e+01 1.716976122958781215e+00
7.440000000000000568e+01 1.413426920107907936e+00
7.450000000000000000e+01 1.076289350997189143e+00
7.460000000000000853e+01 1.199282723752867597e+00
7.470000000000000284e+01 1.438650312181990021e+00
7.479999999999999716e+01 7.902700977097480983e-01
7.490000000000000568e+01 1.086588899437133104e+00
7.500000000000000000e+01 6.127489962003711543e-01
7.510000000000000853e+01 3.673660533825823804e-01
7.520000000000000284e+01 6.477619643132094263e-01
7.529999999999999716e+01 6.125015379876792565e-01
7.540000000000000568e+01 9.928917203098819311e-01
7.550000000000000000e+01 1.083844841487781263e+00
7.560000000000000853e+01 1.838941955126156769e+00
7.570000000000000284e+01 9.964615037660381480e-01
7.579999999999999716e+01 7.223041286539888528e-01
7.590000000000000568e+01 8.381628179252590405e-01
7.600000000000000000e+01 7.625739599823705417e-01
7.610000000000000853e+01 5.224132925944191541e-01
7.620000000000000284e+01 9.821949486150578501e-01
7.629999999999999716e+01 7.819460516268992301e-01
7.640000000000000568e+01 7.372021218835372869e-01
7.650000000000000000e+01 1.108442893467565193e+00
7.660000000000000853e+01 4.222458658149919053e-01
7.670000000000000284e+01 6.320304643696839086e-01
7.680000000000001137e+01 6.684044552844247145e-01
7.690000000000000568e+01 6.460355004176174809e-01
7.700000000000000000e+01 6.041281282901851402e-01
7.710000000000000853e+01 9.148670014578897947e-01
7.720000000000000284e+01 1.092512844765741287e+00
7.730000000000001137e+01 8.838108988518929010e-01
7.740000000000000568e+01 1.203411706285466565e+00
7.750000000000000000e+01 1.481196471113785496e+00
7.760000000000000853e+01 1.444402946155325829e+00
7.770000000000000284e+01 1.216747885242056570e+00
7.780000000000001137e+01 1.771423999095560475e+00
7.790000000000000568e+01 2.031745156859195767e+00
7.800000000000000000e+01 1.596509026850702950e+00
7.810000000000000853e+01 2.101525254651219310e+00
7.820000000000000284e+01 7.531869042845871220e-01
7.830000000000001137e+01 1.133128571098338755e+00
7.840000000000000568e+01 1.150791497152831466e+00
7.850000000000000000e+01 7.078874971032704799e-01
7.860000000000000853e+01 6.445386658658606160e-01
7.870000000000000284e+01 5.615058753470010267e-01
7.880000000000001137e+01 1.132395923945928917e+00
7.890000000000000568e+01 1.169039363144832588e+00
7.900000000000000000e+01 5.876346723201943956e-01
7.910000000000000853e+01 7.405657602960243890e-01
7.920000000000000284e+01 7.214818660578734555e-01
7.930000000000001137e+01 5.829797803657903454e-01
7.940000000000000568e+01 8.446224142332411366e-01
7.950000000000000000e+01 9.279155467630761933e-01
7.960000000000000853e+01 5.683124018286720425e-01
7.970000000000000284e+01 7.046429522505935905e-01
7.980000000000001137e+01 7.659028718193835461e-01
7.990000000000000568e+01 1.049483392729938069e+00
8.000000000000000000e+01 7.520009491518515610e-01
8.010000000000000853e+01 5.403502170553150519e-01
8.020000000000000284e+01 6.201322256901254937e-01
8.030000000000001137e+01 4.997113711981780448e-01
8.040000000000000568e+01 5.169470439957259966e-01
8.050000000000000000e+01 5.955977061237945902e-01
8.060000000000000853e+01 6.699267889356917971e-01
8.070000000000000284e+01 1.918186646087190583e+00
8.080000000000001137e+01 6.452676589984710498e-01
8.090000000000000568e+01 7.063667126264600027e-01
8.100000000000000000e+01 9.111196693030032545e-01
8.110000000000000853e+01 1.402892798713021305e+00
8.120000000000000284e+01 6.009916160299342280e-01
8.130000000000001137e+01 7.371767399057709280e-01
8.140000000000000568e+01 7.076941128331254438e-01
8.150000000000000000e+01 3.776296676130695418e-01
8.160000000000000853e+01 9.263685222647584094e-01
8.170000000000000284e+01 6.305898529831422961e-01
8.180000000000001137e+01 8.290214877541050020e-01
8.190000000000000568e+01 8.506179081365616845e-01
8.200000000000000000e+01 7.061055112853323878e-01
8.210000000000000853e+01 5.863589913492347483e-01
8.220000000000000284e+01 9.037423811988878342e-01
8.230000000000001137e+01 8.680277392887831844e-01
8.240000000000000568e+01 1.045129527893179144e+00
8.250000000000000000e+01 1.010782199822235272e+00
8.260000000000000853e+01 1.038883972804286016e+00
8.270000000000000284e+01 1.331772582708265817e+00
8.280000000000001137e+01 1.563253499351511921e+00
8.290000000000000568e+01 7.705332991379363339e-01
8.300000000000000000e+01 6.632261611224473663e-01
8.310000000000000853e+01 8.337088121763500670e-01
8.320000000000000284e+01 6.768087909774543887e-01
8.330000000000001137e+01 9.203554356181203877e-01
8.340000000000000568e+01 6.852622379173185507e-01
8.350000000000000000e+01 5.494312369647323946e-01
8.360000000000000853e+01 4.718937910261939428e-01
8.370000000000000284e+01 3.728058707938737282e-01
8.380000000000001137e+01 6.531409926832525414e-01
8.390000000000000568e+01 6.366302053008571216e-01
8.400000000000000000e+01 6.759824194103322137e-01
8.410000000000000853e+01 5.477950070674814098e-01
8.420000000000000284e+01 6.362981419176640951e-01
8.430000000000001137e+01 7.672943142762189694e-01
8.440000000000000568e+01 1.409671275940868274e+00
8.450000000000000000e+01 5.234583497580170830e-01
8.460000000000000853e+01 9.127520084614160201e-01
8.470000000000000284e+01 1.088342786970866616e+00
8.480000000000001137e+01 7.938294852127302237e-01
8.490000000000000568e+01 9.024832170816033949e-01
8.500000000000000000e+01 1.336688349609713278e+00
8.510000000000000853e+01 9.502441739063531845e-01
8.520000000000000284e+01 1.228222935935577853e+00
8.530000000000001137e+01 1.109821510912869957e+00
8.540000000000000568e+01 1.069863242853786645e+00
8.550000000000000000e+01 7.374717775765236016e-01
8.560000000000000853e+01 9.105684255038093422e-01
8.570000000000000284e+01 1.041918674943181911e+00
8.580000000000001137e+01 1.057834988487935446e+00
8.590000000000000568e+01 7.900301795711457409e-01
8.600000000000000000e+01 7.826902547176330938e-01
8.610000000000000853e+01 1.544179808399290588e+00
8.620000000000000284e+01 6.539887213721238268e-01
8.630000000000001137e+01 7.358829960469001064e-01
8.640000000000000568e+01 7.519898943487467458e-01
8.650000000000000000e+01 6.894594370027390395e-01
8.660000000000000853e+01 9.784335590250213821e-01
8.670000000000000284e+01 1.069111511322497154e+00
8.680000000000001137e+01 6.750474450845866947e-01
8.690000000000000568e+01 1.403260869393980537e+00
8.700000000000000000e+01 1.035500030898071744e+00
8.710000000000000853e+01 1.027093962614725076e+00
8.720000000000000284e+01 1.171652911994899293e+00
8.730000000000001137e+01 1.081516726108495696e+00
8.740000000000000568e+01 9.383645827279964990e-01
8.750000000000000000e+01 1.308915024210591360e+00
8.760000000000000853e+01 1.315713354779658006e+00
8.770000000000000284e+01 1.299533748936474886e+00
8.780000000000001137e+01 1.496578855786868001e+00
8.790000000000000568e+01 1.877953196254225521e+00
8.800000000000000000e+01 1.754526320896543812e+00
8.810000000000000853e+01 1.108137437240200418e+00
8.820000000000000284e+01 1.464270161050388541e+00
8.830000000000001137e+01 2.031446422694074272e+00
8.840000000000000568e+01 1.303844195527974703e+00
8.850000000000000000e+01 8.454181685957128378e-01
8.860000000000000853e+01 1.095213140670394214e+00
8.870000000000000284e+01 1.324057019857733053e+00
8.880000000000001137e+01 1.287428580502330666e+00
8.890000000000000568e+01 1.079909614894675407e+00
8.900000000000000000e+01 8.333427722198977206e-01
8.910000000000000853e+01 6.160352861330479213e-01
8.920000000000000284e+01 5.400801431283714926e-01
8.930000000000001137e+01 1.151710818151484794e+00
8.940000000000000568e+01 9.987361992953316392e-01
8.950000000000000000e+01 9.721571255112516630e-01
8.960000000000000853e+01 1.286310113149659928e+00
8.970000000000000284e+01 8.155581683478322352e-01
8.980000000000001137e+01 1.285840217457204337e+00
8.990000000000000568e+01 1.128806704157628182e+00
9.000000000000000000e+01 9.942158787595907210e-01
9.010000000000000853e+01 1.352434924186740606e+00
9.020000000000000284e+01 8.946611439940377331e-01
9.030000000000001137e+01 9.153245404499518179e-01
9.040000000000000568e+01 1.296215581307537335e+00
9.050000000000000000e+01 9.893206796982075835e-01
9.060000000000000853e+01 6.212707895656016666e-01
9.070000000000000284e+01 7.822720410954463466e-01
9.080000000000001137e+01 7.783199860763663214e-01
9.090000000000000568e+01 1.314120360121886266e+00
9.100000000000000000e+01 2.679530942074945354e+00
9.110000000000000853e+01 1.278750394061033635e+00
9.120000000000000284e+01 1.101667129434610759e+00
9.130000000000001137e+01 1.223280442026106751e+00
9.140000000000000568e+01 9.889411761178464877e-01
9.150000000000000000e+01 1.034948309874679007e+00
9.160000000000000853e+01 1.845784382009753255e+00
9.170000000000000284e+01 1.070536526737319472e+00
9.180000000000001137e+01 1.002451759076115945e+00
9.190000000000000568e+01 9.117957078615553934e-01
9.200000000000000000e+01 1.200916056680876531e+00
9.210000000000000853e+01 1.329433602174080464e+00
9.220000000000000284e+01 1.487710643739618588e+00
9.230000000000001137e+01 2.921714756360925591e+00
9.240000000000000568e+01 1.649529520909811753e+00
9.250000000000000000e+01 1.628438636064618583e+00
9.260000000000000853e+01 2.466691282467411206e+00
9.270000000000000284e+01 1.370078471891302607e+00
9.280000000000001137e+01 1.674774691394229409e+00
9.290000000000000568e+01 1.103005096333530943e+00
9.300000000000000000e+01 1.040209368802998524e+00
9.310000000000000853e+01 1.105844419344863327e+00
9.320000000000000284e+01 1.181564157508208313e+00
9.330000000000001137e+01 1.472521092091600536e+00
9.340000000000000568e+01 1.612527345484713326e+00
9.350000000000000000e+01 1.000035534240360180e+00
9.360000000000000853e+01 7.845142880368622951e-01
9.370000000000000284e+01 7.133234442800568953e-01
9.380000000000001137e+01 5.642223737582794385e-01
9.390000000000000568e+01 9.275153756752022582e-01
9.400000000000000000e+01 9.570734809892365025e-01
9.410000000000000853e+01 6.213718181686267439e-01
9.420000000000000284e+01 7.161161802470435989e-01
9.430000000000001137e+01 1.105086170589836936e+00
9.440000000000000568e+01 1.245932308182002402e+00
9.450000000000000000e+01 6.804490832865147665e-01
9.460000000000000853e+01 7.360248193655629656e-01
9.470000000000000284e+01 1.182954967973095295e+00
9.480000000000001137e+01 5.239858910628887312e-01
9.490000000000000568e+01 4.465691096219071565e-01
9.500000000000000000e+01 5.385246119290024724e-01
9.510000000000000853e+01 5.394281634841900930e-01
9.520000000000000284e+01 4.093755687537635746e-01
9.530000000000001137e+01 4.507251967899690848e-01
9.540000000000000568e+01 9.944951207932340997e-01
9.550000000000000000e+01 8.010360078463164557e-01
9.560000000000000853e+01 9.069055599812825275e-01
9.570000000000000284e+01 1.906542199339121613e+00
9.580000000000001137e+01 1.043023639150689075e+00
9.590000000000000568e+01 1.215631811597118528e+00
9.600000000000000000e+01 1.549842703530308619e+00
9.610000000000000853e+01 1.532624960734194852e+00
9.620000000000000284e+01 1.297647990264065632e+00
9.630000000000001137e+01 1.285811558618697115e+00
9.640000000000000568e+01 1.304633494574582553e+00
9.650000000000000000e+01 1.330276437516440646e+00
9.660000000000000853e+01 1.541648109198015648e+00
9.670000000000000284e+01 1.013842330071249354e+00
9.680000000000001137e+01 1.480680582874049245e+00
9.690000000000000568e+01 1.026564511222664899e+00
9.700000000000000000e+01 5.329180095159715691e-01
9.710000000000000853e+01 5.713355193342911642e-01
9.720000000000000284e+01 3.764538566914611972e-01
9.730000000000001137e+01 2.814797838342628089e-01
9.740000000000000568e+01 3.276067526773557281e-01
9.750000000000000000e+01 4.410076517849465527e-01
9.760000000000000853e+01 7.093743615604755082e-01
9.770000000000000284e+01 7.153919165656791312e-01
9.780000000000001137e+01 4.628415329059716865e-01
9.790000000000000568e+01 1.053264363338044518e+00
9.800000000000000000e+01 1.173953993782694605e+00
9.810000000000000853e+01 7.829634276760261136e-01
9.820000000000000284e+01 8.521751403029573790e-01
9.830000000000001137e+01 1.252081471501570675e+00
9.840000000000000568e+01 7.216308410480114510e-01
9.850000000000000000e+01 7.670158130181669032e-01
9.860000000000000853e+01 9.704527200276431564e-01
9.870000000000000284e+01 6.861524363831335016e-01
9.880000000000001137e+01 7.728545271101160408e-01
9.890000000000000568e+01 1.187149982955572725e+00
9.900000000000000000e+01 1.422603240340125863e+00
9.910000000000000853e+01 1.090911101388639670e+00
9.920000000000000284e+01 1.339910423768159609e+00
9.930000000000001137e+01 8.117006326423105156e-01
9.940000000000000568e+01 1.213972781029690085e+00
9.950000000000000000e+01 1.006825086230696442e+00
9.960000000000000853e+01 1.942995715123560396e+00
9.970000000000000284e+01 1.870260523782406592e+00
9.980000000000001137e+01 1.472737306885784303e+00
9.990000000000000568e+01 1.080450453190887616e+00
