0.000000000000000000e+00 1.495138954019527233e+01
1.000000000000000056e-01 1.133057474386043850e+01
2.000000000000000111e-01 2.172442514988666140e+00
3.000000000000000444e-01 1.725783506559743330e+01
4.000000000000000222e-01 7.464405211997507728e+00
5.000000000000000000e-01 2.358113045398602381e+01
6.000000000000000888e-01 5.731824435682385532e-01
7.000000000000000666e-01 1.375566762113574981e+00
8.000000000000000444e-01 1.695052568461057874e+01
9.000000000000000222e-01 5.006268319956825863e+00
1.000000000000000000e+00 3.123490862036412707e+01
1.100000000000000089e+00 8.693663892596742926e+01
1.200000000000000178e+00 1.361722279498775201e+01
1.300000000000000044e+00 8.314449237463184872e+00
1.400000000000000133e+00 4.935650944194330236e+01
1.500000000000000000e+00 2.183462178043764634e+00
1.600000000000000089e+00 5.187544249481738312e+00
1.700000000000000178e+00 6.493579187569832101e+00
1.800000000000000044e+00 1.750057060345002302e+00
1.900000000000000133e+00 7.117162899523400199e+00
2.000000000000000000e+00 1.781486225457312500e+01
2.100000000000000089e+00 3.891958776657305830e+00
2.200000000000000178e+00 2.018288389186921883e+00
2.300000000000000266e+00 5.641138896934026370e+00
2.400000000000000355e+00 1.396211109160869990e+00
2.500000000000000000e+00 5.977267738755262627e+00
2.600000000000000089e+00 2.571624693902743175e+00
2.700000000000000178e+00 3.919004120641193634e+00
2.800000000000000266e+00 7.312278123416912079e-01
2.900000000000000355e+00 2.458997937117150201e+00
3.000000000000000000e+00 5.244718360914466082e+00
3.100000000000000089e+00 1.659289898405432284e+00
3.200000000000000178e+00 6.887738677289268807e+00
3.300000000000000266e+00 4.068459383384123385e+00
3.400000000000000355e+00 6.335253336841197846e-01
3.500000000000000000e+00 9.930866166183353050e-01
3.600000000000000089e+00 8.937840739337524765e-01
3.700000000000000178e+00 7.291979277654427882e-01
3.800000000000000266e+00 5.319144341770872586e+00
3.900000000000000355e+00 5.856674865538669117e+00
4.000000000000000000e+00 3.324907023035957643e+00
4.100000000000000533e+00 2.788123440093496219e-01
4.200000000000000178e+00 2.645953922209820064e+00
4.299999999999999822e+00 3.531901152263666743e-01
4.400000000000000355e+00 6.162773712980724738e+00
4.500000000000000000e+00 1.597845491934017481e+00
4.600000000000000533e+00 2.869945656193335637e+00
4.700000000000000178e+00 6.785359736213374404e+00
4.800000000000000711e+00 4.827554789740663210e+00
4.900000000000000355e+00 2.235374342250838975e+00
5.000000000000000000e+00 3.012232586691127256e+00
5.100000000000000533e+00 5.681167083141057894e+00
5.200000000000000178e+00 5.174534313892127813e+01
5.300000000000000711e+00 5.497728157637110868e+00
5.400000000000000355e+00 1.902455460685204969e+01
5.500000000000000000e+00 5.188379733510119607e+00
5.600000000000000533e+00 4.216377153181948501e+01
5.700000000000000178e+00 1.693490208149828291e+01
5.800000000000000711e+00 3.706276476034172873e+00
5.900000000000000355e+00 3.014209684000043410e+00
6.000000000000000000e+00 2.056302735431824402e+00
6.100000000000000533e+00 2.666877089493657316e+00
6.200000000000000178e+00 2.650727799233620896e+00
6.300000000000000711e+00 2.795027053605540601e+00
6.400000000000000355e+00 8.030200960216016259e-01
6.500000000000000000e+00 1.140069250431913206e+00
6.600000000000000533e+00 4.637476119661327334e-01
6.700000000000000178e+00 2.674142483989240926e+00
6.800000000000000711e+00 3.789298600336357126e+00
6.900000000000000355e+00 3.419234625186629462e+00
7.000000000000000000e+00 3.077251160791439677e+00
7.100000000000000533e+00 4.475053190961146399e+00
7.200000000000000178e+00 1.632629333865087018e+00
7.300000000000000711e+00 2.352799887646828125e+00
7.400000000000000355e+00 1.234442192034360231e+00
7.500000000000000000e+00 4.013125735898244173e+00
7.600000000000000533e+00 9.727769773216862204e-01
7.700000000000000178e+00 1.332508312269856665e+00
7.800000000000000711e+00 2.103004036713275937e+01
7.900000000000000355e+00 1.862050637737360459e+00
8.000000000000000000e+00 7.078379089882057551e-01
8.099999999999999645e+00 2.528353374617230642e+00
8.200000000000001066e+00 4.691805609757689344e-01
8.300000000000000711e+00 1.520347835415069238e+00
8.400000000000000355e+00 6.225382384961958948e+00
8.500000000000000000e+00 2.907746083834803930e+00
8.599999999999999645e+00 7.185549642950853411e+00
8.700000000000001066e+00 9.335703445568249492e+00
8.800000000000000711e+00 8.942071027743523359e+00
8.900000000000000355e+00 3.751688441738512569e+00
9.000000000000000000e+00 2.439175156288949875e+00
9.099999999999999645e+00 1.317595026424287141e+01
9.200000000000001066e+00 2.801061985917806396e+01
9.300000000000000711e+00 1.549360615636304672e+01
9.400000000000000355e+00 1.923347157207310865e+00
9.500000000000000000e+00 1.401677254644601023e+00
9.600000000000001421e+00 3.679463442212617341e+00
9.700000000000001066e+00 2.316546714315071309e+00
9.800000000000000711e+00 1.589241556111523401e+00
9.900000000000000355e+00 1.839997842557846153e-01
1.000000000000000000e+01 1.894663498266917490e-01
1.010000000000000142e+01 1.670968013527182938e+00
1.020000000000000107e+01 6.390090750298733635e-01
1.030000000000000071e+01 1.301139579858907158e+00
1.040000000000000036e+01 1.143012242285645019e+00
1.050000000000000000e+01 1.776184283776308215e+00
1.060000000000000142e+01 1.786292093571415274e+00
1.070000000000000107e+01 3.768152664856533995e+00
1.080000000000000071e+01 8.125285705508790812e+00
1.090000000000000036e+01 6.731410285305677199e+00
1.100000000000000000e+01 8.492942047227369784e+00
1.110000000000000142e+01 3.536842580793786439e+00
1.120000000000000107e+01 3.032600552895663992e-01
1.130000000000000071e+01 8.181679241512750389e-01
1.140000000000000036e+01 1.578797177835448429e-01
1.150000000000000000e+01 1.789664335216016866e-01
1.160000000000000142e+01 9.639909903022549909e-01
1.170000000000000107e+01 1.648089225679417735e+00
1.180000000000000071e+01 9.936969482262949516e-01
1.190000000000000036e+01 1.217482965141246209e+00
1.200000000000000000e+01 3.332145752369466862e+00
1.210000000000000142e+01 1.227917280167950320e+00
1.220000000000000107e+01 1.575771457595894987e+00
1.230000000000000071e+01 1.186507883169514610e+00
1.240000000000000036e+01 1.331461655037203595e+00
1.250000000000000000e+01 1.205695121666115144e+00
1.260000000000000142e+01 1.444259445564057831e+00
1.270000000000000107e+01 1.464169531040967698e+00
1.280000000000000071e+01 1.915907806483912568e+00
1.290000000000000036e+01 8.367139661255509342e-01
1.300000000000000000e+01 1.244120363382730687e+00
1.310000000000000142e+01 2.084646023882252397e+00
1.320000000000000107e+01 1.551068315903562922e-01
1.330000000000000071e+01 1.777547475423849610e-01
1.340000000000000036e+01 2.045896892061379035e-01
1.350000000000000000e+01 9.349039304741911527e-02
1.360000000000000142e+01 6.796913458017131981e-01
1.370000000000000107e+01 3.735534871717995364e-01
1.380000000000000071e+01 1.497473682171131248e-01
1.390000000000000036e+01 6.864447515508367292e-01
1.400000000000000000e+01 1.450349649206176483e+00
1.410000000000000142e+01 1.197443508857890082e+00
1.420000000000000107e+01 1.514698934441433442e+00
1.430000000000000071e+01 2.177373248804996553e-01
1.440000000000000036e+01 9.459154063892809550e-01
1.450000000000000000e+01 5.910920796730675247e-02
1.460000000000000142e+01 1.140452538579132258e-01
1.470000000000000107e+01 2.716170693388869073e-01
1.480000000000000071e+01 2.661668928163683501e-01
1.490000000000000036e+01 7.909884996972767202e-03
1.500000000000000000e+01 6.581686070051348406e-04
1.510000000000000142e+01 3.115806091075129253e-03
1.520000000000000107e+01 3.186312174746069870e-02
1.530000000000000071e+01 4.789781608211956393e-03
1.540000000000000036e+01 2.354359921876279186e-03
1.550000000000000000e+01 3.098957926996502403e-03
1.560000000000000142e+01 2.806277405887166575e-03
1.570000000000000107e+01 1.364690626029401409e-02
1.580000000000000071e+01 2.653103884958150135e-03
1.590000000000000036e+01 1.424696999484873772e-01
1.600000000000000000e+01 5.581764695186258729e-02
1.610000000000000142e+01 2.751000201227506853e-02
1.619999999999999929e+01 8.641295772482912065e-04
1.630000000000000071e+01 8.936511292693020969e-02
1.640000000000000213e+01 6.028694064468100855e-01
1.650000000000000000e+01 1.586099827552546193e+00
1.660000000000000142e+01 3.015796993298414802e-02
1.669999999999999929e+01 8.963316514919010547e-02
1.680000000000000071e+01 9.005647584743155243e-03
1.690000000000000213e+01 8.824714653186295846e-03
1.700000000000000000e+01 1.311877995694690768e-01
1.710000000000000142e+01 3.930163866200074574e-02
1.719999999999999929e+01 5.791686726373628247e-01
1.730000000000000071e+01 3.152362331586294197e-01
1.740000000000000213e+01 9.629773709145175720e-02
1.750000000000000000e+01 3.236169634233745929e-01
1.760000000000000142e+01 6.835528849398957163e-02
1.769999999999999929e+01 8.664927197823653338e-02
1.780000000000000071e+01 1.037458030273141346e-01
1.790000000000000213e+01 6.903446965216303299e-01
1.800000000000000000e+01 1.689537848632890027e+00
1.810000000000000142e+01 1.210138927901990513e+00
1.819999999999999929e+01 3.029710493083883627e-01
1.830000000000000071e+01 7.938740745196275483e-01
1.840000000000000213e+01 6.189739670580606479e+00
1.850000000000000000e+01 1.000177683829071462e+00
1.860000000000000142e+01 2.523894278128225199e+00
1.869999999999999929e+01 3.661490349703145597e+01
1.880000000000000071e+01 4.165906262415096428e+00
1.890000000000000213e+01 5.441167236622948877e+00
1.900000000000000000e+01 4.069428674260503698e+00
1.910000000000000142e+01 3.695400921646113002e+00
1.920000000000000284e+01 2.125351083543706388e+00
1.930000000000000071e+01 1.273144953657693312e+00
1.940000000000000213e+01 7.415038803613578366e-01
1.950000000000000000e+01 1.527964260377224992e+00
1.960000000000000142e+01 1.250597109581042421e+00
1.970000000000000284e+01 1.187458042520318280e+00
1.980000000000000071e+01 1.545065183824795962e+00
1.990000000000000213e+01 3.608067959846694706e-01
2.000000000000000000e+01 1.495669283701380747e+00
2.010000000000000142e+01 9.272851373630239813e-01
2.020000000000000284e+01 6.822113604361890182e-01
2.030000000000000071e+01 2.937308974759167968e-01
2.040000000000000213e+01 3.077644192278364277e-01
2.050000000000000000e+01 2.218622355478994557e+00
2.060000000000000142e+01 1.483845070457618931e-01
2.070000000000000284e+01 5.986812706540421969e-01
2.080000000000000071e+01 1.731256131860260838e+00
2.090000000000000213e+01 4.593350876856586718e-01
2.100000000000000000e+01 2.327483021242088834e-01
2.110000000000000142e+01 9.215567700454607714e-01
2.120000000000000284e+01 3.163933583251181236e+00
2.130000000000000071e+01 9.999729201053684235e+00
2.140000000000000213e+01 1.651778610066052755e+00
2.150000000000000000e+01 3.002425487781748448e+00
2.160000000000000142e+01 5.473903906320133572e+00
2.170000000000000284e+01 4.115979138806486581e+00
2.180000000000000071e+01 2.749145266487295736e+00
2.190000000000000213e+01 1.103948697521699440e+00
2.200000000000000000e+01 1.242315595632440095e+00
2.210000000000000142e+01 6.204625379772044091e-01
2.220000000000000284e+01 3.083313693935644473e+00
2.230000000000000071e+01 2.647853204727704579e+00
2.240000000000000213e+01 7.275419468266403067e-01
2.250000000000000000e+01 1.406071644421662770e+00
2.260000000000000142e+01 1.686585596192348380e+00
2.270000000000000284e+01 2.833946788989796239e-01
2.280000000000000071e+01 6.623031862306405504e-02
2.290000000000000213e+01 3.947467731345303404e-03
2.300000000000000000e+01 4.785014747425968100e-03
2.310000000000000142e+01 7.924058986842799635e-03
2.320000000000000284e+01 5.106897208363462282e-01
2.330000000000000071e+01 1.280068365730364921e-02
2.340000000000000213e+01 1.846853681525803259e-01
2.350000000000000000e+01 9.530731522762175834e-02
2.360000000000000142e+01 2.009675414493948542e-01
2.370000000000000284e+01 6.931875339963133875e-02
2.380000000000000071e+01 7.492636504224127469e-02
2.390000000000000213e+01 5.670141739292450245e-02
2.400000000000000000e+01 1.860198051311520023e-02
2.410000000000000142e+01 1.984766760030388655e-01
2.420000000000000284e+01 1.776001762049283367e-02
2.430000000000000071e+01 8.957439263265129514e-02
2.440000000000000213e+01 1.758535439880349327e-01
2.450000000000000000e+01 6.286751223996633886e-02
2.460000000000000142e+01 7.007079795057451210e-02
2.470000000000000284e+01 4.529265530739663703e-02
2.480000000000000071e+01 1.008532877817232970e-01
2.490000000000000213e+01 2.280181355717119870e-02
2.500000000000000000e+01 6.316587856930220291e-01
2.510000000000000142e+01 1.283241049203120432e-01
2.520000000000000284e+01 1.280830879172014658e-01
2.530000000000000071e+01 4.298352076584632114e-02
2.540000000000000213e+01 9.789093554465568003e-02
2.550000000000000000e+01 3.388579275125888080e-01
2.560000000000000142e+01 1.472394816889713409e+00
2.570000000000000284e+01 9.477317626691847963e-01
2.580000000000000071e+01 9.140889967939481719e-01
2.590000000000000213e+01 4.040529241096867397e-01
2.600000000000000000e+01 8.945610974762649437e-02
2.610000000000000142e+01 7.317309234605702539e-02
2.620000000000000284e+01 6.660523203803259129e-02
2.630000000000000071e+01 4.536458294291915300e-02
2.640000000000000213e+01 5.702312547547950389e-02
2.650000000000000000e+01 6.754144611229940046e-03
2.660000000000000142e+01 1.616553701050882884e-03
2.670000000000000284e+01 7.257513785864194711e-02
2.680000000000000071e+01 3.115990757256784094e-02
2.690000000000000213e+01 9.761473224002879812e-02
2.700000000000000000e+01 3.047012926875073413e-01
2.710000000000000142e+01 2.227502211578362701e-01
2.720000000000000284e+01 4.318748206316627147e-01
2.730000000000000071e+01 3.482974775633153608e-01
2.740000000000000213e+01 8.967196778954599212e-01
2.750000000000000000e+01 5.388032837018430499e-01
2.760000000000000142e+01 9.922143565121013808e-02
2.770000000000000284e+01 1.915083884013195903e-01
2.780000000000000071e+01 4.606559141969480270e-02
2.790000000000000213e+01 3.633324323691805580e-02
2.800000000000000000e+01 6.264160656166611885e-01
2.810000000000000142e+01 4.341346769936859501e-02
2.820000000000000284e+01 1.349387625679435432e-01
2.830000000000000071e+01 3.390620691435299733e-02
2.840000000000000213e+01 1.844592246225343216e-03
2.850000000000000000e+01 9.834269348812619063e-03
2.860000000000000142e+01 5.329973343750938307e-03
2.870000000000000284e+01 1.323411607054706673e-01
2.880000000000000071e+01 7.327087958034247950e-02
2.890000000000000213e+01 2.340029409237381550e-02
2.900000000000000000e+01 3.950007918551574904e-02
2.910000000000000142e+01 9.468337777738224798e-03
2.920000000000000284e+01 8.508526009237846188e-02
2.930000000000000071e+01 1.112358759125990498e-01
2.940000000000000213e+01 9.649602990520206314e-01
2.950000000000000000e+01 1.725400294981833602e-02
2.960000000000000142e+01 3.205260953853874550e-01
2.970000000000000284e+01 1.421187109182264208e-01
2.980000000000000071e+01 5.382226409471239925e-02
2.990000000000000213e+01 2.942438422024136746e-01
3.000000000000000000e+01 4.394318762051326738e-02
3.010000000000000142e+01 1.932867898109293797e-02
3.020000000000000284e+01 1.408935630053404289e-02
3.030000000000000071e+01 5.168057261695045701e-02
3.040000000000000213e+01 3.135425523939518785e-03
3.050000000000000000e+01 2.176998438205263453e-01
3.060000000000000142e+01 6.691062911628301718e-03
3.070000000000000284e+01 4.567389886174774011e-02
3.080000000000000071e+01 7.123560045633759996e-01
3.090000000000000213e+01 1.324614904126238057e+00
3.100000000000000000e+01 8.409856187791532600e-03
3.110000000000000142e+01 4.743185998769647305e-02
3.120000000000000284e+01 5.565753796097812345e-03
3.130000000000000071e+01 1.238695468305656272e-01
3.140000000000000213e+01 1.557914437356509585e-01
3.150000000000000000e+01 1.438985612904802869e-01
3.160000000000000142e+01 9.263130050328853560e-02
3.170000000000000284e+01 5.451580009999414111e-02
3.180000000000000071e+01 3.510982752276335661e-02
3.190000000000000213e+01 1.357087208252561739e-01
3.200000000000000000e+01 8.607398460731296996e-01
3.210000000000000142e+01 5.018610371564159456e-01
3.220000000000000284e+01 7.541598271406383391e-01
3.230000000000000426e+01 1.101704487544040850e-01
3.239999999999999858e+01 1.479987442357768267e-02
3.250000000000000000e+01 5.005390071634892996e-02
3.260000000000000142e+01 4.562200702116832596e-01
3.270000000000000284e+01 2.324059209096491357e-02
3.280000000000000426e+01 3.036360353064228579e-01
3.289999999999999858e+01 6.087740374413184302e-02
3.300000000000000000e+01 8.671027214353542456e-02
3.310000000000000142e+01 7.560643380223404549e-03
3.320000000000000284e+01 9.255602055055607569e-02
3.330000000000000426e+01 3.058955434008336360e-01
3.339999999999999858e+01 6.134940035985724238e-01
3.350000000000000000e+01 9.728555333808132088e-01
3.360000000000000142e+01 2.971695373342131963e-01
3.370000000000000284e+01 4.428196932051540191e-01
3.380000000000000426e+01 1.236865810581701419e+00
3.389999999999999858e+01 1.104933421382238601e+00
3.400000000000000000e+01 4.392779722047443491e-01
3.410000000000000142e+01 4.085956048556998788e+00
3.420000000000000284e+01 2.243190906306298693e+00
3.430000000000000426e+01 1.032778441237247158e+01
3.439999999999999858e+01 7.666708924676390424e+00
3.450000000000000000e+01 5.521694037154099988e+01
3.460000000000000142e+01 6.201229022137651015e+01
3.470000000000000284e+01 8.470381721908162831e+01
3.480000000000000426e+01 7.150612730134024275e+01
3.489999999999999858e+01 8.195679060352655654e+01
3.500000000000000000e+01 3.354687551733323403e+01
3.510000000000000142e+01 2.704896238005445319e+00
3.520000000000000284e+01 2.335736359448612731e+01
3.530000000000000426e+01 2.357913956506907827e+00
3.539999999999999858e+01 1.006639650897144911e+01
3.550000000000000000e+01 2.622342258720423480e+00
3.560000000000000142e+01 2.739240481150408524e+00
3.570000000000000284e+01 1.230206405904653799e+01
3.580000000000000426e+01 8.091784177776135678e+00
3.589999999999999858e+01 1.582502802839972578e+00
3.600000000000000000e+01 4.184033424865189588e+00
3.610000000000000142e+01 3.521505902608715211e+00
3.620000000000000284e+01 5.062012560209557144e+00
3.630000000000000426e+01 3.217532094317200553e+00
3.639999999999999858e+01 7.087134260398006980e-01
3.650000000000000000e+01 2.261897505954492793e+00
3.660000000000000142e+01 4.136585021739848655e-01
3.670000000000000284e+01 4.792940986166719514e-02
3.680000000000000426e+01 7.134232504737223479e-01
3.689999999999999858e+01 1.832880899500649363e+01
3.700000000000000000e+01 4.576439757422541832e-01
3.710000000000000142e+01 1.192054349308931060e+00
3.720000000000000284e+01 4.534069141807346881e+00
3.730000000000000426e+01 1.697475769107437971e-01
3.739999999999999858e+01 7.994091063233018657e-01
3.750000000000000000e+01 7.432677404067535853e-01
3.760000000000000142e+01 3.212127133604990581e-01
3.770000000000000284e+01 2.400663164281414963e-01
3.780000000000000426e+01 1.228465716616686104e-01
3.789999999999999858e+01 2.423894992616217603e-01
3.800000000000000000e+01 5.928374998201522972e-02
3.810000000000000142e+01 9.089167032712319738e-02
3.820000000000000284e+01 2.124034743600877045e-02
3.830000000000000426e+01 2.194678771750718099e-02
3.840000000000000568e+01 4.609181259577593837e-02
3.850000000000000000e+01 1.334125484696936093e-01
3.860000000000000142e+01 2.320776239419608977e+00
3.870000000000000284e+01 2.158382111524578928e+00
3.880000000000000426e+01 3.524634934567766331e-01
3.890000000000000568e+01 3.945342657362272298e+00
3.900000000000000000e+01 1.444547484668715853e+00
3.910000000000000142e+01 2.116548895254741561e-02
3.920000000000000284e+01 6.060366266244924388e-02
3.930000000000000426e+01 1.539104137373618029e-03
3.940000000000000568e+01 1.915981100775511481e-02
3.950000000000000000e+01 5.303295566663613486e-02
3.960000000000000142e+01 1.401752984531609292e-01
3.970000000000000284e+01 5.157350794563505536e-01
3.980000000000000426e+01 2.166842581549898242e-02
3.990000000000000568e+01 7.609826897097625008e-04
4.000000000000000000e+01 2.630450592395773817e-03
4.010000000000000142e+01 1.796294085913379690e-01
4.020000000000000284e+01 4.465173193891902592e-02
4.030000000000000426e+01 4.595058559071739379e-02
4.040000000000000568e+01 1.125335237866323529e-01
4.050000000000000000e+01 3.523541754261730330e-01
4.060000000000000142e+01 3.901292099356297449e-02
4.070000000000000284e+01 1.925013135937608810e-01
4.080000000000000426e+01 3.298072465491677652e-01
4.090000000000000568e+01 1.171872854472464143e+00
4.100000000000000000e+01 1.212105988741869339e-01
4.110000000000000142e+01 4.188147793748210959e-03
4.120000000000000284e+01 1.617949230040499897e-01
4.130000000000000426e+01 5.741310237785939019e-02
4.140000000000000568e+01 8.510272681183310428e-02
4.150000000000000000e+01 4.702268416340514914e-03
4.160000000000000142e+01 1.814619557574322362e-01
4.170000000000000284e+01 1.237234835682682887e-01
4.180000000000000426e+01 3.077854912401588316e-02
4.190000000000000568e+01 1.816888135504695148e-02
4.200000000000000000e+01 4.649956250188199552e-02
4.210000000000000142e+01 1.956930621475243270e-01
4.220000000000000284e+01 3.816891269694669409e-01
4.230000000000000426e+01 2.744924977125698273e+00
4.240000000000000568e+01 8.194614972819730392e-01
4.250000000000000000e+01 2.929469918647795157e-01
4.260000000000000142e+01 7.840469463358690216e-02
4.270000000000000284e+01 7.488266220328261558e-02
4.280000000000000426e+01 1.263595331017498269e-01
4.290000000000000568e+01 3.090298204087943423e-01
4.300000000000000000e+01 3.835556299982256778e-01
4.310000000000000142e+01 7.389165802286261353e-02
4.320000000000000284e+01 1.954911490926522777e-01
4.330000000000000426e+01 2.577762165700861127e-02
4.340000000000000568e+01 6.071667726282354433e-02
4.350000000000000000e+01 2.192445066985121774e-03
4.360000000000000142e+01 6.081704407678367730e-02
4.370000000000000284e+01 1.034594439286335987e+00
4.380000000000000426e+01 2.757330190816169035e-01
4.390000000000000568e+01 2.659560659800109250e-01
4.400000000000000000e+01 7.494886876443339341e-02
4.410000000000000142e+01 4.494116268112553492e-01
4.420000000000000284e+01 2.635533189897732997e-01
4.430000000000000426e+01 1.775120804806474550e-01
4.440000000000000568e+01 1.458740922823906772e-01
4.450000000000000000e+01 4.103139258304031034e-01
4.460000000000000142e+01 4.066562789863353844e-02
4.470000000000000284e+01 3.650854695944720941e-03
4.480000000000000426e+01 1.890041186512508575e-01
4.490000000000000568e+01 2.897167768415021438e+00
4.500000000000000000e+01 5.085235601942345030e-01
4.510000000000000142e+01 2.182821963113638630e-01
4.520000000000000284e+01 1.097768971717866943e-01
4.530000000000000426e+01 2.043178279852707942e-03
4.540000000000000568e+01 9.921349643438182042e-02
4.550000000000000000e+01 5.006874829003891969e-02
4.560000000000000142e+01 1.832727516918330357e+00
4.570000000000000284e+01 8.961000339711892693e+00
4.580000000000000426e+01 3.915876052177174604e-01
4.590000000000000568e+01 2.556691113643756452e+00
4.600000000000000000e+01 1.145135792239086037e+01
4.610000000000000142e+01 2.599038489621443015e-01
4.620000000000000284e+01 1.060292891061059700e-01
4.630000000000000426e+01 1.460762924505770166e-01
4.640000000000000568e+01 1.196330824728555065e-01
4.650000000000000000e+01 2.296234300621637636e-01
4.660000000000000142e+01 2.086401039791229706e-01
4.670000000000000284e+01 7.684235766107246901e-01
4.680000000000000426e+01 2.923371140311704641e-01
4.690000000000000568e+01 3.154334982597783998e-01
4.700000000000000000e+01 6.223894739497024542e-01
4.710000000000000142e+01 1.673272281174236875e+00
4.720000000000000284e+01 3.659200344710177077e+00
4.730000000000000426e+01 2.770204040952128355e-01
4.740000000000000568e+01 1.662644648415109216e+01
4.750000000000000000e+01 2.484515265120162297e+00
4.760000000000000142e+01 6.603556652043373054e-01
4.770000000000000284e+01 1.733159486978327379e+01
4.780000000000000426e+01 1.246954451245299245e+00
4.790000000000000568e+01 2.154115718729412710e-01
4.800000000000000000e+01 1.892133273685105088e+00
4.810000000000000142e+01 6.402199084382496963e+00
4.820000000000000284e+01 5.878143465385919919e-01
4.830000000000000426e+01 5.826650490753901401e+00
4.840000000000000568e+01 1.221238428322480907e+01
4.850000000000000000e+01 8.974519666777966975e+00
4.860000000000000142e+01 1.097223215498304860e+01
4.870000000000000284e+01 2.018222319492842143e+00
4.880000000000000426e+01 6.344092652037200075e+00
4.890000000000000568e+01 7.833937692409567610e+00
4.900000000000000000e+01 2.643692706944368531e+00
4.910000000000000142e+01 1.507549768389543354e+00
4.920000000000000284e+01 1.090273461544825828e+01
4.930000000000000426e+01 1.828480383371186901e+00
4.940000000000000568e+01 7.807807419395872195e+00
4.950000000000000000e+01 1.468713340013434454e+00
4.960000000000000142e+01 2.845555288968899088e+00
4.970000000000000284e+01 3.359004559626638020e+00
4.980000000000000426e+01 4.224037028005426464e+00
4.990000000000000568e+01 2.081281161258867307e+00
5.000000000000000000e+01 1.979429168731664967e+00
5.010000000000000142e+01 2.078391857682277966e+00
5.020000000000000284e+01 6.425038360357442357e-01
5.030000000000000426e+01 1.187389757230330911e+00
5.040000000000000568e+01 6.259835693039625948e-01
5.050000000000000000e+01 1.139940565907451964e+00
5.060000000000000142e+01 1.172352697138145661e-01
5.070000000000000284e+01 3.078788523904721908e-01
5.080000000000000426e+01 2.856215114867049487e-01
5.090000000000000568e+01 1.118663565380797614e-01
5.100000000000000000e+01 7.855885671248377666e-02
5.110000000000000142e+01 2.578753649087128230e-01
5.120000000000000284e+01 1.763226694885061119e-01
5.130000000000000426e+01 1.411487400934699765e-01
5.140000000000000568e+01 6.733912383431144011e-02
5.150000000000000000e+01 1.436566137827963163e-02
5.160000000000000142e+01 6.372622584754532304e-02
5.170000000000000284e+01 4.788206835369506614e-02
5.180000000000000426e+01 4.137069234137163987e-01
5.190000000000000568e+01 6.161603425213001833e-02
5.200000000000000000e+01 7.272765820845911167e-01
5.210000000000000142e+01 8.051798490703616917e-02
5.220000000000000284e+01 1.672091190225314175e-02
5.230000000000000426e+01 1.188597219184146792e-01
5.240000000000000568e+01 1.072675163842728541e+00
5.250000000000000000e+01 3.064623076140964852e-01
5.260000000000000142e+01 6.302135223258498176e-01
5.270000000000000284e+01 2.399889885698648639e-01
5.280000000000000426e+01 2.507313187151654146e-02
5.290000000000000568e+01 3.603315290444408792e-02
5.300000000000000000e+01 3.202487965259608049e-02
5.310000000000000142e+01 8.620568710173799609e-02
5.320000000000000284e+01 8.580657099808430832e-02
5.330000000000000426e+01 1.420136060513551290e-01
5.340000000000000568e+01 5.475254420063939073e-03
5.350000000000000000e+01 4.308574037245248983e-02
5.360000000000000142e+01 7.888627948621006886e-03
5.370000000000000284e+01 8.683250271880099680e-01
5.380000000000000426e+01 1.046300628672887534e+00
5.390000000000000568e+01 1.229369131310482782e-01
5.400000000000000000e+01 1.109953898364262129e-02
5.410000000000000142e+01 3.007228771981484972e-01
5.420000000000000284e+01 1.444035199450262492e-02
5.430000000000000426e+01 4.684487179055427802e-02
5.440000000000000568e+01 7.679457329556500789e-03
5.450000000000000000e+01 1.668132809034724579e-02
5.460000000000000142e+01 4.541449208586429559e-02
5.470000000000000284e+01 5.835885597412623360e-01
5.480000000000000426e+01 3.685503023736605432e-02
5.490000000000000568e+01 8.047209077908980268e-02
5.500000000000000000e+01 2.801747929296173889e-01
5.510000000000000142e+01 2.506369684468360420e-02
5.520000000000000284e+01 5.603457923807230179e-01
5.530000000000000426e+01 1.138541014376694277e-01
5.540000000000000568e+01 1.043045551473410354e-01
5.550000000000000000e+01 2.649645016194999286e-02
5.560000000000000142e+01 4.762131685763611177e-02
5.570000000000000284e+01 4.464482595998142678e-02
5.580000000000000426e+01 2.338457355263273418e-01
5.590000000000000568e+01 3.256927115234073411e-01
5.600000000000000000e+01 1.548517508165097104e-02
5.610000000000000142e+01 1.177311903838827722e-02
5.620000000000000284e+01 7.200376760698764048e-03
5.630000000000000426e+01 6.518017012595932191e-02
5.640000000000000568e+01 1.883291006183595295e-01
5.650000000000000000e+01 8.690531057801272052e-02
5.660000000000000142e+01 9.714120248342689168e-01
5.670000000000000284e+01 2.683092684924447829e-02
5.680000000000000426e+01 8.503123032119933034e-02
5.690000000000000568e+01 1.755286474237628958e-01
5.700000000000000000e+01 1.728732904477919274e-01
5.710000000000000142e+01 6.425035493886107618e-01
5.720000000000000284e+01 1.296244574109741476e+00
5.730000000000000426e+01 3.472877996711195014e-01
5.740000000000000568e+01 4.299332158341620524e-01
5.750000000000000000e+01 3.634040500700580489e-01
5.760000000000000142e+01 5.238216164889394344e-01
5.770000000000000284e+01 1.966076835675421852e-01
5.780000000000000426e+01 5.359510875564743593e-02
5.790000000000000568e+01 1.045770052031790576e-01
5.800000000000000000e+01 1.766997943951499400e-03
5.810000000000000142e+01 1.149766375078147169e-02
5.820000000000000284e+01 1.310382770330451863e-01
5.830000000000000426e+01 6.931351856238471276e-02
5.840000000000000568e+01 5.703263198525555105e-02
5.850000000000000000e+01 6.371571686289244363e-02
5.860000000000000142e+01 1.001757072300324680e-01
5.870000000000000284e+01 6.718375929160070870e-01
5.880000000000000426e+01 1.414544776576551977e+00
5.890000000000000568e+01 1.217878055018660755e+00
5.900000000000000000e+01 1.653751126582230224e+00
5.910000000000000142e+01 5.078173897823390348e-01
5.920000000000000284e+01 1.520908366108136289e-01
5.930000000000000426e+01 1.209953266295477614e-01
5.940000000000000568e+01 3.105593847129339280e-01
5.950000000000000000e+01 4.765464410261773254e-01
5.960000000000000142e+01 8.418601790637832982e-01
5.970000000000000284e+01 5.718097004947594181e-02
5.980000000000000426e+01 1.737182967665969469e-01
5.990000000000000568e+01 2.536398793390748363e-02
6.000000000000000000e+01 1.273119021772226578e-01
6.010000000000000142e+01 8.585074325118832728e-02
6.020000000000000284e+01 3.039256923989132608e-01
6.030000000000000426e+01 6.951431971257272802e-02
6.040000000000000568e+01 8.589147122480262145e-03
6.050000000000000000e+01 2.551173574072632122e-01
6.060000000000000142e+01 4.680787142892094133e-02
6.070000000000000284e+01 2.456648471460595035e-02
6.080000000000000426e+01 8.637996869881793549e-02
6.090000000000000568e+01 2.151217638290552348e-01
6.100000000000000000e+01 5.673976180483383258e-01
6.110000000000000142e+01 6.408993277763100904e-01
6.120000000000000284e+01 1.624733681820809128e+00
6.130000000000000426e+01 4.794128862293237092e-01
6.140000000000000568e+01 1.115460727265159946e+01
6.150000000000000000e+01 2.439933204751740803e-01
6.160000000000000142e+01 1.546426107119464044e-01
6.170000000000000284e+01 1.637854748993134713e-01
6.180000000000000426e+01 9.222179567338886219e-01
6.190000000000000568e+01 2.722766504535190535e+00
6.200000000000000000e+01 2.288346336586970509e+01
6.210000000000000142e+01 1.581320334836483532e+01
6.220000000000000284e+01 2.207978708753085328e+00
6.230000000000000426e+01 4.312937917107831964e+01
6.240000000000000568e+01 2.779422938144959332e+01
6.250000000000000000e+01 2.773696599954887709e+00
6.260000000000000142e+01 6.764247830510164761e+00
6.270000000000000284e+01 2.403892021800267731e+00
6.280000000000000426e+01 2.637436568983931195e+00
6.290000000000000568e+01 1.502341774203647695e+01
6.300000000000000000e+01 7.507546404876187296e+00
6.310000000000000142e+01 3.841999142885804019e+00
6.320000000000000284e+01 1.868082064061852066e+00
6.330000000000000426e+01 1.424145355714391670e+01
6.340000000000000568e+01 5.434034978366029556e+00
6.350000000000000000e+01 1.703415691846758673e+00
6.360000000000000142e+01 5.074223526811957319e-01
6.370000000000000284e+01 4.927969599905198672e-01
6.380000000000000426e+01 1.905249702776348641e+00
6.390000000000000568e+01 7.747758546701214444e-01
6.400000000000000000e+01 1.873786661303208090e-01
6.410000000000000853e+01 3.515078479280259849e+00
6.420000000000000284e+01 4.372896123397397861e-01
6.429999999999999716e+01 8.654510715529259990e-01
6.440000000000000568e+01 2.466481045912502612e+00
6.450000000000000000e+01 4.189385729275832304e+00
6.460000000000000853e+01 8.363638605993081399e+00
6.470000000000000284e+01 1.012319054165252918e+00
6.479999999999999716e+01 8.620213102544761696e+00
6.490000000000000568e+01 2.047123334817231566e+01
6.500000000000000000e+01 6.003502565230752985e+00
6.510000000000000853e+01 2.762762332146274868e+00
6.520000000000000284e+01 1.032367292301753281e+00
6.529999999999999716e+01 2.302960777306064966e+00
6.540000000000000568e+01 2.142421088360780956e+01
6.550000000000000000e+01 1.037186587906101209e+01
6.560000000000000853e+01 3.391428276344781167e+00
6.570000000000000284e+01 3.738497707318142460e+00
6.579999999999999716e+01 1.233978608995442316e+00
6.590000000000000568e+01 4.205982776725369021e+00
6.600000000000000000e+01 4.044132701574919553e-01
6.610000000000000853e+01 2.473764596496404733e-01
6.620000000000000284e+01 1.479674542302556794e+00
6.629999999999999716e+01 2.404695118220243621e-01
6.640000000000000568e+01 6.649354575168267556e-02
6.650000000000000000e+01 2.124978867825971784e-01
6.660000000000000853e+01 4.027837674205320684e-01
6.670000000000000284e+01 1.808068513941755995e-01
6.679999999999999716e+01 3.785976543833982633e-02
6.690000000000000568e+01 2.424121460500021710e-02
6.700000000000000000e+01 1.810976080867829699e-02
6.710000000000000853e+01 1.023606158359533363e-01
6.720000000000000284e+01 5.837248233862603330e-02
6.729999999999999716e+01 2.654737520356540981e-01
6.740000000000000568e+01 5.075475582921502582e-01
6.750000000000000000e+01 2.037228638062747732e-02
6.760000000000000853e+01 7.485531965312459957e-02
6.770000000000000284e+01 3.302967770025150816e-03
6.779999999999999716e+01 7.201346602769643189e-03
6.790000000000000568e+01 4.932764110453478901e-02
6.800000000000000000e+01 3.891088371362302206e-02
6.810000000000000853e+01 9.692996229301522604e-01
6.820000000000000284e+01 4.019003321929389694e-01
6.829999999999999716e+01 3.163931268590891577e-02
6.840000000000000568e+01 6.559361350550941454e-04
6.850000000000000000e+01 2.688232846757387939e-02
6.860000000000000853e+01 2.567124459883505724e-02
6.870000000000000284e+01 1.608046676692446164e-01
6.879999999999999716e+01 3.773672652903700773e-03
6.890000000000000568e+01 5.403297689628750594e-02
6.900000000000000000e+01 1.342230275409897131e-02
6.910000000000000853e+01 1.155353936097778395e-02
6.920000000000000284e+01 1.613636475909013129e-02
6.929999999999999716e+01 8.872130986390509844e-02
6.940000000000000568e+01 1.511067974141929171e-01
6.950000000000000000e+01 3.691732980973107259e-02
6.960000000000000853e+01 1.945162114756139940e-02
6.970000000000000284e+01 2.999635841624022081e-01
6.979999999999999716e+01 1.699904275068358395e+00
6.990000000000000568e+01 9.971679641285896567e-01
7.000000000000000000e+01 1.011221433545536508e+00
7.010000000000000853e+01 6.780825703504289592e-01
7.020000000000000284e+01 3.727121528951754215e+01
7.029999999999999716e+01 2.654668414401385679e+00
7.040000000000000568e+01 1.738704109038133439e+01
7.050000000000000000e+01 1.464471511608004661e+01
7.060000000000000853e+01 7.478722234020589887e+00
7.070000000000000284e+01 3.858507378488612805e+00
7.079999999999999716e+01 1.190640863632736801e+00
7.090000000000000568e+01 2.644494613590802068e+00
7.100000000000000000e+01 5.040160514816641069e+00
7.110000000000000853e+01 4.815221523425635142e-01
7.120000000000000284e+01 1.401655656176617581e+00
7.129999999999999716e+01 4.339850254263259988e-01
7.140000000000000568e+01 3.621787291928420527e-01
7.150000000000000000e+01 4.357817522384106468e+00
7.160000000000000853e+01 8.845765492486476589e+00
7.170000000000000284e+01 4.318956486261274819e+00
7.179999999999999716e+01 1.194580821395369163e+01
7.190000000000000568e+01 1.957114590532684062e+01
7.200000000000000000e+01 6.051244250917526557e+01
7.210000000000000853e+01 1.389813954313356987e+02
7.220000000000000284e+01 9.591903923108320384e+01
7.229999999999999716e+01 1.030347285237721451e+02
7.240000000000000568e+01 4.098954212951735343e+01
7.250000000000000000e+01 2.596894556968278067e+01
7.260000000000000853e+01 3.483694449451829911e+01
7.270000000000000284e+01 4.794025539852352580e+00
7.279999999999999716e+01 3.942815130505776811e+00
7.290000000000000568e+01 5.543141023408048262e+00
7.300000000000000000e+01 1.446378960993202289e+00
7.310000000000000853e+01 4.179001816996300023e-01
7.320000000000000284e+01 3.910445065885622129e-01
7.329999999999999716e+01 1.468292467884145136e+00
7.340000000000000568e+01 3.880594851633308306e-01
7.350000000000000000e+01 5.192977172126267860e+00
7.360000000000000853e+01 2.685449875182822410e+01
7.370000000000000284e+01 1.527100268525432902e+01
7.379999999999999716e+01 4.003822870075069318e+01
7.390000000000000568e+01 8.842637570586036588e+01
7.400000000000000000e+01 1.156523121828292631e+02
7.410000000000000853e+01 7.140977688379950905e+01
7.420000000000000284e+01 8.974296599451039924e+01
7.429999999999999716e+01 6.712624511885903189e+01
7.440000000000000568e+01 1.744265620093500146e+01
7.450000000000000000e+01 5.379437484225787358e+01
7.460000000000000853e+01 1.268096118225920277e+00
7.470000000000000284e+01 8.223466550401760111e-01
7.479999999999999716e+01 4.267276794989434130e+00
7.490000000000000568e+01 4.663029896417615561e+00
7.500000000000000000e+01 6.286976368709468410e+00
7.510000000000000853e+01 5.018175501295013774e+00
7.520000000000000284e+01 3.638811809439442602e+00
7.529999999999999716e+01 2.163494484781371696e+01
7.540000000000000568e+01 1.285068115977272463e+01
7.550000000000000000e+01 7.923414427607277766e+00
7.560000000000000853e+01 2.154657268767033784e+00
7.570000000000000284e+01 4.524617652447633809e+00
7.579999999999999716e+01 1.562349719214503452e+01
7.590000000000000568e+01 1.748012273248570025e+01
7.600000000000000000e+01 2.355011687154074806e+01
7.610000000000000853e+01 1.242790048312246931e+01
7.620000000000000284e+01 2.769231188855005144e+01
7.629999999999999716e+01 2.245173363827738022e+00
7.640000000000000568e+01 1.241794094174344165e+00
7.650000000000000000e+01 3.686544005597401252e+00
7.660000000000000853e+01 6.879268427586603396e-01
7.670000000000000284e+01 1.879916766572651499e+00
7.680000000000001137e+01 7.129570099571146180e+00
7.690000000000000568e+01 1.071154458757371364e+00
7.700000000000000000e+01 9.898759871629858598e-01
7.710000000000000853e+01 4.078239268348267110e+00
7.720000000000000284e+01 1.061415412686601112e+00
7.730000000000001137e+01 1.909288372088426167e+00
7.740000000000000568e+01 2.497832187423173256e+00
7.750000000000000000e+01 1.800857477754878033e+01
7.760000000000000853e+01 2.586854348854852148e+01
7.770000000000000284e+01 1.038985087860744372e+01
7.780000000000001137e+01 4.727660824143740115e+01
7.790000000000000568e+01 4.741556950644439183e+01
7.800000000000000000e+01 6.282200357106594524e+00
7.810000000000000853e+01 1.137975144213943324e+01
7.820000000000000284e+01 2.337427240520130667e+01
7.830000000000001137e+01 1.284651302068990333e+02
7.840000000000000568e+01 6.873236870236432594e+01
7.850000000000000000e+01 4.347873485501001767e+01
7.860000000000000853e+01 1.846881226374649998e+01
7.870000000000000284e+01 8.999264636354202196e+01
7.880000000000001137e+01 7.393792486986920665e+01
7.890000000000000568e+01 7.195584485008332365e+01
7.900000000000000000e+01 5.541844856187859847e+01
7.910000000000000853e+01 4.992273113528303163e+00
7.920000000000000284e+01 9.208927154629126477e+00
7.930000000000001137e+01 6.928296125753253598e+00
7.940000000000000568e+01 6.224045872705264770e+01
7.950000000000000000e+01 5.862104434673490516e+00
7.960000000000000853e+01 3.384867834924546681e+00
7.970000000000000284e+01 3.689669242612701794e+00
7.980000000000001137e+01 1.081128153628229960e+01
7.990000000000000568e+01 3.459607769147883261e+01
8.000000000000000000e+01 8.937436091711653319e+00
8.010000000000000853e+01 3.543390970416758545e+00
8.020000000000000284e+01 1.105307228703539302e+01
8.030000000000001137e+01 6.542480468722924325e-01
8.040000000000000568e+01 6.260411562783575690e+00
8.050000000000000000e+01 1.052601315662807790e+00
8.060000000000000853e+01 4.369998772637188011e+01
8.070000000000000284e+01 5.446164126525331994e+01
8.080000000000001137e+01 7.030368268916538455e+01
8.090000000000000568e+01 3.678125120676503990e+00
8.100000000000000000e+01 3.621245093777662127e+00
8.110000000000000853e+01 2.492309025056497429e+00
8.120000000000000284e+01 1.920414446949773701e+00
8.130000000000001137e+01 5.504362310327860541e+01
8.140000000000000568e+01 5.485696354275805930e+01
8.150000000000000000e+01 1.243894991384536475e+01
8.160000000000000853e+01 3.929789957507903608e+01
8.170000000000000284e+01 2.606515672748377810e+01
8.180000000000001137e+01 7.287731283902163071e+00
8.190000000000000568e+01 7.418328792947296790e+01
8.200000000000000000e+01 2.532074273653194751e+01
8.210000000000000853e+01 2.173565830167227730e+01
8.220000000000000284e+01 2.576729169914572459e+00
8.230000000000001137e+01 2.806340739827738417e+01
8.240000000000000568e+01 8.456282276005651966e+00
8.250000000000000000e+01 8.329652994223570417e+00
8.260000000000000853e+01 3.462152278899909419e+01
8.270000000000000284e+01 4.635746877365703256e+01
8.280000000000001137e+01 6.923211850604151785e+00
8.290000000000000568e+01 2.288287223700834971e+01
8.300000000000000000e+01 8.779895497103794355e+00
8.310000000000000853e+01 3.779571983349808928e+00
8.320000000000000284e+01 1.131087138577350615e+01
8.330000000000001137e+01 2.928902372087981654e+00
8.340000000000000568e+01 1.916330951556285855e+00
8.350000000000000000e+01 5.709825653714503346e+00
8.360000000000000853e+01 2.276324366073914618e+01
8.370000000000000284e+01 5.338897717811772026e+00
8.380000000000001137e+01 1.443023318394082111e+01
8.390000000000000568e+01 1.139711059491514300e+00
8.400000000000000000e+01 4.015992687405025019e-01
8.410000000000000853e+01 1.600776887297183038e+01
8.420000000000000284e+01 1.408879411093233180e+01
8.430000000000001137e+01 9.949202269735762272e+00
8.440000000000000568e+01 1.526963009782271730e+00
8.450000000000000000e+01 5.186575388080600924e+00
8.460000000000000853e+01 5.096775249769039284e+00
8.470000000000000284e+01 8.413621791078305989e+00
8.480000000000001137e+01 1.237493063280704186e+00
8.490000000000000568e+01 3.213377068292210259e-01
8.500000000000000000e+01 3.839750632616341974e+00
8.510000000000000853e+01 4.827412118043920231e+00
8.520000000000000284e+01 7.404799555062603345e-01
8.530000000000001137e+01 2.157962230782394242e-01
8.540000000000000568e+01 4.453204185447440233e-01
8.550000000000000000e+01 8.777055281769409190e-01
8.560000000000000853e+01 1.007197029202513150e+01
8.570000000000000284e+01 2.229745972479693084e+00
8.580000000000001137e+01 8.391117092414160927e-01
8.590000000000000568e+01 1.750501111941888954e+00
8.600000000000000000e+01 2.651890636929801759e-01
8.610000000000000853e+01 8.322715136109682943e-01
8.620000000000000284e+01 2.448561827676755676e-01
8.630000000000001137e+01 5.434558315058309885e-01
8.640000000000000568e+01 4.298461208796393040e-01
8.650000000000000000e+01 1.553112752575188660e+00
8.660000000000000853e+01 2.405642984291473385e-01
8.670000000000000284e+01 2.160042502758046101e-01
8.680000000000001137e+01 1.455248252954018273e+00
8.690000000000000568e+01 8.256514879124584594e-01
8.700000000000000000e+01 1.097762883844111359e+00
8.710000000000000853e+01 2.516537797745659333e-01
8.720000000000000284e+01 6.278806678836623689e-01
8.730000000000001137e+01 3.849206853292965747e-01
8.740000000000000568e+01 1.117347096345359114e+00
8.750000000000000000e+01 2.950355037426771965e+00
8.760000000000000853e+01 5.392582079571139886e-01
8.770000000000000284e+01 2.965585691711944416e-01
8.780000000000001137e+01 6.552602852203144312e-01
8.790000000000000568e+01 1.016804004814041873e+00
8.800000000000000000e+01 8.490842019354818859e+00
8.810000000000000853e+01 8.053414873838721233e-01
8.820000000000000284e+01 1.325716138800311583e+00
8.830000000000001137e+01 9.598777985989167760e+00
8.840000000000000568e+01 1.611392882990934083e+01
8.850000000000000000e+01 9.176430997519942068e+00
8.860000000000000853e+01 3.918984886857390393e+01
8.870000000000000284e+01 5.205199600781850933e+01
8.880000000000001137e+01 2.261291468661366011e+01
8.890000000000000568e+01 2.519022878328955173e+01
8.900000000000000000e+01 9.996088539062016309e+01
8.910000000000000853e+01 1.181864764632011457e+02
8.920000000000000284e+01 5.404984369980745385e+01
8.930000000000001137e+01 2.804010443581512391e+01
8.940000000000000568e+01 1.456279324289101496e+01
8.950000000000000000e+01 1.124436618285759693e+02
8.960000000000000853e+01 3.345238039265232999e+01
8.970000000000000284e+01 4.618391152830562874e+01
8.980000000000001137e+01 1.221420368101468235e+01
8.990000000000000568e+01 1.365570128132400463e+01
9.000000000000000000e+01 2.015713322242491401e+01
9.010000000000000853e+01 2.640112350403776631e+01
9.020000000000000284e+01 2.024837155674793365e+01
9.030000000000001137e+01 5.921461159425802379e+01
9.040000000000000568e+01 6.677015068869964409e+01
9.050000000000000000e+01 5.341294859955191043e+01
9.060000000000000853e+01 1.318709732798063783e+02
9.070000000000000284e+01 6.668716418927918710e+01
9.080000000000001137e+01 5.015049427026276874e+01
9.090000000000000568e+01 1.381318671493226020e+02
9.100000000000000000e+01 1.418829075996691529e+02
9.110000000000000853e+01 1.415372895604840551e+02
9.120000000000000284e+01 1.641962950474241154e+02
9.130000000000001137e+01 1.763097867231652458e+02
9.140000000000000568e+01 1.597360393098785210e+02
9.150000000000000000e+01 1.819581231567320287e+02
9.160000000000000853e+01 2.181895899965034005e+02
9.170000000000000284e+01 2.129065732488038236e+02
9.180000000000001137e+01 2.456588740816841323e+02
9.190000000000000568e+01 2.150249107174165601e+02
9.200000000000000000e+01 2.668208174850954606e+02
9.210000000000000853e+01 3.112863455429018131e+02
9.220000000000000284e+01 4.327820904656950916e+02
9.230000000000001137e+01 1.656120101812723533e+03
9.240000000000000568e+01 4.116039574971069328e+02
9.250000000000000000e+01 2.805917605725994690e+02
9.260000000000000853e+01 2.456679495185748010e+02
9.270000000000000284e+01 1.645001841583178646e+02
9.280000000000001137e+01 1.399445638405778709e+02
9.290000000000000568e+01 1.239090080209997069e+02
9.300000000000000000e+01 8.502074478120177048e+01
9.310000000000000853e+01 1.518523957793976997e+01
9.320000000000000284e+01 2.294823666679282059e+00
9.330000000000001137e+01 4.023891854504979548e+00
9.340000000000000568e+01 3.508530685362249546e+00
9.350000000000000000e+01 3.361854275537282000e+00
9.360000000000000853e+01 3.514686775961661347e+00
9.370000000000000284e+01 2.636603029712133672e+00
9.380000000000001137e+01 2.026362926441152901e+00
9.390000000000000568e+01 3.261161140199499986e+00
9.400000000000000000e+01 4.152725819093719295e+00
9.410000000000000853e+01 3.353359820761236065e+00
9.420000000000000284e+01 1.278505911452742616e+01
9.430000000000001137e+01 5.217870211168508376e+01
9.440000000000000568e+01 9.546435116888874006e+01
9.450000000000000000e+01 7.004013266731328713e+01
9.460000000000000853e+01 9.132170155336872597e+01
9.470000000000000284e+01 1.603424514020859348e+01
9.480000000000001137e+01 4.192145133086696340e+00
9.490000000000000568e+01 8.708157453924096458e+00
9.500000000000000000e+01 3.642824677305853687e+00
9.510000000000000853e+01 3.114921683578137479e+00
9.520000000000000284e+01 1.622751269890304382e+00
9.530000000000001137e+01 2.054592826930198957e+00
9.540000000000000568e+01 1.597705871019249546e+00
9.550000000000000000e+01 1.737701808550882410e+00
9.560000000000000853e+01 1.823586265177319587e+00
9.570000000000000284e+01 1.965473246378137695e+00
9.580000000000001137e+01 2.225341382077321573e+00
9.590000000000000568e+01 2.480892164861824956e+00
9.600000000000000000e+01 1.190558063906550723e+00
9.610000000000000853e+01 9.824322861159429099e-01
9.620000000000000284e+01 1.738696015150448027e+00
9.630000000000001137e+01 2.377701168940989263e+00
9.640000000000000568e+01 3.558056472863629360e-01
9.650000000000000000e+01 1.213689815965266761e-01
9.660000000000000853e+01 1.396738256244227427e+00
9.670000000000000284e+01 2.099544941143758892e-01
9.680000000000001137e+01 2.181358389134656350e-01
9.690000000000000568e+01 9.052969221557376212e-02
9.700000000000000000e+01 2.404871877328724761e-01
9.710000000000000853e+01 1.568423070065991132e+00
9.720000000000000284e+01 3.798346752924183223e-01
9.730000000000001137e+01 1.905587805867565987e-01
9.740000000000000568e+01 2.575730875281120880e-01
9.750000000000000000e+01 9.970912164675997669e-02
9.760000000000000853e+01 5.748477819656877541e-01
9.770000000000000284e+01 6.322543645717159100e-01
9.780000000000001137e+01 8.140501473299873725e-01
9.790000000000000568e+01 9.171101543853689420e-02
9.800000000000000000e+01 1.025569549799264790e-01
9.810000000000000853e+01 1.505776817530750211e+00
9.820000000000000284e+01 5.126851042836065853e-01
9.830000000000001137e+01 6.204665309253818428e-01
9.840000000000000568e+01 3.082320160922477625e-01
9.850000000000000000e+01 1.055086160100281667e+00
9.860000000000000853e+01 3.427439799977763379e-01
9.870000000000000284e+01 3.064486494916786707e+00
9.880000000000001137e+01 1.898647105742570007e+00
9.890000000000000568e+01 5.566590220931035837e+00
9.900000000000000000e+01 1.492180219177057765e+01
9.910000000000000853e+01 1.556441344101038959e+00
9.920000000000000284e+01 1.048143815780689048e+00
9.930000000000001137e+01 4.848006982105174112e-01
9.940000000000000568e+01 1.683703795726271712e+00
9.950000000000000000e+01 8.159175560809330818e+00
9.960000000000000853e+01 4.075165139940717829e+00
9.970000000000000284e+01 4.598535355982779071e-01
9.980000000000001137e+01 1.207480339952663018e+00
9.990000000000000568e+01 6.211366468292876419e+00
