0.000000000000000000e+00 1.296564465686139478e+00
1.000000000000000056e-01 3.566790491056220702e+00
2.000000000000000111e-01 1.947535108658011271e+00
3.000000000000000444e-01 2.688635957132496035e+00
4.000000000000000222e-01 2.725400809800845536e+00
5.000000000000000000e-01 1.055875127869980723e+00
6.000000000000000888e-01 1.653317059970916381e+00
7.000000000000000666e-01 2.320554419337986118e+00
8.000000000000000444e-01 1.685624961634194063e+00
9.000000000000000222e-01 2.009651639990365002e+00
1.000000000000000000e+00 2.867119428060050268e+00
1.100000000000000089e+00 2.059641616260303731e+00
1.200000000000000178e+00 4.765512197964357100e+00
1.300000000000000044e+00 2.863551871999076681e+00
1.400000000000000133e+00 2.937609234658996371e+00
1.500000000000000000e+00 4.625318684513398004e+00
1.600000000000000089e+00 6.552142256920126862e+00
1.700000000000000178e+00 5.415346422485769473e+00
1.800000000000000044e+00 5.031112346808930269e+00
1.900000000000000133e+00 3.080788832930884347e+00
2.000000000000000000e+00 2.850824261276111216e+00
2.100000000000000089e+00 3.663556087625423618e+00
2.200000000000000178e+00 5.118199057523588280e+00
2.300000000000000266e+00 3.147074024482517274e+00
2.400000000000000355e+00 2.368885480736317994e+00
2.500000000000000000e+00 1.369239755549435111e+00
2.600000000000000089e+00 1.711658002027311110e+00
2.700000000000000178e+00 1.739622600502483518e+00
2.800000000000000266e+00 2.498196894522151101e+00
2.900000000000000355e+00 1.897234159575513113e+00
3.000000000000000000e+00 3.672590590675094191e+00
3.100000000000000089e+00 3.435528479561453796e+00
3.200000000000000178e+00 3.746562607963012326e+00
3.300000000000000266e+00 3.915863995575148415e+00
3.400000000000000355e+00 6.518762049532696778e+00
3.500000000000000000e+00 4.509563636775239637e+00
3.600000000000000089e+00 2.307085028169467034e+00
3.700000000000000178e+00 2.824164958943987003e+00
3.800000000000000266e+00 9.821151992156202937e-01
3.900000000000000355e+00 3.074367865931391997e+00
4.000000000000000000e+00 3.244107261938082409e+00
4.100000000000000533e+00 2.866402542556042210e+00
4.200000000000000178e+00 7.250596264003472236e+00
4.299999999999999822e+00 9.378265137028705567e+00
4.400000000000000355e+00 7.246423404346172603e+00
4.500000000000000000e+00 6.565129716122968695e+00
4.600000000000000533e+00 5.826486769899269724e+00
4.700000000000000178e+00 4.395961030406547287e+00
4.800000000000000711e+00 4.827369211731796561e+00
4.900000000000000355e+00 2.148025076546205892e+00
5.000000000000000000e+00 3.152883851135335203e+00
5.100000000000000533e+00 1.492586645694629066e+00
5.200000000000000178e+00 2.171448797612472337e+00
5.300000000000000711e+00 3.150095031982373506e+00
5.400000000000000355e+00 3.792289509271071335e+00
5.500000000000000000e+00 2.664330394298860760e+00
5.600000000000000533e+00 2.894137153287898556e+00
5.700000000000000178e+00 1.401815727348664220e+00
5.800000000000000711e+00 2.494284346302822364e+00
5.900000000000000355e+00 7.705784111706956985e+00
6.000000000000000000e+00 8.298434133743505470e+00
6.100000000000000533e+00 1.590998527347711367e+01
6.200000000000000178e+00 1.166672301053238670e+01
6.300000000000000711e+00 1.023293275966126537e+01
6.400000000000000355e+00 1.093396301765786660e+01
6.500000000000000000e+00 1.170511618095287609e+01
6.600000000000000533e+00 1.542960157742739646e+01
6.700000000000000178e+00 1.365784964410467239e+01
6.800000000000000711e+00 1.113767234300849829e+01
6.900000000000000355e+00 1.711386769649685391e+01
7.000000000000000000e+00 2.152562249351263191e+01
7.100000000000000533e+00 1.739199343102232120e+01
7.200000000000000178e+00 1.230776513227174007e+01
7.300000000000000711e+00 1.498136697691444930e+01
7.400000000000000355e+00 1.010297049669660829e+01
7.500000000000000000e+00 9.623143425187093314e+00
7.600000000000000533e+00 8.292131593953145696e+00
7.700000000000000178e+00 4.029177215525422184e+00
7.800000000000000711e+00 3.402741633163176793e+00
7.900000000000000355e+00 7.079474583658730502e+00
8.000000000000000000e+00 7.069576692900015225e+00
8.099999999999999645e+00 2.785787922168577069e+00
8.200000000000001066e+00 5.264586303449459770e+00
8.300000000000000711e+00 3.659366162358370644e+00
8.400000000000000355e+00 6.549789296037819675e+00
8.500000000000000000e+00 9.503225106264917343e+00
8.599999999999999645e+00 3.247586590365402426e+00
8.700000000000001066e+00 3.911485309485992712e+00
8.800000000000000711e+00 6.630844215036939993e+00
8.900000000000000355e+00 4.752265946507526095e+00
9.000000000000000000e+00 5.334291995708710488e+00
9.099999999999999645e+00 1.875769144829063872e+00
9.200000000000001066e+00 2.806565998904035464e+00
9.300000000000000711e+00 2.655794047958502713e+00
9.400000000000000355e+00 2.462344645493842688e+00
9.500000000000000000e+00 1.695458533022162095e+00
9.600000000000001421e+00 3.502230263583166803e+00
9.700000000000001066e+00 2.679433536664216575e+00
9.800000000000000711e+00 2.484927259187324822e+00
9.900000000000000355e+00 1.340186775683481990e+00
1.000000000000000000e+01 3.628978168238935265e+00
1.010000000000000142e+01 3.413032148074621297e+00
1.020000000000000107e+01 5.109477528575830263e+00
1.030000000000000071e+01 6.072486047098095696e+00
1.040000000000000036e+01 5.000688427552107740e+00
1.050000000000000000e+01 4.943353540103389676e+00
1.060000000000000142e+01 5.309204871341850485e+00
1.070000000000000107e+01 6.685863446341184790e+00
1.080000000000000071e+01 4.365227444464232498e+00
1.090000000000000036e+01 4.318515910929728641e+00
1.100000000000000000e+01 3.557999199952169178e+00
1.110000000000000142e+01 1.004029822375336112e+00
1.120000000000000107e+01 9.394485009997014524e-01
1.130000000000000071e+01 2.700565838191254286e+00
1.140000000000000036e+01 3.707463374453922267e+00
1.150000000000000000e+01 6.457576712949456343e+00
1.160000000000000142e+01 3.625524134707147628e+00
1.170000000000000107e+01 3.479208998622703941e+00
1.180000000000000071e+01 4.594313476753610459e+00
1.190000000000000036e+01 1.854960917298773326e+00
1.200000000000000000e+01 1.419645520770711933e+00
1.210000000000000142e+01 3.021058298365168149e+00
1.220000000000000107e+01 1.519499684071489165e+00
1.230000000000000071e+01 2.444707013482886104e+00
1.240000000000000036e+01 1.841116627345214418e+00
1.250000000000000000e+01 2.673686375663763215e+00
1.260000000000000142e+01 9.599514656646263022e-01
1.270000000000000107e+01 1.079336696201070200e+00
1.280000000000000071e+01 1.455907702747975208e+00
1.290000000000000036e+01 2.195903661683209940e+00
1.300000000000000000e+01 2.615766037220426110e+00
1.310000000000000142e+01 1.250685594306695680e+00
1.320000000000000107e+01 1.441390274813219907e+00
1.330000000000000071e+01 5.454914151147407519e-01
1.340000000000000036e+01 1.336628203844080875e+00
1.350000000000000000e+01 4.348938434443704315e-01
1.360000000000000142e+01 1.008103166354803903e+00
1.370000000000000107e+01 5.176753778242114690e-01
1.380000000000000071e+01 1.658832357158604776e+00
1.390000000000000036e+01 2.993331977449509740e+00
1.400000000000000000e+01 1.455640185218117999e+00
1.410000000000000142e+01 7.100734548925792256e-01
1.420000000000000107e+01 1.271778071809906541e+00
1.430000000000000071e+01 2.125076195954498814e+00
1.440000000000000036e+01 1.159829347113704445e+00
1.450000000000000000e+01 5.469495298265367733e-01
1.460000000000000142e+01 7.997535162061594205e-01
1.470000000000000107e+01 2.922179256587289942e+00
1.480000000000000071e+01 1.942727598524166766e+00
1.490000000000000036e+01 1.837946062006931225e+00
1.500000000000000000e+01 6.223151153287860282e+00
1.510000000000000142e+01 4.931816968530831957e+00
1.520000000000000107e+01 8.387801998768841250e-01
1.530000000000000071e+01 2.118892752381608346e+01
1.540000000000000036e+01 9.347401744901083775e-01
1.550000000000000000e+01 4.856607861319863773e+00
1.560000000000000142e+01 4.439543136817351687e+00
1.570000000000000107e+01 2.856058937144283494e+00
1.580000000000000071e+01 2.469972601954992353e+00
1.590000000000000036e+01 2.863279494163848860e+00
1.600000000000000000e+01 1.960262559472680355e+00
1.610000000000000142e+01 7.554515905463089487e-01
1.619999999999999929e+01 1.676356866428599490e+00
1.630000000000000071e+01 2.120332289757077771e+00
1.640000000000000213e+01 6.135000473763604134e+00
1.650000000000000000e+01 6.097562281325192401e+00
1.660000000000000142e+01 3.350666621375568255e+00
1.669999999999999929e+01 1.783563319584293261e+00
1.680000000000000071e+01 2.104348733441320896e+00
1.690000000000000213e+01 1.551741900174794742e+00
1.700000000000000000e+01 2.441130809052336037e+00
1.710000000000000142e+01 1.075055499148393823e+00
1.719999999999999929e+01 1.133577438663849524e+00
1.730000000000000071e+01 6.411314890845626335e-01
1.740000000000000213e+01 7.466431339278200019e-01
1.750000000000000000e+01 9.454336275595947026e-01
1.760000000000000142e+01 8.083224409769518282e-01
1.769999999999999929e+01 1.148752026121674819e+00
1.780000000000000071e+01 1.562181061066298504e+00
1.790000000000000213e+01 2.950910525993855504e+00
1.800000000000000000e+01 2.582701153629034518e+00
1.810000000000000142e+01 2.130829207186429652e+00
1.819999999999999929e+01 1.136571509020586124e+00
1.830000000000000071e+01 3.403608468272597332e+00
1.840000000000000213e+01 3.490211123676000504e+00
1.850000000000000000e+01 1.095852545952826551e+00
1.860000000000000142e+01 1.137002348901321902e+00
1.869999999999999929e+01 1.840627107177343458e+00
1.880000000000000071e+01 9.656753876402015546e-01
1.890000000000000213e+01 6.943601169344425506e-01
1.900000000000000000e+01 4.550918163386314941e-01
1.910000000000000142e+01 9.829871628859991883e-01
1.920000000000000284e+01 1.947674193062381542e+00
1.930000000000000071e+01 1.493946905474289100e+00
1.940000000000000213e+01 2.853546635223620953e+00
1.950000000000000000e+01 9.315294767159640887e-01
1.960000000000000142e+01 2.760833163353346720e-01
1.970000000000000284e+01 1.226443200607244988e+00
1.980000000000000071e+01 1.886111168242777358e+00
1.990000000000000213e+01 2.056653954561981745e+00
2.000000000000000000e+01 4.293750744446581002e+00
2.010000000000000142e+01 2.128590551419000665e+00
2.020000000000000284e+01 1.906318779479552195e+00
2.030000000000000071e+01 6.863319027901063629e-01
2.040000000000000213e+01 5.136433348801987542e-01
2.050000000000000000e+01 5.386031917204988639e-01
2.060000000000000142e+01 1.838021037667477042e+00
2.070000000000000284e+01 6.320305475546433849e-01
2.080000000000000071e+01 6.995197781261738301e-01
2.090000000000000213e+01 5.551835098240724964e-01
2.100000000000000000e+01 1.058455149748512181e+00
2.110000000000000142e+01 2.438724620505632046e-01
2.120000000000000284e+01 2.266632052945812270e-01
2.130000000000000071e+01 4.038364710174183747e-01
2.140000000000000213e+01 3.220114312842340953e-01
2.150000000000000000e+01 5.142114473738086389e-01
2.160000000000000142e+01 1.273715220480481580e+00
2.170000000000000284e+01 6.152071559066419892e-01
2.180000000000000071e+01 7.269815184307194533e-01
2.190000000000000213e+01 1.019929047113326881e+00
2.200000000000000000e+01 1.378289421094865075e+00
2.210000000000000142e+01 1.038985444871745711e+00
2.220000000000000284e+01 8.435706559711543262e-01
2.230000000000000071e+01 1.102167132259870730e+00
2.240000000000000213e+01 3.607346013964702891e-01
2.250000000000000000e+01 4.553432829607286236e-01
2.260000000000000142e+01 6.770904156881583091e-01
2.270000000000000284e+01 7.392688831022363738e-01
2.280000000000000071e+01 8.583227990139595809e-01
2.290000000000000213e+01 6.175929018482679833e-01
2.300000000000000000e+01 5.109248533098299516e-01
2.310000000000000142e+01 8.247867943099043142e-01
2.320000000000000284e+01 1.486802396515482849e+00
2.330000000000000071e+01 6.110434785511000833e-01
2.340000000000000213e+01 1.816153713599071073e+00
2.350000000000000000e+01 1.202766255091091141e+00
2.360000000000000142e+01 8.095280585307379484e-01
2.370000000000000284e+01 3.581170964796437373e-01
2.380000000000000071e+01 1.056414762092514170e+00
2.390000000000000213e+01 7.216358050884871256e-01
2.400000000000000000e+01 8.312043479360270437e-01
2.410000000000000142e+01 2.655741711279651973e+00
2.420000000000000284e+01 1.489822196934004417e+00
2.430000000000000071e+01 1.147747785782821106e+00
2.440000000000000213e+01 1.654049395373599518e+00
2.450000000000000000e+01 6.136338289896089426e-01
2.460000000000000142e+01 8.332373219774737994e-01
2.470000000000000284e+01 3.817598840103553770e-01
2.480000000000000071e+01 2.581575592716852663e-01
2.490000000000000213e+01 6.050354462702128844e-01
2.500000000000000000e+01 2.203304903108795898e+00
2.510000000000000142e+01 2.335589101024786007e+00
2.520000000000000284e+01 3.937311468597327613e-01
2.530000000000000071e+01 2.248189795426311366e-01
2.540000000000000213e+01 8.460825458688130407e-01
2.550000000000000000e+01 6.958770284572682874e-01
2.560000000000000142e+01 8.098809783254072858e-01
2.570000000000000284e+01 4.111747173478078610e-01
2.580000000000000071e+01 3.062471901668879504e-01
2.590000000000000213e+01 3.610421914979127234e-01
2.600000000000000000e+01 7.267911148908964281e-01
2.610000000000000142e+01 6.172517300796814821e-01
2.620000000000000284e+01 6.578023628371196807e-01
2.630000000000000071e+01 3.003330474417300056e-01
2.640000000000000213e+01 4.878766856483673919e-01
2.650000000000000000e+01 3.844565772035483109e-01
2.660000000000000142e+01 4.260151047798446666e-01
2.670000000000000284e+01 5.184935210825502017e-01
2.680000000000000071e+01 4.038248659943403096e-01
2.690000000000000213e+01 5.014098807434522742e-01
2.700000000000000000e+01 6.206592750381264567e-01
2.710000000000000142e+01 1.526704794146904520e+00
2.720000000000000284e+01 1.033801145292492230e+00
2.730000000000000071e+01 9.715552945368212123e-01
2.740000000000000213e+01 6.013594721149879696e-01
2.750000000000000000e+01 2.051009538739933191e+00
2.760000000000000142e+01 7.384726545168953660e-01
2.770000000000000284e+01 2.406539123334596186e-01
2.780000000000000071e+01 4.889791416017424952e-01
2.790000000000000213e+01 3.047011649452134874e-01
2.800000000000000000e+01 5.177199339652789334e-01
2.810000000000000142e+01 2.704359982478833357e-01
2.820000000000000284e+01 8.830415945183049953e-01
2.830000000000000071e+01 3.748452479958793160e-01
2.840000000000000213e+01 7.969075617748818674e-01
2.850000000000000000e+01 1.003214064298725727e+00
2.860000000000000142e+01 6.004175379854153061e-01
2.870000000000000284e+01 3.798054517887709536e-01
2.880000000000000071e+01 8.601201930303864485e-01
2.890000000000000213e+01 4.862887540037286183e-01
2.900000000000000000e+01 3.435273004420416609e-01
2.910000000000000142e+01 1.370531213093613143e+00
2.920000000000000284e+01 1.168213456840207831e+00
2.930000000000000071e+01 8.779001664712151598e-01
2.940000000000000213e+01 1.723824160943098649e+00
2.950000000000000000e+01 1.031413403087237279e+00
2.960000000000000142e+01 2.518142776052877618e+00
2.970000000000000284e+01 2.050657112210354072e+00
2.980000000000000071e+01 4.196679923467303008e-01
2.990000000000000213e+01 4.991360895051920599e-01
3.000000000000000000e+01 1.107942514874280304e+00
3.010000000000000142e+01 7.611708682576073803e-01
3.020000000000000284e+01 3.517532147775674911e+00
3.030000000000000071e+01 7.136676584047769722e-01
3.040000000000000213e+01 2.999569491253341602e-01
3.050000000000000000e+01 4.157567977837303141e-01
3.060000000000000142e+01 2.551692413929455672e+00
3.070000000000000284e+01 1.846015898462348703e+00
3.080000000000000071e+01 1.268987756012206036e+00
3.090000000000000213e+01 2.370731605538573206e+00
3.100000000000000000e+01 9.811288905712460817e-01
3.110000000000000142e+01 1.170331985500597582e+00
3.120000000000000284e+01 1.281465778265452604e+00
3.130000000000000071e+01 1.588509537709066111e+00
3.140000000000000213e+01 1.153576707697562931e+00
3.150000000000000000e+01 4.017243877718824074e-01
3.160000000000000142e+01 4.917886348835062149e-01
3.170000000000000284e+01 1.535852988935501706e+00
3.180000000000000071e+01 9.883934848309796628e-01
3.190000000000000213e+01 2.179289445980574946e+00
3.200000000000000000e+01 1.141863640444036987e+00
3.210000000000000142e+01 9.199400243383234477e-01
3.220000000000000284e+01 1.574631341789631378e+00
3.230000000000000426e+01 2.062105602692694717e+00
3.239999999999999858e+01 1.284831398390966717e+00
3.250000000000000000e+01 5.566915665870659780e-01
3.260000000000000142e+01 1.125643258213808950e+00
3.270000000000000284e+01 4.239692100286208687e-01
3.280000000000000426e+01 4.966546209667433986e-01
3.289999999999999858e+01 1.927131165840447746e-01
3.300000000000000000e+01 6.738066203739434545e-01
3.310000000000000142e+01 3.963882686358359275e-01
3.320000000000000284e+01 1.179945764105258643e+00
3.330000000000000426e+01 7.872703513762869809e-01
3.339999999999999858e+01 1.207504146039390491e+00
3.350000000000000000e+01 5.520074297724243406e-01
3.360000000000000142e+01 1.244688080640969918e+00
3.370000000000000284e+01 5.039138371873196354e-01
3.380000000000000426e+01 6.075028660010926007e-01
3.389999999999999858e+01 2.996829305414071554e-01
3.400000000000000000e+01 4.139197646685153775e-01
3.410000000000000142e+01 6.951378060498979439e-01
3.420000000000000284e+01 1.097605683272237620e+00
3.430000000000000426e+01 5.634290413243527862e-01
3.439999999999999858e+01 4.925035120242895470e-01
3.450000000000000000e+01 4.004245753457822965e-01
3.460000000000000142e+01 3.498425127917004773e-01
3.470000000000000284e+01 4.090883066327163919e-01
3.480000000000000426e+01 8.562167317714713954e-01
3.489999999999999858e+01 9.470494713775694517e-01
3.500000000000000000e+01 1.195832299943707655e+00
3.510000000000000142e+01 1.472400870217799307e+00
3.520000000000000284e+01 8.595440105343634674e-01
3.530000000000000426e+01 8.791167072278995853e-01
3.539999999999999858e+01 1.417090032724191540e+00
3.550000000000000000e+01 5.041562771408185650e-01
3.560000000000000142e+01 3.897769029177686195e-01
3.570000000000000284e+01 2.102559726881954028e-01
3.580000000000000426e+01 9.492168938295887370e-01
3.589999999999999858e+01 1.332212609764592104e+00
3.600000000000000000e+01 1.703041645264145698e+00
3.610000000000000142e+01 9.651341535238644465e-01
3.620000000000000284e+01 1.171856468717218158e+00
3.630000000000000426e+01 1.329405052421024358e+00
3.639999999999999858e+01 8.591079769149821965e-01
3.650000000000000000e+01 8.944452969408469567e-01
3.660000000000000142e+01 6.926501156066711129e-01
3.670000000000000284e+01 3.614699861576594064e-01
3.680000000000000426e+01 9.402392795252846325e-01
3.689999999999999858e+01 6.003605779411229637e-01
3.700000000000000000e+01 6.169203149461729430e-01
3.710000000000000142e+01 7.867018071317214423e-01
3.720000000000000284e+01 3.338739490648951480e-01
3.730000000000000426e+01 2.127347005455762496e-01
3.739999999999999858e+01 2.457139104213278968e-01
3.750000000000000000e+01 3.699645108252100356e-01
3.760000000000000142e+01 3.822127647331336475e-01
3.770000000000000284e+01 3.926923143671584571e-01
3.780000000000000426e+01 4.209200744327102339e-01
3.789999999999999858e+01 2.414435658173276766e-01
3.800000000000000000e+01 1.097524672369263460e-01
3.810000000000000142e+01 1.674151727097088482e-01
3.820000000000000284e+01 3.271772413556664483e-01
3.830000000000000426e+01 5.670837975313280932e-01
3.840000000000000568e+01 5.928135517041900338e-01
3.850000000000000000e+01 4.894593874742796391e-01
3.860000000000000142e+01 6.498765806879428508e-01
3.870000000000000284e+01 1.089096853277911503e+00
3.880000000000000426e+01 1.043651889608723460e+00
3.890000000000000568e+01 5.907121853205365980e-01
3.900000000000000000e+01 4.367177395687545927e-01
3.910000000000000142e+01 7.937247464666712382e-01
3.920000000000000284e+01 3.751057381818528880e-01
3.930000000000000426e+01 3.290223879582093724e-01
3.940000000000000568e+01 2.758897036814920711e-01
3.950000000000000000e+01 1.768865348019402206e-01
3.960000000000000142e+01 2.872676043932972378e-01
3.970000000000000284e+01 3.589538917227027004e-01
3.980000000000000426e+01 4.694932652369905868e-01
3.990000000000000568e+01 1.097168834317577002e-01
4.000000000000000000e+01 1.766991036814116733e-01
4.010000000000000142e+01 1.482501412103816307e-01
4.020000000000000284e+01 4.340325152997527858e-01
4.030000000000000426e+01 7.613186415652034578e-01
4.040000000000000568e+01 6.840955890369641024e-01
4.050000000000000000e+01 5.671237046549379990e-01
4.060000000000000142e+01 4.584206857090357135e-01
4.070000000000000284e+01 9.599964830396509052e-01
4.080000000000000426e+01 2.151999310561321099e-01
4.090000000000000568e+01 9.236016992635638356e-01
4.100000000000000000e+01 3.819257229015898258e-01
4.110000000000000142e+01 3.146411169765871430e-01
4.120000000000000284e+01 2.331139027920281770e-01
4.130000000000000426e+01 2.467283738102364343e-01
4.140000000000000568e+01 3.180374209862353307e-01
4.150000000000000000e+01 1.573629404438320334e-01
4.160000000000000142e+01 2.269981917995685661e-01
4.170000000000000284e+01 1.839561089788563086e-01
4.180000000000000426e+01 1.921586978733411111e-01
4.190000000000000568e+01 2.106657976252659659e-01
4.200000000000000000e+01 1.767015675265578012e-01
4.210000000000000142e+01 7.668270309287636421e-02
4.220000000000000284e+01 3.399022110973882183e-01
4.230000000000000426e+01 4.343667824258902743e-01
4.240000000000000568e+01 2.879030177420109915e-01
4.250000000000000000e+01 6.836033493288471430e-01
4.260000000000000142e+01 3.910673173420881055e-01
4.270000000000000284e+01 8.641651194749875309e-01
4.280000000000000426e+01 4.467034178832077762e-01
4.290000000000000568e+01 3.148186389037316846e-01
4.300000000000000000e+01 3.163898732511732925e-01
4.310000000000000142e+01 1.913388181943787292e-01
4.320000000000000284e+01 2.515393432098237958e-01
4.330000000000000426e+01 2.017600783388121266e-01
4.340000000000000568e+01 1.516747893996505947e-01
4.350000000000000000e+01 1.239072270505280210e-01
4.360000000000000142e+01 1.494634689034046171e-01
4.370000000000000284e+01 2.815794457468709933e-01
4.380000000000000426e+01 2.099373510955559463e-01
4.390000000000000568e+01 1.631803000960516947e-01
4.400000000000000000e+01 3.199732719155683469e-01
4.410000000000000142e+01 9.454869432706662913e-01
4.420000000000000284e+01 1.054360461949860106e+00
4.430000000000000426e+01 9.628705507981422107e-01
4.440000000000000568e+01 8.421208502880030977e-01
4.450000000000000000e+01 1.891007718105245594e+00
4.460000000000000142e+01 2.806682779292134278e+00
4.470000000000000284e+01 1.015597123760317855e+00
4.480000000000000426e+01 1.364985373488545317e+00
4.490000000000000568e+01 1.435768738851943338e+00
4.500000000000000000e+01 1.523504930064649709e+00
4.510000000000000142e+01 7.565935692523685641e-02
4.520000000000000284e+01 1.596282892063619063e-01
4.530000000000000426e+01 6.480963239396362319e-01
4.540000000000000568e+01 1.360216421633254624e+00
4.550000000000000000e+01 5.256711970717675708e-01
4.560000000000000142e+01 3.317984010529721473e-01
4.570000000000000284e+01 1.097910037639720171e+00
4.580000000000000426e+01 7.645951624612026265e-01
4.590000000000000568e+01 1.445542418756565084e+00
4.600000000000000000e+01 1.098822992983848668e+00
4.610000000000000142e+01 1.924349533549985614e+00
4.620000000000000284e+01 1.981436402729463531e+00
4.630000000000000426e+01 6.749846442411207015e-01
4.640000000000000568e+01 1.079725253906335780e+00
4.650000000000000000e+01 2.588553237621757930e+00
4.660000000000000142e+01 1.131304598885691792e+00
4.670000000000000284e+01 6.129181959810072744e-01
4.680000000000000426e+01 6.831807581466988744e-01
4.690000000000000568e+01 5.278098363689019967e-01
4.700000000000000000e+01 1.214481007261245749e+00
4.710000000000000142e+01 2.833758457430577415e-01
4.720000000000000284e+01 3.104420206108277625e-01
4.730000000000000426e+01 1.912881952478725500e-01
4.740000000000000568e+01 2.048803949942515079e-01
4.750000000000000000e+01 2.657121156356452851e-01
4.760000000000000142e+01 2.880657494258668239e-01
4.770000000000000284e+01 3.578260174416996731e-01
4.780000000000000426e+01 6.636502196525254638e-01
4.790000000000000568e+01 5.144262596693288669e-01
4.800000000000000000e+01 6.195175752767341226e-01
4.810000000000000142e+01 2.624346775503246798e-01
4.820000000000000284e+01 2.352641093105774794e-01
4.830000000000000426e+01 3.578348908170491116e-01
4.840000000000000568e+01 3.800761132482569082e-01
4.850000000000000000e+01 6.592403124730442654e-01
4.860000000000000142e+01 2.482492713421490527e-01
4.870000000000000284e+01 4.710001677116813501e-01
4.880000000000000426e+01 3.579572024370679117e-01
4.890000000000000568e+01 1.722340867971330625e-01
4.900000000000000000e+01 2.158822019686890692e-01
4.910000000000000142e+01 1.466828227611587931e-01
4.920000000000000284e+01 8.850904716348347023e-02
4.930000000000000426e+01 8.793069713465612169e-02
4.940000000000000568e+01 2.297849247379047111e-01
4.950000000000000000e+01 2.786880108302401959e-01
4.960000000000000142e+01 2.354564987568049383e-01
4.970000000000000284e+01 1.846705246190380456e-01
4.980000000000000426e+01 4.932849136363788856e-01
4.990000000000000568e+01 1.797864976233504164e-01
5.000000000000000000e+01 4.818441839312318509e-01
5.010000000000000142e+01 6.425910866668491650e-01
5.020000000000000284e+01 1.624254164514454368e+00
5.030000000000000426e+01 2.461358627675784838e+00
5.040000000000000568e+01 2.270463267813507269e-01
5.050000000000000000e+01 1.343774942957312257e+00
5.060000000000000142e+01 7.185679975104715123e-01
5.070000000000000284e+01 6.492281535075452581e-01
5.080000000000000426e+01 1.676647673197466659e+00
5.090000000000000568e+01 1.230064701608653221e+00
5.100000000000000000e+01 7.548429130016897082e-01
5.110000000000000142e+01 8.606914748347552768e-01
5.120000000000000284e+01 3.311999885486271111e+00
5.130000000000000426e+01 2.585474533736538572e+00
5.140000000000000568e+01 2.329547312937329195e+00
5.150000000000000000e+01 3.133149418708266465e-01
5.160000000000000142e+01 2.897844655441570438e-01
5.170000000000000284e+01 5.263389950594462574e-01
5.180000000000000426e+01 5.002769833539938427e-01
5.190000000000000568e+01 5.947412864159341561e-01
5.200000000000000000e+01 1.361046052370678217e+00
5.210000000000000142e+01 1.897176086953138663e+00
5.220000000000000284e+01 3.004030707491820440e+00
5.230000000000000426e+01 1.290127355893968764e+00
5.240000000000000568e+01 1.612706335000643643e+00
5.250000000000000000e+01 1.767844415745092990e+00
5.260000000000000142e+01 7.003786358216017582e-01
5.270000000000000284e+01 1.151617614729286032e+00
5.280000000000000426e+01 2.339561625465433004e+00
5.290000000000000568e+01 4.468256812475736695e+00
5.300000000000000000e+01 1.893207138098770503e+00
5.310000000000000142e+01 1.368758597128511223e+00
5.320000000000000284e+01 3.603640041130081073e+00
5.330000000000000426e+01 2.169062651602622349e+00
5.340000000000000568e+01 2.261297775339485006e-01
5.350000000000000000e+01 1.411204053482151499e+00
5.360000000000000142e+01 2.494358527289925131e+00
5.370000000000000284e+01 2.645923944929843064e+00
5.380000000000000426e+01 1.930080005147312594e+00
5.390000000000000568e+01 2.553860251270884785e+00
5.400000000000000000e+01 2.049304383886409120e+00
5.410000000000000142e+01 2.163464355590638988e+00
5.420000000000000284e+01 2.453660349846668254e+00
5.430000000000000426e+01 1.537014727424221183e+00
5.440000000000000568e+01 2.601898220568396702e+00
5.450000000000000000e+01 3.319233136394934114e+00
5.460000000000000142e+01 5.658166123167309713e+00
5.470000000000000284e+01 1.480366515631153312e+01
5.480000000000000426e+01 5.410432532481019408e+00
5.490000000000000568e+01 4.966758992028073472e+00
5.500000000000000000e+01 3.060692893566416384e+00
5.510000000000000142e+01 1.080906267650850072e+00
5.520000000000000284e+01 2.324782280275240254e+00
5.530000000000000426e+01 3.820817625394570705e+00
5.540000000000000568e+01 3.585257577765511794e+00
5.550000000000000000e+01 1.399810431781658204e+00
5.560000000000000142e+01 1.221269852155694391e+00
5.570000000000000284e+01 2.860668877195246651e+00
5.580000000000000426e+01 2.751338471228706783e+00
5.590000000000000568e+01 1.511846673449032785e+00
5.600000000000000000e+01 2.223047725046184642e+00
5.610000000000000142e+01 1.716599113656243070e+00
5.620000000000000284e+01 1.746043970875833296e+00
5.630000000000000426e+01 1.935982242384979735e+00
5.640000000000000568e+01 3.275090457557729984e+00
5.650000000000000000e+01 2.201414832524550835e+00
5.660000000000000142e+01 6.105438899890734961e-01
5.670000000000000284e+01 9.295131172150858934e-01
5.680000000000000426e+01 1.499424946114126245e+00
5.690000000000000568e+01 1.914040483428900208e+00
5.700000000000000000e+01 3.434914359016731034e+00
5.710000000000000142e+01 2.627922323213731648e+00
5.720000000000000284e+01 2.322776811018200771e+00
5.730000000000000426e+01 2.270101983786485089e+00
5.740000000000000568e+01 1.242842773702112158e+00
5.750000000000000000e+01 1.068288616051699114e+00
5.760000000000000142e+01 1.009717424318449241e+00
5.770000000000000284e+01 1.357336869057219175e+00
5.780000000000000426e+01 7.397956492909290027e-01
5.790000000000000568e+01 1.386060869802469009e+00
5.800000000000000000e+01 2.611373615384322555e+00
5.810000000000000142e+01 1.374002212544640056e+00
5.820000000000000284e+01 1.425984184398693566e+00
5.830000000000000426e+01 2.513340188875330394e+00
5.840000000000000568e+01 2.052511395921346793e+00
5.850000000000000000e+01 6.118577193944860770e-01
5.860000000000000142e+01 6.024587570163834060e-01
5.870000000000000284e+01 7.171064448403293712e-01
5.880000000000000426e+01 4.586932325504836094e-01
5.890000000000000568e+01 5.487533801897831465e-01
5.900000000000000000e+01 1.508456256275514162e+00
5.910000000000000142e+01 5.582381603697624817e-01
5.920000000000000284e+01 1.545372050017304488e+00
5.930000000000000426e+01 9.572902486843615222e-01
5.940000000000000568e+01 6.404635656552948308e-01
5.950000000000000000e+01 5.629279600829629748e-01
5.960000000000000142e+01 2.308682025460513820e+00
5.970000000000000284e+01 2.107188288071953686e+00
5.980000000000000426e+01 4.428146585282036973e+00
5.990000000000000568e+01 4.395815320811627736e+00
6.000000000000000000e+01 4.473947116997440077e+00
6.010000000000000142e+01 4.062631937640438728e+00
6.020000000000000284e+01 2.661914908872466512e+00
6.030000000000000426e+01 6.538940072789589664e+00
6.040000000000000568e+01 3.047714380704479975e+00
6.050000000000000000e+01 1.489573553346365431e+00
6.060000000000000142e+01 1.344615414107315665e+00
6.070000000000000284e+01 6.850730999292701240e-01
6.080000000000000426e+01 1.177376574073503601e+00
6.090000000000000568e+01 3.185489708126374997e-01
6.100000000000000000e+01 1.462386222356841792e+00
6.110000000000000142e+01 4.027744228536635163e+00
6.120000000000000284e+01 4.022091760898280910e+00
6.130000000000000426e+01 1.564915360696214730e+00
6.140000000000000568e+01 2.058124258641016002e+00
6.150000000000000000e+01 1.468967164401052239e+00
6.160000000000000142e+01 1.315982470345200772e+00
6.170000000000000284e+01 2.524820035211087887e+00
6.180000000000000426e+01 1.748122222885285293e+00
6.190000000000000568e+01 8.000435696823875453e-01
6.200000000000000000e+01 4.858933804882746288e-01
6.210000000000000142e+01 1.210102282644158533e+00
6.220000000000000284e+01 7.548980347023018789e-01
6.230000000000000426e+01 1.468224835247369464e+00
6.240000000000000568e+01 1.203844636460889461e+00
6.250000000000000000e+01 2.141392195993827574e+00
6.260000000000000142e+01 2.074130113953510435e+00
6.270000000000000284e+01 1.011819785337024324e+00
6.280000000000000426e+01 9.471472813010398673e-01
6.290000000000000568e+01 7.615542462516962097e-01
6.300000000000000000e+01 1.000163262232804051e+00
6.310000000000000142e+01 6.829676864481207810e-01
6.320000000000000284e+01 2.293772308686563122e+00
6.330000000000000426e+01 7.674317780123647292e-01
6.340000000000000568e+01 4.329547783632116675e-01
6.350000000000000000e+01 5.019535488898611009e-01
6.360000000000000142e+01 1.451476436569141493e+00
6.370000000000000284e+01 6.014358734769643666e-01
6.380000000000000426e+01 3.865227386291819056e-01
6.390000000000000568e+01 2.958992318993361459e-01
6.400000000000000000e+01 2.085458603913508957e-01
6.410000000000000853e+01 4.216528353773171811e-01
6.420000000000000284e+01 3.627963666759460026e-01
6.429999999999999716e+01 3.514488666623513669e-01
6.440000000000000568e+01 3.802473199173522778e-01
6.450000000000000000e+01 4.993219786523209192e-01
6.460000000000000853e+01 8.470711141433774349e-01
6.470000000000000284e+01 2.471436169774074154e-01
6.479999999999999716e+01 3.637214872619205508e-01
6.490000000000000568e+01 7.551732889365441181e-01
6.500000000000000000e+01 1.441566125382554298e-01
6.510000000000000853e+01 1.870985442116153141e-01
6.520000000000000284e+01 2.006937539456173925e-01
6.529999999999999716e+01 5.726589987106968094e-01
6.540000000000000568e+01 2.759035857525860558e-01
6.550000000000000000e+01 1.347616697190124002e+00
6.560000000000000853e+01 1.998704662449593827e-01
6.570000000000000284e+01 9.977057308793708945e-02
6.579999999999999716e+01 2.573327665293914657e-01
6.590000000000000568e+01 3.893724927874287478e-01
6.600000000000000000e+01 2.992679529081472278e-01
6.610000000000000853e+01 3.444978834233604070e-01
6.620000000000000284e+01 3.299527509381807722e-01
6.629999999999999716e+01 4.930048927217507981e-01
6.640000000000000568e+01 5.177564242116905469e-01
6.650000000000000000e+01 4.805655190798078236e-01
6.660000000000000853e+01 2.118634884729838408e+00
6.670000000000000284e+01 2.161362112011670167e+00
6.679999999999999716e+01 1.692566397814185164e+00
6.690000000000000568e+01 2.431634615463101223e+00
6.700000000000000000e+01 2.454900229586139293e+00
6.710000000000000853e+01 1.021622313919607450e+00
6.720000000000000284e+01 6.393368441884224040e-01
6.729999999999999716e+01 6.351852736102449049e-01
6.740000000000000568e+01 8.304411261082464968e-01
6.750000000000000000e+01 7.321908972239600244e-01
6.760000000000000853e+01 6.275708658239184112e-01
6.770000000000000284e+01 5.618381049505775104e-01
6.779999999999999716e+01 5.082546579164742839e-01
6.790000000000000568e+01 8.032116972446372571e-01
6.800000000000000000e+01 2.323878981917653519e+00
6.810000000000000853e+01 1.265218990299175505e+00
6.820000000000000284e+01 7.133587028176173739e-01
6.829999999999999716e+01 7.312094949104183117e-01
6.840000000000000568e+01 2.368359123254214271e+00
6.850000000000000000e+01 1.544054361825504706e+00
6.860000000000000853e+01 7.625393526981545378e-01
6.870000000000000284e+01 1.541513139501180296e+00
6.879999999999999716e+01 1.661699527208308602e+00
6.890000000000000568e+01 2.004137936753178639e+00
6.900000000000000000e+01 1.445552014092169379e+00
6.910000000000000853e+01 7.631015205190938566e-01
6.920000000000000284e+01 4.135759198027162409e-01
6.929999999999999716e+01 4.205659449973374042e-01
6.940000000000000568e+01 8.161321118041255929e-01
6.950000000000000000e+01 5.232105268187070557e-01
6.960000000000000853e+01 6.552394723654497710e-01
6.970000000000000284e+01 4.517803982275098162e-01
6.979999999999999716e+01 4.512182115316458741e-01
6.990000000000000568e+01 4.212916697191968485e-01
7.000000000000000000e+01 6.998928339771631757e-01
7.010000000000000853e+01 6.848942781816174108e-01
7.020000000000000284e+01 3.094598352544721820e-01
7.029999999999999716e+01 3.533766790769612975e-01
7.040000000000000568e+01 5.104104395931781113e-01
7.050000000000000000e+01 9.016761616102444421e-01
7.060000000000000853e+01 1.499207231253268491e+00
7.070000000000000284e+01 8.188774737056527808e-01
7.079999999999999716e+01 5.934692810455782785e-01
7.090000000000000568e+01 1.520627406630196965e-01
7.100000000000000000e+01 1.542687687475117753e-01
7.110000000000000853e+01 3.909218704727348559e-01
7.120000000000000284e+01 3.674226813644837497e-01
7.129999999999999716e+01 2.663737313114720173e-01
7.140000000000000568e+01 5.867647058179003006e-01
7.150000000000000000e+01 1.426648193008308307e-01
7.160000000000000853e+01 3.348394288196746560e-01
7.170000000000000284e+01 6.465283422969416716e-01
7.179999999999999716e+01 3.315491604668523440e-01
7.190000000000000568e+01 9.000020605564003351e-02
7.200000000000000000e+01 2.775387745368532166e-01
7.210000000000000853e+01 3.515462189327254738e-01
7.220000000000000284e+01 1.910913586614200466e-01
7.229999999999999716e+01 3.717405101185737859e-01
7.240000000000000568e+01 4.348711283619541290e-01
7.250000000000000000e+01 3.109339035153603215e-01
7.260000000000000853e+01 7.283860750159012465e-01
7.270000000000000284e+01 4.471692589032462695e-01
7.279999999999999716e+01 1.949557918909783361e-01
7.290000000000000568e+01 1.519024426510245940e-01
7.300000000000000000e+01 1.676589668531456301e-01
7.310000000000000853e+01 1.569253614575166766e-01
7.320000000000000284e+01 2.954205961211129328e-01
7.329999999999999716e+01 1.538703497334475701e-01
7.340000000000000568e+01 1.753294182790752220e-01
7.350000000000000000e+01 1.786020130487213919e-01
7.360000000000000853e+01 1.145190146004383958e-01
7.370000000000000284e+01 1.145583486496608988e-01
7.379999999999999716e+01 1.781961928712643695e-01
7.390000000000000568e+01 3.218846864456823553e-01
7.400000000000000000e+01 1.881687033392915043e-01
7.410000000000000853e+01 2.072372676602459718e-01
7.420000000000000284e+01 2.173743458720260313e-01
7.429999999999999716e+01 3.326866463031349364e-01
7.440000000000000568e+01 1.660211384798980228e-01
7.450000000000000000e+01 3.532446899160717746e-01
7.460000000000000853e+01 7.924198106553689280e-01
7.470000000000000284e+01 5.410686724036326556e-01
7.479999999999999716e+01 4.814927161239370701e-01
7.490000000000000568e+01 3.124031801132526875e-01
7.500000000000000000e+01 5.388288824734197568e-01
7.510000000000000853e+01 2.850412618863483738e-01
7.520000000000000284e+01 6.109176137405234464e-01
7.529999999999999716e+01 8.940554452734934543e-01
7.540000000000000568e+01 4.142294113740991324e-01
7.550000000000000000e+01 6.115757493722552285e-01
7.560000000000000853e+01 3.684924157915988596e-01
7.570000000000000284e+01 1.102738443693731751e+00
7.579999999999999716e+01 1.672908773022076190e+00
7.590000000000000568e+01 5.859169344839563198e-01
7.600000000000000000e+01 6.576259003010105353e-01
7.610000000000000853e+01 1.735911043060329728e+00
7.620000000000000284e+01 6.132084675593217904e-01
7.629999999999999716e+01 5.080235425275544392e-01
7.640000000000000568e+01 7.545358319146738824e-01
7.650000000000000000e+01 9.895916984087809176e-01
7.660000000000000853e+01 1.573363055334720650e+00
7.670000000000000284e+01 4.638843756719637779e-01
7.680000000000001137e+01 2.914572539229586923e+00
7.690000000000000568e+01 1.786079222837898550e+00
7.700000000000000000e+01 9.213756181348512486e-01
7.710000000000000853e+01 1.532401835387775302e+00
7.720000000000000284e+01 1.088331729411528226e+00
7.730000000000001137e+01 1.769855867945651751e+00
7.740000000000000568e+01 6.559778784416028241e-01
7.750000000000000000e+01 6.919922686588220184e-01
7.760000000000000853e+01 1.102365792560979774e+00
7.770000000000000284e+01 1.177542255320718434e+00
7.780000000000001137e+01 6.953784203400273922e-01
7.790000000000000568e+01 7.989736900376273043e-01
7.800000000000000000e+01 1.227097260068148454e+00
7.810000000000000853e+01 3.175673784946250411e+00
7.820000000000000284e+01 6.301102927747539439e+00
7.830000000000001137e+01 3.107795543025442253e+00
7.840000000000000568e+01 2.706837577597114741e+00
7.850000000000000000e+01 2.898484379055801696e+00
7.860000000000000853e+01 2.334239418938612420e+00
7.870000000000000284e+01 1.281507774709359948e+00
7.880000000000001137e+01 5.023323157809111983e-01
7.890000000000000568e+01 8.268027546888981894e-01
7.900000000000000000e+01 7.048210893726064574e-01
7.910000000000000853e+01 8.688247188715978453e-01
7.920000000000000284e+01 1.385429246841145101e+00
7.930000000000001137e+01 5.286600390473314981e-01
7.940000000000000568e+01 3.030929180655741462e-01
7.950000000000000000e+01 9.983494536791797103e-01
7.960000000000000853e+01 3.769356954046165220e-01
7.970000000000000284e+01 3.621790203639351780e-01
7.980000000000001137e+01 7.451165010948173073e-01
7.990000000000000568e+01 6.666142834340024192e-01
8.000000000000000000e+01 7.281943812808103766e-01
8.010000000000000853e+01 9.105893547597464277e+00
8.020000000000000284e+01 3.256946427347230610e+01
8.030000000000001137e+01 1.348862357787347221e+01
8.040000000000000568e+01 1.288847656818027154e+00
8.050000000000000000e+01 6.006980171205562602e-01
8.060000000000000853e+01 3.586247457438178632e-01
8.070000000000000284e+01 4.850371505196912070e-01
8.080000000000001137e+01 8.591681347413975267e-01
8.090000000000000568e+01 8.028929774362337790e-01
8.100000000000000000e+01 8.340459976941053677e-01
8.110000000000000853e+01 5.911202038838394568e-01
8.120000000000000284e+01 8.658086492488903385e-01
8.130000000000001137e+01 6.776734043175944855e-01
8.140000000000000568e+01 2.551229618748217520e-01
8.150000000000000000e+01 1.459124437967849741e-01
8.160000000000000853e+01 4.068314636220638492e-01
8.170000000000000284e+01 4.638338224890980466e-01
8.180000000000001137e+01 4.921449732642612651e-01
8.190000000000000568e+01 1.147096058273893604e+00
8.200000000000000000e+01 5.172426268331107302e-01
8.210000000000000853e+01 7.846911893532958482e-01
8.220000000000000284e+01 1.449297493665623326e+00
8.230000000000001137e+01 2.648136062339817354e+00
8.240000000000000568e+01 1.260529770263217886e+00
8.250000000000000000e+01 5.003006253342491272e-01
8.260000000000000853e+01 1.573471292165736113e+00
8.270000000000000284e+01 1.237497638114865239e+00
8.280000000000001137e+01 2.158728832880512982e+00
8.290000000000000568e+01 6.577973911952977870e-01
8.300000000000000000e+01 1.054882405678644997e+00
8.310000000000000853e+01 1.752406829938135013e+00
8.320000000000000284e+01 6.834993566836393697e-01
8.330000000000001137e+01 6.844057155701943618e-01
8.340000000000000568e+01 7.014471970926616784e-01
8.350000000000000000e+01 8.677226238768311894e-01
8.360000000000000853e+01 1.498316934454460014e+00
8.370000000000000284e+01 1.547543315245597073e+00
8.380000000000001137e+01 1.082223618202970528e+00
8.390000000000000568e+01 8.212955110061230801e-01
8.400000000000000000e+01 1.422546148801991261e+00
8.410000000000000853e+01 1.175855192815128847e+00
8.420000000000000284e+01 1.264333848560581952e+00
8.430000000000001137e+01 8.222508465991813509e-01
8.440000000000000568e+01 1.006702974891030555e+00
8.450000000000000000e+01 2.099434699342797028e+00
8.460000000000000853e+01 1.705036191232281340e+00
8.470000000000000284e+01 1.307046120883251561e+00
8.480000000000001137e+01 8.531519648789979149e-01
8.490000000000000568e+01 8.330823117765489005e-01
8.500000000000000000e+01 4.446778502768977126e-01
8.510000000000000853e+01 1.879118222759353918e+00
8.520000000000000284e+01 1.543485411370830951e+00
8.530000000000001137e+01 7.290345935341265848e-01
8.540000000000000568e+01 1.155600239431389564e+00
8.550000000000000000e+01 7.140325464910312059e-01
8.560000000000000853e+01 4.682261922694928580e-01
8.570000000000000284e+01 4.599753816237793225e-01
8.580000000000001137e+01 1.381870316346840877e+00
8.590000000000000568e+01 9.740621835238215676e-01
8.600000000000000000e+01 8.106749540662675502e-01
8.610000000000000853e+01 1.394861145053552853e+00
8.620000000000000284e+01 2.272482060811041205e+00
8.630000000000001137e+01 1.179765100971902347e+00
8.640000000000000568e+01 8.129263749197619404e-01
8.650000000000000000e+01 1.096156666198290663e+00
8.660000000000000853e+01 3.831864176365815111e-01
8.670000000000000284e+01 2.523519299141507299e-01
8.680000000000001137e+01 1.910874650201562219e-01
8.690000000000000568e+01 2.588827721650834301e-01
8.700000000000000000e+01 5.711664526671736963e-01
8.710000000000000853e+01 3.908265827232349499e-01
8.720000000000000284e+01 2.402981492134589614e-01
8.730000000000001137e+01 2.536735887676571100e-01
8.740000000000000568e+01 5.530898712964018582e-01
8.750000000000000000e+01 2.651389881114331604e-01
8.760000000000000853e+01 3.430449746175027181e-01
8.770000000000000284e+01 7.453172687914735306e-01
8.780000000000001137e+01 9.445906286565283194e-01
8.790000000000000568e+01 2.975785123427944212e-01
8.800000000000000000e+01 1.868356553502069362e-01
8.810000000000000853e+01 4.251604612800010119e-01
8.820000000000000284e+01 1.475596762879859691e-01
8.830000000000001137e+01 3.553400821851170344e-01
8.840000000000000568e+01 5.910486325349550984e-01
8.850000000000000000e+01 2.682732021785421694e-01
8.860000000000000853e+01 3.171598131756591665e-01
8.870000000000000284e+01 7.160877191030959876e-01
8.880000000000001137e+01 4.067892626240731113e-01
8.890000000000000568e+01 6.645924364442575838e-01
8.900000000000000000e+01 1.899884510020717343e+00
8.910000000000000853e+01 5.260471772424875070e-01
8.920000000000000284e+01 1.030983530485964028e+00
8.930000000000001137e+01 2.036398721151999158e+00
8.940000000000000568e+01 7.735126115196591101e-01
8.950000000000000000e+01 6.075595546689553927e-01
8.960000000000000853e+01 7.156227626271418618e-01
8.970000000000000284e+01 9.335620535537904052e-01
8.980000000000001137e+01 5.335638835169220773e-01
8.990000000000000568e+01 3.624591760576055588e+00
9.000000000000000000e+01 1.928200606352239221e+00
9.010000000000000853e+01 2.494630170980986605e+00
9.020000000000000284e+01 3.470124913343740847e+00
9.030000000000001137e+01 1.662629349824057412e+00
9.040000000000000568e+01 1.220591185368309350e+00
9.050000000000000000e+01 1.810113432375405340e+00
9.060000000000000853e+01 1.192769317925062245e+00
9.070000000000000284e+01 3.217885338981453014e+00
9.080000000000001137e+01 1.068493394483533310e+00
9.090000000000000568e+01 6.043144041671846267e-01
9.100000000000000000e+01 8.646065705626516662e-01
9.110000000000000853e+01 4.848764952751667412e-01
9.120000000000000284e+01 1.210772971903933293e+00
9.130000000000001137e+01 1.203774180433099694e+00
9.140000000000000568e+01 6.080486018601327647e-01
9.150000000000000000e+01 1.174247590692600429e+00
9.160000000000000853e+01 1.741645598697106223e+00
9.170000000000000284e+01 4.432349922862772296e+00
9.180000000000001137e+01 4.748207815488100891e+00
9.190000000000000568e+01 4.668700313539596358e+00
9.200000000000000000e+01 3.640562808667360262e+00
9.210000000000000853e+01 2.282252608891174983e+00
9.220000000000000284e+01 1.008437538638068398e+00
9.230000000000001137e+01 6.452608700267755681e-01
9.240000000000000568e+01 1.296178512955157514e+00
9.250000000000000000e+01 1.625795659847055319e+00
9.260000000000000853e+01 1.452324874977383828e+00
9.270000000000000284e+01 1.637302709058491734e+00
9.280000000000001137e+01 6.299139492371027549e-01
9.290000000000000568e+01 1.118263118869837536e+00
9.300000000000000000e+01 4.285526135976551187e-01
9.310000000000000853e+01 3.491629695050641469e-01
9.320000000000000284e+01 6.222174331346110865e-01
9.330000000000001137e+01 2.704007568816640394e-01
9.340000000000000568e+01 3.391369673147948127e-01
9.350000000000000000e+01 8.145357748119810282e-01
9.360000000000000853e+01 2.375348437539993363e+00
9.370000000000000284e+01 1.526129723050652753e+00
9.380000000000001137e+01 1.069836030030805851e+00
9.390000000000000568e+01 8.423827111434005754e-01
9.400000000000000000e+01 6.886576890901928705e-01
9.410000000000000853e+01 4.393555936220785441e-01
9.420000000000000284e+01 1.000496092291180084e+00
9.430000000000001137e+01 1.133600616059014410e+00
9.440000000000000568e+01 2.283101623564099736e+00
9.450000000000000000e+01 1.889800560982880295e+00
9.460000000000000853e+01 3.199054906373884677e+00
9.470000000000000284e+01 2.251759687127680820e+00
9.480000000000001137e+01 2.031944340253855064e+00
9.490000000000000568e+01 9.591569707510193554e-01
9.500000000000000000e+01 1.119254026312491712e+00
9.510000000000000853e+01 1.559788941823885278e+00
9.520000000000000284e+01 3.850980144521558568e+00
9.530000000000001137e+01 9.332217194812292504e+00
9.540000000000000568e+01 1.149470653279747845e+00
9.550000000000000000e+01 1.592789245083883642e+00
9.560000000000000853e+01 1.551013243178962497e+00
9.570000000000000284e+01 2.599931468496677223e+00
9.580000000000001137e+01 1.684328804398570467e+00
9.590000000000000568e+01 9.641736661588323765e-01
9.600000000000000000e+01 9.445434640519740910e-01
9.610000000000000853e+01 6.543828650562467653e-01
9.620000000000000284e+01 1.222794477322140416e+00
9.630000000000001137e+01 1.027114075389987891e+00
9.640000000000000568e+01 6.292243546778469865e-01
9.650000000000000000e+01 1.166914358878033298e+00
9.660000000000000853e+01 1.235660066813486502e+00
9.670000000000000284e+01 8.208637549350120688e-01
9.680000000000001137e+01 1.341155968573139123e+00
9.690000000000000568e+01 9.091557788660081796e-01
9.700000000000000000e+01 1.909001081886948059e+00
9.710000000000000853e+01 1.541661023130415753e+00
9.720000000000000284e+01 3.032026856121980973e+00
9.730000000000001137e+01 2.545099986890502652e+00
9.740000000000000568e+01 4.162824844508953959e+00
9.750000000000000000e+01 8.482069190855213714e-01
9.760000000000000853e+01 9.013788593845376562e-01
9.770000000000000284e+01 1.046722704410194993e+00
9.780000000000001137e+01 4.915873682188974136e+00
9.790000000000000568e+01 1.152391158240642088e+00
9.800000000000000000e+01 2.318708131705809361e+00
9.810000000000000853e+01 1.865362710837726423e+00
9.820000000000000284e+01 2.260682194614160867e+00
9.830000000000001137e+01 8.635327241049113312e-01
9.840000000000000568e+01 1.132992523319730216e+00
9.850000000000000000e+01 1.586892122105044489e+00
9.860000000000000853e+01 1.062136638416634637e+00
9.870000000000000284e+01 1.252888663110008904e+00
9.880000000000001137e+01 1.498197318976025816e+00
9.890000000000000568e+01 2.185980959262288525e+00
9.900000000000000000e+01 7.958505884744786485e-01
9.910000000000000853e+01 9.225032677803102210e-01
9.920000000000000284e+01 1.041085267668799830e+00
9.930000000000001137e+01 1.944922436800125443e+00
9.940000000000000568e+01 2.526227846128934917e+00
9.950000000000000000e+01 9.639772813384767103e-01
9.960000000000000853e+01 8.224155462367482849e-01
9.970000000000000284e+01 1.921346742581256262e+00
9.980000000000001137e+01 4.104841872376044698e+00
9.990000000000000568e+01 1.632212406557514761e+00
