0.000000000000000000e+00 1.578244456093159109e-01
1.000000000000000056e-01 5.853564428010057941e-02
2.000000000000000111e-01 5.481533865391428201e-02
3.000000000000000444e-01 7.173510131064589901e-01
4.000000000000000222e-01 1.999232358125970221e-01
5.000000000000000000e-01 1.032696620459347514e+00
6.000000000000000888e-01 2.230188779675511268e-02
7.000000000000000666e-01 1.732116814966765117e-01
8.000000000000000444e-01 2.125989011302003018e+00
9.000000000000000222e-01 4.799814238732220129e-01
1.000000000000000000e+00 1.183733074581143407e+00
1.100000000000000089e+00 1.285777364892428221e+00
1.200000000000000178e+00 1.561768536712461741e-01
1.300000000000000044e+00 5.424563850308217194e-01
1.400000000000000133e+00 3.029854059981060832e+00
1.500000000000000000e+00 8.766694009737679982e-01
1.600000000000000089e+00 1.436329840471496588e+00
1.700000000000000178e+00 9.557140691637716623e-01
1.800000000000000044e+00 1.716830813258488075e-01
1.900000000000000133e+00 9.958462160057520718e-01
2.000000000000000000e+00 1.068840404785596165e+00
2.100000000000000089e+00 4.887526508441651929e-01
2.200000000000000178e+00 4.574822363107338696e-01
2.300000000000000266e+00 1.586634888562549417e+00
2.400000000000000355e+00 7.876958924287674746e-01
2.500000000000000000e+00 2.337135536441773631e+00
2.600000000000000089e+00 4.787110206156028336e-01
2.700000000000000178e+00 9.366859804070015727e-01
2.800000000000000266e+00 1.003451570251923247e-01
2.900000000000000355e+00 6.433181761231014928e-01
3.000000000000000000e+00 1.844316163851803747e+00
3.100000000000000089e+00 1.221993841250935020e+00
3.200000000000000178e+00 2.326891935526314015e+00
3.300000000000000266e+00 1.138753576654249366e+00
3.400000000000000355e+00 2.016092464436828324e-01
3.500000000000000000e+00 3.016925974528093524e-01
3.600000000000000089e+00 4.061541417834620415e-01
3.700000000000000178e+00 2.854113788753673275e-01
3.800000000000000266e+00 1.783255713526046504e+00
3.900000000000000355e+00 1.374847979188488223e+00
4.000000000000000000e+00 1.083504025486894617e+00
4.100000000000000533e+00 1.818548539565318922e-01
4.200000000000000178e+00 2.360245004886998288e+00
4.299999999999999822e+00 6.903638761463680718e-01
4.400000000000000355e+00 4.988233907601901329e+00
4.500000000000000000e+00 1.597671190849704104e+00
4.600000000000000533e+00 2.628502979326512445e+00
4.700000000000000178e+00 5.629495563735372521e+00
4.800000000000000711e+00 3.013457680036815134e+00
4.900000000000000355e+00 2.518841963302076881e+00
5.000000000000000000e+00 4.921897790223992430e+00
5.100000000000000533e+00 8.229837239164419671e+00
5.200000000000000178e+00 1.541362309545697507e+01
5.300000000000000711e+00 1.107705233206996276e+01
5.400000000000000355e+00 7.201288835398120369e+00
5.500000000000000000e+00 3.820218721512229632e+00
5.600000000000000533e+00 6.288439698832030800e+00
5.700000000000000178e+00 5.177159048933998697e+00
5.800000000000000711e+00 7.385733480559002473e+00
5.900000000000000355e+00 7.390397127494991558e+00
6.000000000000000000e+00 1.157330319895439885e+01
6.100000000000000533e+00 1.282882394116306379e+01
6.200000000000000178e+00 1.192459590803671254e+01
6.300000000000000711e+00 1.406536368018376137e+01
6.400000000000000355e+00 5.203157260285334651e+00
6.500000000000000000e+00 1.792278982819255351e+00
6.600000000000000533e+00 1.081625350740664349e+00
6.700000000000000178e+00 2.418585386610306642e+00
6.800000000000000711e+00 1.791952872658572504e+00
6.900000000000000355e+00 3.789881987672804597e-01
7.000000000000000000e+00 4.781128026529684050e-01
7.100000000000000533e+00 7.795908708495959960e-01
7.200000000000000178e+00 6.697464490645493873e-01
7.300000000000000711e+00 1.804308213916489656e+00
7.400000000000000355e+00 3.012083935764545028e+00
7.500000000000000000e+00 5.401068225769869890e+00
7.600000000000000533e+00 1.729661561271420123e+00
7.700000000000000178e+00 2.058895924067743799e+00
7.800000000000000711e+00 5.463990088551408775e+00
7.900000000000000355e+00 2.269370641022784074e+00
8.000000000000000000e+00 1.905561358379072034e+00
8.099999999999999645e+00 2.995708967732623407e+00
8.200000000000001066e+00 8.260755386769946806e-01
8.300000000000000711e+00 8.743019654303945121e-01
8.400000000000000355e+00 1.801365331864111186e+00
8.500000000000000000e+00 5.808917903261666682e-01
8.599999999999999645e+00 1.934119675236356084e+00
8.700000000000001066e+00 1.657219220620360645e+00
8.800000000000000711e+00 1.042991898873269152e+00
8.900000000000000355e+00 2.514533641319490753e-01
9.000000000000000000e+00 2.019503295442780511e-01
9.099999999999999645e+00 6.025426693323506777e-01
9.200000000000001066e+00 1.681490286176658078e+00
9.300000000000000711e+00 2.210731804263266653e+00
9.400000000000000355e+00 2.956215355928371591e-01
9.500000000000000000e+00 1.968362159348633345e-01
9.600000000000001421e+00 4.492841460499106265e-01
9.700000000000001066e+00 5.224089276951275895e-01
9.800000000000000711e+00 2.816184849663218581e-01
9.900000000000000355e+00 3.146138908012951346e-02
1.000000000000000000e+01 9.894115673216610785e-02
1.010000000000000142e+01 1.366971356869874032e+00
1.020000000000000107e+01 1.340470366594805895e-01
1.030000000000000071e+01 4.434512805262106894e-01
1.040000000000000036e+01 1.513495699647780524e-01
1.050000000000000000e+01 1.564287867100984386e-01
1.060000000000000142e+01 1.246772257205661649e+00
1.070000000000000107e+01 7.117582421464865305e-01
1.080000000000000071e+01 5.002437572711078140e-01
1.090000000000000036e+01 3.755573445496236951e-01
1.100000000000000000e+01 6.476463793817043291e-01
1.110000000000000142e+01 4.325287915736281685e-01
1.120000000000000107e+01 2.352237880412930138e-01
1.130000000000000071e+01 1.143590271993735197e+00
1.140000000000000036e+01 2.440482745447467294e-01
1.150000000000000000e+01 1.548326976506636810e-01
1.160000000000000142e+01 2.763344126721413718e-01
1.170000000000000107e+01 4.006036209841482565e-01
1.180000000000000071e+01 7.161033868653731149e-01
1.190000000000000036e+01 1.108057701965268871e+00
1.200000000000000000e+01 1.368374688481119428e+00
1.210000000000000142e+01 2.112803216408708495e-01
1.220000000000000107e+01 2.304936423702554638e-01
1.230000000000000071e+01 2.601689772861524030e-01
1.240000000000000036e+01 3.544351200331510299e-01
1.250000000000000000e+01 1.479234334447633081e+00
1.260000000000000142e+01 3.100258973278944841e-01
1.270000000000000107e+01 2.412460389703851849e-01
1.280000000000000071e+01 5.639268204770475634e-01
1.290000000000000036e+01 3.450500940791239590e-01
1.300000000000000000e+01 5.379323990292218527e-01
1.310000000000000142e+01 8.538083716883464458e-01
1.320000000000000107e+01 4.056854456272984688e-02
1.330000000000000071e+01 1.878521827083908802e-01
1.340000000000000036e+01 4.932055050422397557e-01
1.350000000000000000e+01 3.757900331631731095e-01
1.360000000000000142e+01 2.078380358850609788e+00
1.370000000000000107e+01 3.394418494744684267e+00
1.380000000000000071e+01 9.568942039959146939e+00
1.390000000000000036e+01 1.955050806045329992e+01
1.400000000000000000e+01 3.704142834610853185e+01
1.410000000000000142e+01 3.817346373630079626e+01
1.420000000000000107e+01 2.855826546280614409e+01
1.430000000000000071e+01 1.871067808794225229e+01
1.440000000000000036e+01 1.952191982221821220e+01
1.450000000000000000e+01 9.151344689906524721e+00
1.460000000000000142e+01 1.437854506903974183e+01
1.470000000000000107e+01 1.322270639000124959e+01
1.480000000000000071e+01 1.243796738932423196e+01
1.490000000000000036e+01 5.240972892551441831e+00
1.500000000000000000e+01 1.613058176239335895e+00
1.510000000000000142e+01 3.351959905544279472e+00
1.520000000000000107e+01 4.508029926951233612e+00
1.530000000000000071e+01 2.278509464411679897e+00
1.540000000000000036e+01 1.742780513927790320e+00
1.550000000000000000e+01 8.127561993832520537e-01
1.560000000000000142e+01 8.873953154159208712e-01
1.570000000000000107e+01 2.646024926346614681e+00
1.580000000000000071e+01 1.764579641608869709e+00
1.590000000000000036e+01 7.073530074980312499e+00
1.600000000000000000e+01 5.115086577151641833e+00
1.610000000000000142e+01 3.292724616449945962e+00
1.619999999999999929e+01 9.018700825085805839e-01
1.630000000000000071e+01 4.613405661567789195e+00
1.640000000000000213e+01 5.558627510663872506e+00
1.650000000000000000e+01 5.523212956160466369e+00
1.660000000000000142e+01 1.259395750907783773e+00
1.669999999999999929e+01 2.172015709052568688e+00
1.680000000000000071e+01 2.056211118531842352e+00
1.690000000000000213e+01 1.552381476398811966e+00
1.700000000000000000e+01 4.192965264341344422e+00
1.710000000000000142e+01 2.177868798146307405e+00
1.719999999999999929e+01 8.673507059526139429e+00
1.730000000000000071e+01 7.057852690778593896e+00
1.740000000000000213e+01 5.752589444101089633e+00
1.750000000000000000e+01 6.521394731734700301e+00
1.760000000000000142e+01 4.171827150255669636e+00
1.769999999999999929e+01 6.622992950195349060e+00
1.780000000000000071e+01 6.930096260972752553e+00
1.790000000000000213e+01 1.067389098009761028e+01
1.800000000000000000e+01 1.092552006354955907e+01
1.810000000000000142e+01 7.041467612030199774e+00
1.819999999999999929e+01 3.246266303074328174e+00
1.830000000000000071e+01 4.697525735706307159e+00
1.840000000000000213e+01 8.383321433990285954e+00
1.850000000000000000e+01 2.632252261776673485e+00
1.860000000000000142e+01 3.192894529268565762e+00
1.869999999999999929e+01 7.335260277680539787e+00
1.880000000000000071e+01 1.631863215913635257e+00
1.890000000000000213e+01 2.473711974293289817e+00
1.900000000000000000e+01 3.462162301526465757e+00
1.910000000000000142e+01 3.609399022444984784e+00
1.920000000000000284e+01 2.889562754334054961e+00
1.930000000000000071e+01 1.324640711888279032e+00
1.940000000000000213e+01 1.469151392025212610e+00
1.950000000000000000e+01 2.801260848150313620e+00
1.960000000000000142e+01 3.506118372391978877e+00
1.970000000000000284e+01 3.996910465677066426e+00
1.980000000000000071e+01 3.567599921380984807e+00
1.990000000000000213e+01 2.923490088104589990e+00
2.000000000000000000e+01 6.660989859817379788e+00
2.010000000000000142e+01 5.284806754573676990e+00
2.020000000000000284e+01 3.563691422018389066e+00
2.030000000000000071e+01 1.221717102591288517e+00
2.040000000000000213e+01 1.224584662084493569e+00
2.050000000000000000e+01 5.279569157203124696e+00
2.060000000000000142e+01 1.893146343435448520e+00
2.070000000000000284e+01 4.227560254210769308e+00
2.080000000000000071e+01 4.799416108391930003e+00
2.090000000000000213e+01 2.624091665283293295e+00
2.100000000000000000e+01 1.938670833082039913e+00
2.110000000000000142e+01 4.073480002418132351e+00
2.120000000000000284e+01 9.992446430041892924e+00
2.130000000000000071e+01 1.189834788000727350e+01
2.140000000000000213e+01 5.132400423155914382e+00
2.150000000000000000e+01 9.615373066877246799e+00
2.160000000000000142e+01 1.109796633194397231e+01
2.170000000000000284e+01 1.047526770576875066e+01
2.180000000000000071e+01 1.072743676995747641e+01
2.190000000000000213e+01 7.128094443505150757e+00
2.200000000000000000e+01 5.565788339082821778e+00
2.210000000000000142e+01 6.542037855059303908e+00
2.220000000000000284e+01 1.296002844212693006e+01
2.230000000000000071e+01 8.766457513053394379e+00
2.240000000000000213e+01 3.884450290133777628e+00
2.250000000000000000e+01 6.119083862286730735e+00
2.260000000000000142e+01 8.418292933727400396e+00
2.270000000000000284e+01 6.655732210346047673e+00
2.280000000000000071e+01 6.625869235234588928e+00
2.290000000000000213e+01 5.005051570298287622e+00
2.300000000000000000e+01 3.698633109218617765e+00
2.310000000000000142e+01 3.438650744597342435e+00
2.320000000000000284e+01 1.037544333678167696e+01
2.330000000000000071e+01 2.656912731437352182e+00
2.340000000000000213e+01 5.726385050572206481e+00
2.350000000000000000e+01 5.666143981625675785e+00
2.360000000000000142e+01 6.218763828054345133e+00
2.370000000000000284e+01 5.460967776754870329e+00
2.380000000000000071e+01 4.960940399262063316e+00
2.390000000000000213e+01 2.685462254631830969e+00
2.400000000000000000e+01 2.016107719790236619e+00
2.410000000000000142e+01 5.061657641008930675e+00
2.420000000000000284e+01 1.541175980890496566e+00
2.430000000000000071e+01 6.079026840390398867e+00
2.440000000000000213e+01 1.324901667997880139e+01
2.450000000000000000e+01 1.071179944048259181e+01
2.460000000000000142e+01 1.011085278070690485e+01
2.470000000000000284e+01 6.951617445692989783e+00
2.480000000000000071e+01 8.387020403554483750e+00
2.490000000000000213e+01 4.429241116532800504e+00
2.500000000000000000e+01 1.294954787838668686e+01
2.510000000000000142e+01 5.855833216823706167e+00
2.520000000000000284e+01 3.641755638885907587e+00
2.530000000000000071e+01 2.879064408532029162e+00
2.540000000000000213e+01 4.286448778866089881e+00
2.550000000000000000e+01 7.394081625896234300e+00
2.560000000000000142e+01 1.112224911496089064e+01
2.570000000000000284e+01 7.351446185232923369e+00
2.580000000000000071e+01 6.541936457627291368e+00
2.590000000000000213e+01 3.005811425563028383e+00
2.600000000000000000e+01 1.317063434763870333e+00
2.610000000000000142e+01 1.472214671863011359e+00
2.620000000000000284e+01 1.153164605275884602e+00
2.630000000000000071e+01 1.762481440559986012e+00
2.640000000000000213e+01 1.707441342249724991e+00
2.650000000000000000e+01 9.671890686430477668e-01
2.660000000000000142e+01 3.088916749041709098e-01
2.670000000000000284e+01 2.068837387284962137e+00
2.680000000000000071e+01 3.919901057813634515e-01
2.690000000000000213e+01 3.672404064971346860e-01
2.700000000000000000e+01 2.507499957334169416e-01
2.710000000000000142e+01 6.188516915478714520e-01
2.720000000000000284e+01 2.080796372582388809e+00
2.730000000000000071e+01 2.032466308589201631e+00
2.740000000000000213e+01 3.722741400741940598e+00
2.750000000000000000e+01 2.323202827238496582e+00
2.760000000000000142e+01 7.989605825266969941e-01
2.770000000000000284e+01 1.224573340262423260e+00
2.780000000000000071e+01 4.616291932611797932e-01
2.790000000000000213e+01 3.230441116814526392e-01
2.800000000000000000e+01 4.488684643630368676e+00
2.810000000000000142e+01 1.027528536091914413e+00
2.820000000000000284e+01 1.624613017338221166e+00
2.830000000000000071e+01 1.460438162003519391e+00
2.840000000000000213e+01 5.666814309656911242e-01
2.850000000000000000e+01 1.584991433424789653e+00
2.860000000000000142e+01 1.897290742663612750e+00
2.870000000000000284e+01 8.215920267600072435e+00
2.880000000000000071e+01 5.956206590440086934e+00
2.890000000000000213e+01 3.154595841169975934e+00
2.900000000000000000e+01 1.673080247112457952e+00
2.910000000000000142e+01 4.912967484705893506e-01
2.920000000000000284e+01 7.590834532784840327e-01
2.930000000000000071e+01 1.399043845774923467e+00
2.940000000000000213e+01 4.069247780758220578e+00
2.950000000000000000e+01 3.488484028983436236e-01
2.960000000000000142e+01 2.206064831069848076e+00
2.970000000000000284e+01 8.158649079768909296e-01
2.980000000000000071e+01 5.347953880762101875e-01
2.990000000000000213e+01 2.561062670635553928e+00
3.000000000000000000e+01 8.892686009341003173e-01
3.010000000000000142e+01 7.604285112562317872e-01
3.020000000000000284e+01 1.393587349374491913e+00
3.030000000000000071e+01 2.684901867127099884e+00
3.040000000000000213e+01 9.788263846855064232e-01
3.050000000000000000e+01 2.773181545675611925e+00
3.060000000000000142e+01 4.370006416663174131e-01
3.070000000000000284e+01 1.352328160734753038e+00
3.080000000000000071e+01 4.538059977549718127e+00
3.090000000000000213e+01 6.343130973623376967e+00
3.100000000000000000e+01 1.273213822463244549e+00
3.110000000000000142e+01 1.620354938342672524e+00
3.120000000000000284e+01 1.252455349192123535e+00
3.130000000000000071e+01 3.721583517471651614e+00
3.140000000000000213e+01 3.576326454007439981e+00
3.150000000000000000e+01 4.302091724979820953e+00
3.160000000000000142e+01 3.046474203146063875e+00
3.170000000000000284e+01 3.072490046274169995e+00
3.180000000000000071e+01 3.344232337877560468e+00
3.190000000000000213e+01 9.644701457019058566e+00
3.200000000000000000e+01 1.434636214343524863e+01
3.210000000000000142e+01 1.500874562119650690e+01
3.220000000000000284e+01 1.923872688389737107e+01
3.230000000000000426e+01 1.584521208489271160e+01
3.239999999999999858e+01 1.485252360566635232e+01
3.250000000000000000e+01 1.613578797868790815e+01
3.260000000000000142e+01 2.099141656453633331e+01
3.270000000000000284e+01 1.472139938521457658e+01
3.280000000000000426e+01 1.700438730421461031e+01
3.289999999999999858e+01 1.012867375538277415e+01
3.300000000000000000e+01 4.488283457612089578e+00
3.310000000000000142e+01 2.639165471361634374e+00
3.320000000000000284e+01 5.067677089242954125e+00
3.330000000000000426e+01 3.249660608747187762e+00
3.339999999999999858e+01 7.884681301192189018e+00
3.350000000000000000e+01 9.281193778915017845e+00
3.360000000000000142e+01 4.890173788869375038e+00
3.370000000000000284e+01 9.034500644397828850e+00
3.380000000000000426e+01 1.545762944376407688e+01
3.389999999999999858e+01 1.752026501219928178e+01
3.400000000000000000e+01 1.930963215905787678e+01
3.410000000000000142e+01 2.717747472931490194e+01
3.420000000000000284e+01 2.717687233259299973e+01
3.430000000000000426e+01 2.943370605699509923e+01
3.439999999999999858e+01 2.531048200001154314e+01
3.450000000000000000e+01 3.132535796823002272e+01
3.460000000000000142e+01 2.508957273981603109e+01
3.470000000000000284e+01 2.494097585876038181e+01
3.480000000000000426e+01 2.227234022123914770e+01
3.489999999999999858e+01 2.136484926466602730e+01
3.500000000000000000e+01 1.841921667897796056e+01
3.510000000000000142e+01 1.729388600366775819e+01
3.520000000000000284e+01 2.134115951884906792e+01
3.530000000000000426e+01 1.938981295953173856e+01
3.539999999999999858e+01 2.269775318226087535e+01
3.550000000000000000e+01 1.802443782347454260e+01
3.560000000000000142e+01 1.487730319303305748e+01
3.570000000000000284e+01 1.095662166091774203e+01
3.580000000000000426e+01 2.362989466980160991e+00
3.589999999999999858e+01 1.839950399600893904e+00
3.600000000000000000e+01 1.247772508099008881e+01
3.610000000000000142e+01 1.172483689217042446e+01
3.620000000000000284e+01 1.457208539105772083e+01
3.630000000000000426e+01 1.100663171502648829e+01
3.639999999999999858e+01 4.318313753796258148e+00
3.650000000000000000e+01 9.969983223487474788e+00
3.660000000000000142e+01 3.431764329027093829e+00
3.670000000000000284e+01 8.956926658119693796e-01
3.680000000000000426e+01 9.962133874441256864e-01
3.689999999999999858e+01 1.718884397409330411e+00
3.700000000000000000e+01 5.052636276111570623e-01
3.710000000000000142e+01 1.792872336173301440e+00
3.720000000000000284e+01 2.405621503009687245e+00
3.730000000000000426e+01 1.187960378654983051e+00
3.739999999999999858e+01 2.823709896040027090e+00
3.750000000000000000e+01 2.125846862183583319e+00
3.760000000000000142e+01 8.006442622758116467e-01
3.770000000000000284e+01 1.140033042756410042e+00
3.780000000000000426e+01 7.549840217463970049e-01
3.789999999999999858e+01 9.187754690023973714e-01
3.800000000000000000e+01 4.252418638717722077e-01
3.810000000000000142e+01 1.210846258197453507e+00
3.820000000000000284e+01 6.026159182892372179e-01
3.830000000000000426e+01 5.059127627849214770e-01
3.840000000000000568e+01 3.217884120980256113e-01
3.850000000000000000e+01 2.903497150894007728e-01
3.860000000000000142e+01 2.259960970560998650e+00
3.870000000000000284e+01 1.995889139429454895e+00
3.880000000000000426e+01 8.914111472861582230e-01
3.890000000000000568e+01 2.780417139967529039e+00
3.900000000000000000e+01 2.188731365311365806e+00
3.910000000000000142e+01 1.586606832091090880e-01
3.920000000000000284e+01 5.259953457258673692e-01
3.930000000000000426e+01 6.246622473868218561e-02
3.940000000000000568e+01 4.901450014612311334e-01
3.950000000000000000e+01 4.862950856365467200e-01
3.960000000000000142e+01 1.649574463494173138e+00
3.970000000000000284e+01 2.731938763886938126e+00
3.980000000000000426e+01 5.139917121263057886e-01
3.990000000000000568e+01 5.925281240045653791e-02
4.000000000000000000e+01 5.301682503323212892e-01
4.010000000000000142e+01 1.466125116427854813e+00
4.020000000000000284e+01 6.133892437449099955e-01
4.030000000000000426e+01 2.971782107652218841e-01
4.040000000000000568e+01 5.610814015053032788e-01
4.050000000000000000e+01 1.816729908352163969e+00
4.060000000000000142e+01 1.111162647794189162e+00
4.070000000000000284e+01 2.242509844153965926e+00
4.080000000000000426e+01 1.830535251394377783e+00
4.090000000000000568e+01 4.627598685367392051e+00
4.100000000000000000e+01 3.682083288911798480e+00
4.110000000000000142e+01 7.668765095709960677e-01
4.120000000000000284e+01 2.931182238063359868e+00
4.130000000000000426e+01 2.324254182917840250e+00
4.140000000000000568e+01 2.985406198893545859e+00
4.150000000000000000e+01 2.349632576493412284e+00
4.160000000000000142e+01 3.981007020983255984e+00
4.170000000000000284e+01 1.572021235822981922e+00
4.180000000000000426e+01 7.205813832985752398e-01
4.190000000000000568e+01 1.125543496667269938e+00
4.200000000000000000e+01 1.118774353704147906e+00
4.210000000000000142e+01 1.376551253353227366e+00
4.220000000000000284e+01 1.623752158567970616e+00
4.230000000000000426e+01 2.216547761708838493e+00
4.240000000000000568e+01 6.306218463723999301e-01
4.250000000000000000e+01 6.784378198217621003e-01
4.260000000000000142e+01 3.262852967169886376e-01
4.270000000000000284e+01 2.084293350647969112e-01
4.280000000000000426e+01 9.836237627591473132e-01
4.290000000000000568e+01 2.187618832495922927e+00
4.300000000000000000e+01 1.119767970759263376e+00
4.310000000000000142e+01 2.567924920746886275e-01
4.320000000000000284e+01 1.298279153881610082e+00
4.330000000000000426e+01 3.818348393568180010e-01
4.340000000000000568e+01 1.108551768032524754e+00
4.350000000000000000e+01 9.156626741031340111e-02
4.360000000000000142e+01 1.020615322023074700e+00
4.370000000000000284e+01 4.791297368505707865e+00
4.380000000000000426e+01 4.290927374627198532e+00
4.390000000000000568e+01 1.832813552054055606e+00
4.400000000000000000e+01 1.042104472849426644e+00
4.410000000000000142e+01 3.727467764087647684e+00
4.420000000000000284e+01 3.780979145490414695e+00
4.430000000000000426e+01 2.835714717674160834e+00
4.440000000000000568e+01 2.170579801357259697e+00
4.450000000000000000e+01 3.608863503888459334e+00
4.460000000000000142e+01 1.916862313549032859e-01
4.470000000000000284e+01 1.142036882896564354e-01
4.480000000000000426e+01 1.310020021097316079e+00
4.490000000000000568e+01 3.340389612232750327e+00
4.500000000000000000e+01 1.361883537202739136e+00
4.510000000000000142e+01 1.499962087075214390e+00
4.520000000000000284e+01 6.540347323414528180e-01
4.530000000000000426e+01 4.054431509302525855e-02
4.540000000000000568e+01 4.918427119431382777e-01
4.550000000000000000e+01 1.463984536469309650e-01
4.560000000000000142e+01 1.617905803658981290e+00
4.570000000000000284e+01 3.523609455737050755e+00
4.580000000000000426e+01 1.006717828258616443e+00
4.590000000000000568e+01 2.388308852812435656e+00
4.600000000000000000e+01 2.354104275896245380e+00
4.610000000000000142e+01 1.438662023863740425e-01
4.620000000000000284e+01 2.846115715275231856e-02
4.630000000000000426e+01 8.202564838408335501e-02
4.640000000000000568e+01 1.835529633149232953e-01
4.650000000000000000e+01 2.580249605992580575e-01
4.660000000000000142e+01 2.455667989216173408e-01
4.670000000000000284e+01 6.274393006771932235e-01
4.680000000000000426e+01 3.153173315071988170e-01
4.690000000000000568e+01 1.313699207220726306e+00
4.700000000000000000e+01 2.123611984102013572e+00
4.710000000000000142e+01 2.164286506966139445e+00
4.720000000000000284e+01 2.241722301536004824e+00
4.730000000000000426e+01 7.759760333300083079e-01
4.740000000000000568e+01 6.325479833103394789e+00
4.750000000000000000e+01 2.887956642897291815e+00
4.760000000000000142e+01 2.220575647131582731e+00
4.770000000000000284e+01 9.049437878520732781e+00
4.780000000000000426e+01 1.823921906656134739e+00
4.790000000000000568e+01 4.512455714493057712e-01
4.800000000000000000e+01 1.615987460371454798e+00
4.810000000000000142e+01 1.540406918542000847e+00
4.820000000000000284e+01 1.523987492877376670e+00
4.830000000000000426e+01 7.552969526756218022e-01
4.840000000000000568e+01 1.279272296313852753e+00
4.850000000000000000e+01 3.148703062931982544e+00
4.860000000000000142e+01 5.300549135221192643e+00
4.870000000000000284e+01 1.242868982964757052e+01
4.880000000000000426e+01 1.265600934045477466e+01
4.890000000000000568e+01 6.495520033267109028e+00
4.900000000000000000e+01 2.977595729122186174e+00
4.910000000000000142e+01 1.265026784972218765e+00
4.920000000000000284e+01 2.373759030556970906e+00
4.930000000000000426e+01 1.608410607939803949e+00
4.940000000000000568e+01 1.715753520356889661e+00
4.950000000000000000e+01 7.523801749560464769e-01
4.960000000000000142e+01 2.133877274646212019e+00
4.970000000000000284e+01 2.686889759332792948e+00
4.980000000000000426e+01 2.761044827434783411e+00
4.990000000000000568e+01 2.091015931155124630e+00
5.000000000000000000e+01 2.571794876987553824e+00
5.010000000000000142e+01 6.270147724856737215e-01
5.020000000000000284e+01 4.855580073926000773e-01
5.030000000000000426e+01 2.173287052408511000e-01
5.040000000000000568e+01 1.770365406110147033e-01
5.050000000000000000e+01 3.984981445056175464e-01
5.060000000000000142e+01 3.661272771680508242e-01
5.070000000000000284e+01 1.474086322588072262e+00
5.080000000000000426e+01 1.789068001069535896e+00
5.090000000000000568e+01 3.264945953064958495e+00
5.100000000000000000e+01 3.968925584469413792e+00
5.110000000000000142e+01 3.194301203322732707e+00
5.120000000000000284e+01 3.789007130322000982e+00
5.130000000000000426e+01 5.537364565339062850e+00
5.140000000000000568e+01 2.248286232407558760e+00
5.150000000000000000e+01 2.320908348897718465e+00
5.160000000000000142e+01 3.998238176861914184e+00
5.170000000000000284e+01 1.289638285734603151e+00
5.180000000000000426e+01 1.434021912253918396e+00
5.190000000000000568e+01 4.517372878938967218e-01
5.200000000000000000e+01 5.627260460305850698e-01
5.210000000000000142e+01 2.917325890019363266e-01
5.220000000000000284e+01 2.856134986907635231e-01
5.230000000000000426e+01 1.320425636103416123e+00
5.240000000000000568e+01 2.763218606440966951e+00
5.250000000000000000e+01 3.664002520938091756e+00
5.260000000000000142e+01 3.183068588790581188e+00
5.270000000000000284e+01 1.324710165591479250e+00
5.280000000000000426e+01 8.350413547568724670e-01
5.290000000000000568e+01 5.594441868739052914e-01
5.300000000000000000e+01 5.888649066383945252e-01
5.310000000000000142e+01 4.247318108271422865e-01
5.320000000000000284e+01 4.431393234676506143e-01
5.330000000000000426e+01 4.509551655183939300e-01
5.340000000000000568e+01 1.961706841160145709e-01
5.350000000000000000e+01 1.349548298949110325e+00
5.360000000000000142e+01 3.721004698811914424e-01
5.370000000000000284e+01 1.646074897776972579e+00
5.380000000000000426e+01 1.355043887738144104e+00
5.390000000000000568e+01 3.768428605744477689e-01
5.400000000000000000e+01 1.434321125717556711e-01
5.410000000000000142e+01 1.187400419945447982e+00
5.420000000000000284e+01 3.245955798382982316e-02
5.430000000000000426e+01 1.864977830535174963e-01
5.440000000000000568e+01 6.860657867373722019e-02
5.450000000000000000e+01 1.264657703424237334e-01
5.460000000000000142e+01 1.515654230602723473e-01
5.470000000000000284e+01 4.943109529844281758e-01
5.480000000000000426e+01 4.957892066977111906e-02
5.490000000000000568e+01 2.662190142835218487e-01
5.500000000000000000e+01 4.405995047098870687e-01
5.510000000000000142e+01 3.446963851973029735e-02
5.520000000000000284e+01 4.253424272808051798e-01
5.530000000000000426e+01 2.279883200510961772e-01
5.540000000000000568e+01 2.397964803046409021e-01
5.550000000000000000e+01 7.865868247963982152e-02
5.560000000000000142e+01 1.034621821893795396e-01
5.570000000000000284e+01 5.180994519970226475e-02
5.580000000000000426e+01 4.985884491955476505e-02
5.590000000000000568e+01 5.686867918064831412e-02
5.600000000000000000e+01 2.831509932013915459e-02
5.610000000000000142e+01 3.612361068655492446e-02
5.620000000000000284e+01 5.335010177641524159e-02
5.630000000000000426e+01 2.524724743608537381e-01
5.640000000000000568e+01 8.580362707855643256e-01
5.650000000000000000e+01 2.094870817906722416e-01
5.660000000000000142e+01 7.064373766391698339e-01
5.670000000000000284e+01 2.366326276514373050e-01
5.680000000000000426e+01 3.905158579708050137e-01
5.690000000000000568e+01 2.475763867832728726e-01
5.700000000000000000e+01 9.028111484365873574e-02
5.710000000000000142e+01 7.841431900010148448e-02
5.720000000000000284e+01 7.750588706520958326e-02
5.730000000000000426e+01 1.102885743286605019e-01
5.740000000000000568e+01 9.369605462636139415e-02
5.750000000000000000e+01 1.745474201506595491e-01
5.760000000000000142e+01 2.843212909972601121e-01
5.770000000000000284e+01 5.385156375453894334e-02
5.780000000000000426e+01 4.325487110704873128e-02
5.790000000000000568e+01 1.862021957452789644e-01
5.800000000000000000e+01 1.233111358636169649e-02
5.810000000000000142e+01 1.011166278270873853e-01
5.820000000000000284e+01 1.427989719806998792e-01
5.830000000000000426e+01 2.943597055269851423e-02
5.840000000000000568e+01 8.577058545782643983e-02
5.850000000000000000e+01 7.528287884795234475e-02
5.860000000000000142e+01 2.170727162316188064e-01
5.870000000000000284e+01 6.656129406053523656e-01
5.880000000000000426e+01 3.977503862548120162e-01
5.890000000000000568e+01 9.814650213059052941e-01
5.900000000000000000e+01 3.006644174326222330e-01
5.910000000000000142e+01 3.948323868872422038e-01
5.920000000000000284e+01 3.530082794233864729e-01
5.930000000000000426e+01 2.351312340799761869e-01
5.940000000000000568e+01 1.131101209217118209e+00
5.950000000000000000e+01 7.752565797918926638e-01
5.960000000000000142e+01 4.298794106630554612e-01
5.970000000000000284e+01 7.509845734281633822e-01
5.980000000000000426e+01 2.954193270188097409e-01
5.990000000000000568e+01 1.073328412287549438e-01
6.000000000000000000e+01 2.288443672639203091e-02
6.010000000000000142e+01 5.472690454618742151e-02
6.020000000000000284e+01 1.593665726621434353e-01
6.030000000000000426e+01 1.125324400988380491e+00
6.040000000000000568e+01 7.643710243983086183e-01
6.050000000000000000e+01 6.935831790269865182e-01
6.060000000000000142e+01 6.410075403592088161e-01
6.070000000000000284e+01 8.262563738641260924e-01
6.080000000000000426e+01 4.935448768597373026e-01
6.090000000000000568e+01 4.884731296116872623e-01
6.100000000000000000e+01 4.660767466328166742e-01
6.110000000000000142e+01 6.681812273068408192e-01
6.120000000000000284e+01 2.301916999349863602e+00
6.130000000000000426e+01 1.278369392516148784e+00
6.140000000000000568e+01 2.184619969821661734e+00
6.150000000000000000e+01 1.171100948773890371e+00
6.160000000000000142e+01 2.371998722253629288e-01
6.170000000000000284e+01 2.297849340864173695e-01
6.180000000000000426e+01 4.714922383703075148e-01
6.190000000000000568e+01 8.865545632260906084e-01
6.200000000000000000e+01 2.224002636036696678e+00
6.210000000000000142e+01 2.194636954827781317e+00
6.220000000000000284e+01 1.302332238538620235e+00
6.230000000000000426e+01 2.725869531769587351e+00
6.240000000000000568e+01 1.081756031210299174e+00
6.250000000000000000e+01 1.341938327821665888e+00
6.260000000000000142e+01 2.571749273216257681e+00
6.270000000000000284e+01 9.475302608548298311e-01
6.280000000000000426e+01 4.289698434560236251e-01
6.290000000000000568e+01 1.081829299302633496e+00
6.300000000000000000e+01 3.987285910132893352e-01
6.310000000000000142e+01 5.004315560296481724e-01
6.320000000000000284e+01 7.580408858979984510e-01
6.330000000000000426e+01 3.621515833242580640e-01
6.340000000000000568e+01 5.697670919451730542e-01
6.350000000000000000e+01 1.141590520692204125e+00
6.360000000000000142e+01 2.309020504695894482e-01
6.370000000000000284e+01 8.985581981033172738e-01
6.380000000000000426e+01 1.551088076668360571e+00
6.390000000000000568e+01 1.477150562514278676e+00
6.400000000000000000e+01 1.226886732572733507e+00
6.410000000000000853e+01 2.136246894944877628e+00
6.420000000000000284e+01 1.318858828109007009e+00
6.429999999999999716e+01 9.982998147517352372e-01
6.440000000000000568e+01 8.369262127264136542e-01
6.450000000000000000e+01 9.782363237172214676e-01
6.460000000000000853e+01 1.136385448503964835e+00
6.470000000000000284e+01 3.680296095145507707e-01
6.479999999999999716e+01 7.657268744396333870e-01
6.490000000000000568e+01 6.350442763886747777e-01
6.500000000000000000e+01 5.924388578251384985e-01
6.510000000000000853e+01 4.169960229080715841e-01
6.520000000000000284e+01 2.686703221496841709e-01
6.529999999999999716e+01 6.042473168504947090e-01
6.540000000000000568e+01 1.110325588267325081e+00
6.550000000000000000e+01 7.595128074160466536e-01
6.560000000000000853e+01 9.247179761993225000e-01
6.570000000000000284e+01 1.289131171629892769e+00
6.579999999999999716e+01 1.061131812664461549e+00
6.590000000000000568e+01 1.249924061724310365e+00
6.600000000000000000e+01 2.986193928531643005e-01
6.610000000000000853e+01 1.615701949600056031e-01
6.620000000000000284e+01 1.563256177455746854e-01
6.629999999999999716e+01 1.132172537354959180e-01
6.640000000000000568e+01 7.982792088981423284e-02
6.650000000000000000e+01 4.455409501224968372e-01
6.660000000000000853e+01 4.248139183069534752e-01
6.670000000000000284e+01 3.547257579257568350e-01
6.679999999999999716e+01 1.548470675792866236e-01
6.690000000000000568e+01 2.649254701395598391e-02
6.700000000000000000e+01 1.095032672367119292e-01
6.710000000000000853e+01 1.727726895347301284e-01
6.720000000000000284e+01 1.081946558746980785e-01
6.729999999999999716e+01 7.932079241730104480e-01
6.740000000000000568e+01 1.438330667124765982e+00
6.750000000000000000e+01 5.787233682734451712e-01
6.760000000000000853e+01 4.519521126601646066e-01
6.770000000000000284e+01 2.715246159276308857e-01
6.779999999999999716e+01 3.277375185843479644e-01
6.790000000000000568e+01 1.390006383654972977e+00
6.800000000000000000e+01 6.154652897386077015e-01
6.810000000000000853e+01 1.670902060028565117e+00
6.820000000000000284e+01 8.838746851331339416e-01
6.829999999999999716e+01 1.614744230100989553e-01
6.840000000000000568e+01 2.538383478374831373e-02
6.850000000000000000e+01 5.784632163592595688e-01
6.860000000000000853e+01 1.643819804829009246e-01
6.870000000000000284e+01 2.348014665230060971e-01
6.879999999999999716e+01 3.742942878502825144e-02
6.890000000000000568e+01 2.337850669057148500e-01
6.900000000000000000e+01 1.787130839185371300e-01
6.910000000000000853e+01 9.320403891512576977e-02
6.920000000000000284e+01 2.433233336539710259e-02
6.929999999999999716e+01 2.547297879377309893e-01
6.940000000000000568e+01 2.111220535556356248e-01
6.950000000000000000e+01 1.832285243755895909e-01
6.960000000000000853e+01 9.669941874038548435e-02
6.970000000000000284e+01 2.399134835999278126e-01
6.979999999999999716e+01 3.498705096082829757e-01
6.990000000000000568e+01 3.709476985411490069e-01
7.000000000000000000e+01 2.016001111882291807e-01
7.010000000000000853e+01 1.282908823008601651e+00
7.020000000000000284e+01 1.110371919502445293e+00
7.029999999999999716e+01 2.204891235003880734e-01
7.040000000000000568e+01 1.380060301086748764e-01
7.050000000000000000e+01 1.230600065651002960e-02
7.060000000000000853e+01 1.345317732787001085e-02
7.070000000000000284e+01 4.647155433343618247e-01
7.079999999999999716e+01 1.863868140233453929e-01
7.090000000000000568e+01 4.010848100796884363e-01
7.100000000000000000e+01 4.252606182495383691e-01
7.110000000000000853e+01 1.312706164774892215e-01
7.120000000000000284e+01 6.256286807463211641e-01
7.129999999999999716e+01 1.800555900123135822e-01
7.140000000000000568e+01 1.361511640446518567e-01
7.150000000000000000e+01 6.664792723472556801e-01
7.160000000000000853e+01 8.442635444580106618e-01
7.170000000000000284e+01 2.500014071069771582e-01
7.179999999999999716e+01 3.340251675430817579e-01
7.190000000000000568e+01 1.793207764029777496e-01
7.200000000000000000e+01 1.658298686354641172e-01
7.210000000000000853e+01 1.028614224412983447e+00
7.220000000000000284e+01 2.479964633530952201e-01
7.229999999999999716e+01 8.165980816367915951e-01
7.240000000000000568e+01 2.349448905307863766e-01
7.250000000000000000e+01 2.029187778223109362e-01
7.260000000000000853e+01 2.696305831193021030e-01
7.270000000000000284e+01 2.300635545061845699e-01
7.279999999999999716e+01 2.292167949403588478e-01
7.290000000000000568e+01 6.450149235829265582e-01
7.300000000000000000e+01 2.677607571268184050e-01
7.310000000000000853e+01 1.268505935909795823e-01
7.320000000000000284e+01 1.046521880490458856e-01
7.329999999999999716e+01 3.583677582680344642e-01
7.340000000000000568e+01 1.259320358517236615e-01
7.350000000000000000e+01 2.384805151877220919e-01
7.360000000000000853e+01 5.805811782947070121e-01
7.370000000000000284e+01 1.658593811222986436e-01
7.379999999999999716e+01 4.692832085011799936e-01
7.390000000000000568e+01 4.012462522015090016e-01
7.400000000000000000e+01 2.576214172653384371e-01
7.410000000000000853e+01 4.012217331645564350e-02
7.420000000000000284e+01 5.181413215652694304e-02
7.429999999999999716e+01 8.589264470387454609e-02
7.440000000000000568e+01 1.050830789917107932e-01
7.450000000000000000e+01 1.134703656227841861e+00
7.460000000000000853e+01 7.317115308286593900e-02
7.470000000000000284e+01 4.395847147064413374e-02
7.479999999999999716e+01 6.087815703675315548e-01
7.490000000000000568e+01 1.168455483140068862e+00
7.500000000000000000e+01 1.393109173009923873e+00
7.510000000000000853e+01 6.657114790660983994e-01
7.520000000000000284e+01 3.591462634304111723e-01
7.529999999999999716e+01 1.036409138738633162e+00
7.540000000000000568e+01 1.261288883319124920e+00
7.550000000000000000e+01 1.114174001973542882e+00
7.560000000000000853e+01 3.859492893175122119e-01
7.570000000000000284e+01 4.181746216506749825e-01
7.579999999999999716e+01 5.538748902401172680e-01
7.590000000000000568e+01 6.659238069427144691e-01
7.600000000000000000e+01 6.612262524225493987e-01
7.610000000000000853e+01 5.060308730613221062e-01
7.620000000000000284e+01 1.454914829103354013e+00
7.629999999999999716e+01 5.081814020347722449e-01
7.640000000000000568e+01 7.350508820118252240e-01
7.650000000000000000e+01 1.937907758657703150e+00
7.660000000000000853e+01 1.184323442954245520e+00
7.670000000000000284e+01 1.965217519184773609e+00
7.680000000000001137e+01 1.834503789887841796e+00
7.690000000000000568e+01 6.721342145632434040e-01
7.700000000000000000e+01 1.061699630071548217e+00
7.710000000000000853e+01 1.304006196517041305e+00
7.720000000000000284e+01 7.979273535948903096e-01
7.730000000000001137e+01 1.139040489815036583e+00
7.740000000000000568e+01 4.891161323271205896e-01
7.750000000000000000e+01 1.477346298876821784e+00
7.760000000000000853e+01 1.962898153645181276e+00
7.770000000000000284e+01 2.794174703834071405e+00
7.780000000000001137e+01 2.991660393924411743e+00
7.790000000000000568e+01 2.367666306918321695e+00
7.800000000000000000e+01 9.835761066467645364e-01
7.810000000000000853e+01 2.685202782518857578e+00
7.820000000000000284e+01 2.190770769397960116e+00
7.830000000000001137e+01 4.535640871835291854e+00
7.840000000000000568e+01 3.514820773133750631e+00
7.850000000000000000e+01 1.724903218390132498e+00
7.860000000000000853e+01 2.476811087529422917e+00
7.870000000000000284e+01 1.087897382936524515e+01
7.880000000000001137e+01 9.439819079728170692e+00
7.890000000000000568e+01 1.300887216551548065e+01
7.900000000000000000e+01 1.105449885013332079e+01
7.910000000000000853e+01 5.082311104240514688e+00
7.920000000000000284e+01 6.062576890145682462e+00
7.930000000000001137e+01 1.794812475675060304e+00
7.940000000000000568e+01 5.547986661748750770e+00
7.950000000000000000e+01 1.231317408469033703e+00
7.960000000000000853e+01 3.698429793699753443e-01
7.970000000000000284e+01 1.901322401048131661e-01
7.980000000000001137e+01 3.629606079435190313e-01
7.990000000000000568e+01 7.920809142194850105e-01
8.000000000000000000e+01 9.939132343566929872e-01
8.010000000000000853e+01 9.169496983787258637e-01
8.020000000000000284e+01 1.155917161998071485e+00
8.030000000000001137e+01 1.942984310940214232e-01
8.040000000000000568e+01 7.238758065233859007e-01
8.050000000000000000e+01 2.112422566563121884e-01
8.060000000000000853e+01 1.692579099076189975e+00
8.070000000000000284e+01 1.852813086579098156e+00
8.080000000000001137e+01 2.457417354936054732e+00
8.090000000000000568e+01 3.569656804749808954e-01
8.100000000000000000e+01 3.303663497796072712e-01
8.110000000000000853e+01 1.690426880891041095e-01
8.120000000000000284e+01 9.405317946044015887e-02
8.130000000000001137e+01 7.509816736943079052e-01
8.140000000000000568e+01 3.124883789453272165e-01
8.150000000000000000e+01 9.010473807340217689e-02
8.160000000000000853e+01 2.819190077578825337e-01
8.170000000000000284e+01 6.106104684168377900e-02
8.180000000000001137e+01 2.052866952396110306e-02
8.190000000000000568e+01 5.436930285394233620e-01
8.200000000000000000e+01 2.890445649369607906e-01
8.210000000000000853e+01 5.348949341958516568e-01
8.220000000000000284e+01 1.247836533344667403e-01
8.230000000000001137e+01 7.949711503189930140e-01
8.240000000000000568e+01 1.605617500867637382e-01
8.250000000000000000e+01 1.577705686191614720e-01
8.260000000000000853e+01 5.794863038071624839e-01
8.270000000000000284e+01 1.108590018442477287e+00
8.280000000000001137e+01 2.280164004345080486e-01
8.290000000000000568e+01 5.355562898488622769e-01
8.300000000000000000e+01 1.238650796374219515e-01
8.310000000000000853e+01 1.157962174899891811e-01
8.320000000000000284e+01 3.520536114491356616e-01
8.330000000000001137e+01 3.124132235657433448e-02
8.340000000000000568e+01 9.915097057889918353e-02
8.350000000000000000e+01 5.447959343142296795e-01
8.360000000000000853e+01 1.031236663595762160e+00
8.370000000000000284e+01 5.310925355954997373e-01
8.380000000000001137e+01 1.553886855710420178e+00
8.390000000000000568e+01 2.717980457243953096e-01
8.400000000000000000e+01 6.717117796957391973e-02
8.410000000000000853e+01 1.411538778436860042e+00
8.420000000000000284e+01 4.794792080621059771e-01
8.430000000000001137e+01 3.685693807577049563e-01
8.440000000000000568e+01 1.381459536771011409e-01
8.450000000000000000e+01 5.692928293106764848e-01
8.460000000000000853e+01 1.247869751687674000e+00
8.470000000000000284e+01 1.527672773824086061e+00
8.480000000000001137e+01 2.656480123862134946e-01
8.490000000000000568e+01 6.880643059458006749e-02
8.500000000000000000e+01 9.521672864318236895e-01
8.510000000000000853e+01 9.827478109404447215e-01
8.520000000000000284e+01 1.609462419142040357e-01
8.530000000000001137e+01 1.592910354377704840e-01
8.540000000000000568e+01 2.279014444514555759e-01
8.550000000000000000e+01 2.797117921007775676e-01
8.560000000000000853e+01 1.099836925858611592e+00
8.570000000000000284e+01 1.402512534684846324e-01
8.580000000000001137e+01 4.439298976256824542e-02
8.590000000000000568e+01 6.104409443749496678e-01
8.600000000000000000e+01 1.859941665016106582e-01
8.610000000000000853e+01 1.007373325333874359e+00
8.620000000000000284e+01 1.981346704212859910e-01
8.630000000000001137e+01 4.822433933425562813e-01
8.640000000000000568e+01 4.136277999528701899e-01
8.650000000000000000e+01 1.399256827218257060e+00
8.660000000000000853e+01 2.550228357607487450e-01
8.670000000000000284e+01 2.500134102135220804e-01
8.680000000000001137e+01 1.360757955045775569e+00
8.690000000000000568e+01 7.381318533529089843e-01
8.700000000000000000e+01 1.000106606509171936e+00
8.710000000000000853e+01 4.629211838239629118e-01
8.720000000000000284e+01 1.655406428717964396e+00
8.730000000000001137e+01 1.351360133705127753e+00
8.740000000000000568e+01 1.789407338651921586e+00
8.750000000000000000e+01 1.731960386605538194e+00
8.760000000000000853e+01 7.563560183431551343e-01
8.770000000000000284e+01 3.524444491980839866e-01
8.780000000000001137e+01 5.859624067875000009e-01
8.790000000000000568e+01 9.001022946383372414e-01
8.800000000000000000e+01 2.362056107004832928e+00
8.810000000000000853e+01 2.111683203571602663e-01
8.820000000000000284e+01 3.106229256026364349e-01
8.830000000000001137e+01 1.019296521224879459e+00
8.840000000000000568e+01 1.796184362895869024e-01
8.850000000000000000e+01 1.223605054562752481e-01
8.860000000000000853e+01 6.900143779528314925e-01
8.870000000000000284e+01 1.480589304987401045e+00
8.880000000000001137e+01 1.134447960713570458e+00
8.890000000000000568e+01 9.683029647870846635e-01
8.900000000000000000e+01 2.069890306166266569e+00
8.910000000000000853e+01 2.305620261989678177e+00
8.920000000000000284e+01 1.010048781011552599e+00
8.930000000000001137e+01 9.525771168717077630e-01
8.940000000000000568e+01 3.076117310584492448e-01
8.950000000000000000e+01 1.506343366979256304e+00
8.960000000000000853e+01 8.133592238674629549e-01
8.970000000000000284e+01 1.882453269379088301e+00
8.980000000000001137e+01 1.246921442939333158e+00
8.990000000000000568e+01 2.185096872231824694e+00
9.000000000000000000e+01 3.589134978929043207e+00
9.010000000000000853e+01 1.369811333405379195e+00
9.020000000000000284e+01 1.524017426763419447e+00
9.030000000000001137e+01 1.756333387201433505e+00
9.040000000000000568e+01 8.273842614881790070e-01
9.050000000000000000e+01 3.377265710099485729e-01
9.060000000000000853e+01 1.958008744613944474e+00
9.070000000000000284e+01 2.291460251550667404e-01
9.080000000000001137e+01 1.575341196143461853e-01
9.090000000000000568e+01 1.796412918509663337e+00
9.100000000000000000e+01 1.338040658207174438e+00
9.110000000000000853e+01 1.793644386442805105e+00
9.120000000000000284e+01 2.066750702145239593e+00
9.130000000000001137e+01 2.321240100240595350e+00
9.140000000000000568e+01 1.337060856238945217e+00
9.150000000000000000e+01 2.128320618713687384e+00
9.160000000000000853e+01 4.208981266779776576e+00
9.170000000000000284e+01 2.702920692283005799e+00
9.180000000000001137e+01 3.600042956857657739e+00
9.190000000000000568e+01 1.913923471842600144e+00
9.200000000000000000e+01 4.250818584558561319e+00
9.210000000000000853e+01 3.730840891588645736e+00
9.220000000000000284e+01 1.279994713640247106e+01
9.230000000000001137e+01 8.539945461549953620e+01
9.240000000000000568e+01 4.058862116827767430e+00
9.250000000000000000e+01 2.844288913540692132e+00
9.260000000000000853e+01 1.977280480950599717e+00
9.270000000000000284e+01 1.121246599577425451e+00
9.280000000000001137e+01 2.277633535631610862e+00
9.290000000000000568e+01 7.459095943066574863e-01
9.300000000000000000e+01 8.287654179482905059e-01
9.310000000000000853e+01 2.082623887525861250e-01
9.320000000000000284e+01 8.905658457212960177e-02
9.330000000000001137e+01 2.914037079258004481e-01
9.340000000000000568e+01 1.533680636289551924e-01
9.350000000000000000e+01 1.113642270550756763e-01
9.360000000000000853e+01 3.182974321244838589e-01
9.370000000000000284e+01 4.828392569044008820e-01
9.380000000000001137e+01 2.114239009817424006e-02
9.390000000000000568e+01 1.425747624181515349e-01
9.400000000000000000e+01 3.561746039720531942e-01
9.410000000000000853e+01 1.451935494216752276e-02
9.420000000000000284e+01 5.759304292644310680e-02
9.430000000000001137e+01 4.930955073696950408e-01
9.440000000000000568e+01 5.101346508176334282e-01
9.450000000000000000e+01 3.980718048428541489e-01
9.460000000000000853e+01 9.139514893350979552e-01
9.470000000000000284e+01 1.522560947162951428e-01
9.480000000000001137e+01 1.140726170252996108e-01
9.490000000000000568e+01 3.352578332005491379e-01
9.500000000000000000e+01 4.272757851551525765e-01
9.510000000000000853e+01 1.744627298755417222e+00
9.520000000000000284e+01 2.841959106913575783e-01
9.530000000000001137e+01 1.257056560776390608e+00
9.540000000000000568e+01 1.416352930882681882e+00
9.550000000000000000e+01 1.726414208655258964e+00
9.560000000000000853e+01 1.592828346889998858e+00
9.570000000000000284e+01 4.893960377171017728e-01
9.580000000000001137e+01 6.244600107687728885e-01
9.590000000000000568e+01 1.872838018824061868e+00
9.600000000000000000e+01 8.357339730641388797e-01
9.610000000000000853e+01 1.966381118180331733e-01
9.620000000000000284e+01 3.268726288955444148e-01
9.630000000000001137e+01 2.205645633357923296e-01
9.640000000000000568e+01 3.134312200375544144e-02
9.650000000000000000e+01 5.487425282308698582e-02
9.660000000000000853e+01 6.060170551713239817e-01
9.670000000000000284e+01 1.793387128931062113e-01
9.680000000000001137e+01 2.305909877095168592e-01
9.690000000000000568e+01 2.072395886936019560e-01
9.700000000000000000e+01 1.057560266793223125e+00
9.710000000000000853e+01 3.139522769874553809e+00
9.720000000000000284e+01 1.136039811115958420e+00
9.730000000000001137e+01 3.150553798442508602e-01
9.740000000000000568e+01 4.957774787529872218e-01
9.750000000000000000e+01 3.200482958674142897e-01
9.760000000000000853e+01 1.259179204245340689e+00
9.770000000000000284e+01 8.781891022239518563e-01
9.780000000000001137e+01 7.668763042900681448e-01
9.790000000000000568e+01 1.095279983487896097e-01
9.800000000000000000e+01 1.110882575630219027e-01
9.810000000000000853e+01 4.006450023588831177e-01
9.820000000000000284e+01 7.603622113247134051e-02
9.830000000000001137e+01 8.407820309850952412e-02
9.840000000000000568e+01 8.752536303023812636e-02
9.850000000000000000e+01 5.888235523829605800e-01
9.860000000000000853e+01 2.786254775928588834e-01
9.870000000000000284e+01 9.894220298595535201e-01
9.880000000000001137e+01 1.916672643370297691e-01
9.890000000000000568e+01 7.270162345112253233e-01
9.900000000000000000e+01 1.452094539744125834e+00
9.910000000000000853e+01 2.821399757519395535e-01
9.920000000000000284e+01 1.569642869641219574e-01
9.930000000000001137e+01 1.368303695106255768e-01
9.940000000000000568e+01 3.101635478387564371e-01
9.950000000000000000e+01 8.706647697233718119e-01
9.960000000000000853e+01 9.348449085955953253e-01
9.970000000000000284e+01 6.958809074408521533e-02
9.980000000000001137e+01 3.516078274847025953e-02
9.990000000000000568e+01 1.736182351081642650e-01
