0.000000000000000000e+00 2.929475531745386885e+00
1.000000000000000056e-01 3.532168667150549624e+01
2.000000000000000111e-01 1.126069834623610610e+01
3.000000000000000444e-01 8.993736706867688113e+00
4.000000000000000222e-01 5.771687987330661684e+00
5.000000000000000000e-01 6.192087992453410017e+00
6.000000000000000888e-01 2.412137551859020679e+00
7.000000000000000666e-01 5.140144139163211889e+01
8.000000000000000444e-01 7.116667135513410791e+00
9.000000000000000222e-01 8.814370875699243868e+01
1.000000000000000000e+00 6.513331589448488046e+01
1.100000000000000089e+00 8.495232203254683867e+00
1.200000000000000178e+00 1.106707454902595522e+01
1.300000000000000044e+00 3.314136985915934730e+01
1.400000000000000133e+00 5.615956239974476460e+00
1.500000000000000000e+00 6.030821605428061893e+00
1.600000000000000089e+00 1.951077579211651036e+00
1.700000000000000178e+00 9.483518418441413189e+00
1.800000000000000044e+00 2.949874349326893519e+00
1.900000000000000133e+00 8.255444207824238489e+00
2.000000000000000000e+00 1.140599244296692349e+00
2.100000000000000089e+00 2.048027276728913382e+00
2.200000000000000178e+00 4.106539029740814861e+00
2.300000000000000266e+00 7.240793346943008579e+00
2.400000000000000355e+00 7.020095400314825262e+00
2.500000000000000000e+00 8.503070024655947634e+00
2.600000000000000089e+00 1.364482560898226060e+00
2.700000000000000178e+00 7.584538836824886721e-01
2.800000000000000266e+00 1.471221648793268888e-01
2.900000000000000355e+00 9.028973606061641011e-02
3.000000000000000000e+00 8.390884305774887197e-01
3.100000000000000089e+00 4.624860778663441030e-01
3.200000000000000178e+00 1.027317623567269633e+00
3.300000000000000266e+00 1.391313209061612177e+01
3.400000000000000355e+00 3.255439262336790929e+00
3.500000000000000000e+00 5.987151384158918566e-01
3.600000000000000089e+00 3.587053301256723503e-01
3.700000000000000178e+00 1.002207123710724818e-01
3.800000000000000266e+00 1.449821450856756677e-01
3.900000000000000355e+00 5.593437900085053427e-02
4.000000000000000000e+00 1.316588027535886551e-01
4.100000000000000533e+00 2.528522408656969436e-02
4.200000000000000178e+00 9.286572888001762283e-02
4.299999999999999822e+00 1.432963399583763175e-01
4.400000000000000355e+00 3.356940329271995704e-02
4.500000000000000000e+00 1.243461749567912888e-01
4.600000000000000533e+00 1.044699185872717928e+00
4.700000000000000178e+00 2.447983905933444337e-01
4.800000000000000711e+00 1.577041002770073475e-01
4.900000000000000355e+00 6.366881702755727845e-02
5.000000000000000000e+00 1.912688200717995446e-01
5.100000000000000533e+00 6.744732482190429756e-01
5.200000000000000178e+00 6.091525767365004729e-01
5.300000000000000711e+00 1.225925998468739619e+00
5.400000000000000355e+00 1.037040938980567262e+01
5.500000000000000000e+00 1.800405274652044640e-01
5.600000000000000533e+00 5.327232234912617770e-01
5.700000000000000178e+00 9.381551164479652316e-01
5.800000000000000711e+00 8.153574850857167045e-01
5.900000000000000355e+00 5.356187146735279514e-01
6.000000000000000000e+00 1.182749017877475668e-02
6.100000000000000533e+00 5.671849053900555049e-01
6.200000000000000178e+00 6.038392537215173800e-02
6.300000000000000711e+00 1.490360038145630839e-01
6.400000000000000355e+00 7.735259654702934640e+00
6.500000000000000000e+00 2.848823250756108205e+00
6.600000000000000533e+00 9.284123786171831760e-01
6.700000000000000178e+00 2.981987182922189450e-01
6.800000000000000711e+00 5.038673863813122322e-01
6.900000000000000355e+00 1.867986574324279614e+00
7.000000000000000000e+00 2.287935563896193458e-01
7.100000000000000533e+00 1.845653902965088911e+00
7.200000000000000178e+00 4.037885034436586307e-01
7.300000000000000711e+00 8.389696800062073079e-01
7.400000000000000355e+00 7.783524144332383266e-01
7.500000000000000000e+00 5.129237434878076707e-01
7.600000000000000533e+00 1.742743636698146403e+01
7.700000000000000178e+00 4.921298956073297259e-01
7.800000000000000711e+00 4.892709617688042023e+00
7.900000000000000355e+00 9.431327359008871980e+00
8.000000000000000000e+00 4.522000734263822430e+00
8.099999999999999645e+00 9.681982145660844807e+00
8.200000000000001066e+00 2.576533875170283316e+00
8.300000000000000711e+00 3.794286522542049123e-01
8.400000000000000355e+00 8.519103344710097225e-01
8.500000000000000000e+00 5.456018637153432493e-01
8.599999999999999645e+00 2.693398039019747614e+00
8.700000000000001066e+00 6.585363593949506544e+00
8.800000000000000711e+00 3.569804672117981692e+00
8.900000000000000355e+00 6.247437095177542643e-01
9.000000000000000000e+00 1.426435643856573066e+00
9.099999999999999645e+00 2.610918954238282463e+00
9.200000000000001066e+00 5.492845815593906167e+00
9.300000000000000711e+00 2.667231234186261180e+00
9.400000000000000355e+00 2.409920761874667361e-01
9.500000000000000000e+00 1.603522629107730468e+00
9.600000000000001421e+00 9.778993460998121334e-02
9.700000000000001066e+00 4.812266774061957353e-02
9.800000000000000711e+00 5.261468458883771654e-02
9.900000000000000355e+00 1.296386935528578699e-01
1.000000000000000000e+01 5.714452592010112880e-02
1.010000000000000142e+01 1.567917134456938699e-01
1.020000000000000107e+01 1.345579582210014447e-02
1.030000000000000071e+01 6.589224023995271344e-03
1.040000000000000036e+01 2.158504708946950516e-03
1.050000000000000000e+01 1.207387817055078846e-02
1.060000000000000142e+01 1.229128765657599848e-01
1.070000000000000107e+01 4.544393503510688742e-02
1.080000000000000071e+01 2.025363748129920816e-01
1.090000000000000036e+01 4.692092877417427046e-03
1.100000000000000000e+01 3.442772771149238409e-03
1.110000000000000142e+01 5.091950243424057422e-04
1.120000000000000107e+01 2.138437202868480325e-02
1.130000000000000071e+01 7.069448553790628198e-01
1.140000000000000036e+01 2.567361148341222310e-01
1.150000000000000000e+01 3.076171345837850832e-02
1.160000000000000142e+01 2.133162263098840189e-02
1.170000000000000107e+01 4.316238722899479879e-02
1.180000000000000071e+01 6.737667720582436737e-02
1.190000000000000036e+01 3.687612280569034506e-02
1.200000000000000000e+01 1.300981803528954706e-01
1.210000000000000142e+01 1.375814967575303693e-01
1.220000000000000107e+01 5.569005364490579868e-02
1.230000000000000071e+01 1.048301629121997536e+00
1.240000000000000036e+01 1.169475106868561320e-01
1.250000000000000000e+01 2.546839977650215969e-01
1.260000000000000142e+01 2.420725917803536298e+00
1.270000000000000107e+01 3.985799526115510472e-02
1.280000000000000071e+01 1.738858454437059164e-01
1.290000000000000036e+01 1.970591130532911850e-01
1.300000000000000000e+01 1.321216435519913801e-01
1.310000000000000142e+01 9.047532699101723530e-02
1.320000000000000107e+01 2.446678566148615952e-01
1.330000000000000071e+01 7.764208012717132013e-01
1.340000000000000036e+01 3.845935817640771526e-01
1.350000000000000000e+01 5.148734229656647399e-01
1.360000000000000142e+01 1.832456102448701274e-01
1.370000000000000107e+01 6.226950108024777997e-01
1.380000000000000071e+01 3.958371047790607555e+00
1.390000000000000036e+01 4.564589926022804889e+00
1.400000000000000000e+01 5.153827941076262853e+00
1.410000000000000142e+01 3.309779037556429326e+00
1.420000000000000107e+01 1.055806223819391931e+00
1.430000000000000071e+01 1.275816558916998411e-01
1.440000000000000036e+01 2.404631851258960118e-01
1.450000000000000000e+01 6.333378675174153316e-02
1.460000000000000142e+01 1.039504502229428029e+00
1.470000000000000107e+01 3.105419655371733700e+00
1.480000000000000071e+01 6.119422767907486183e+00
1.490000000000000036e+01 2.521118934414229962e+00
1.500000000000000000e+01 2.944031882018906532e-01
1.510000000000000142e+01 3.226620602039365071e+00
1.520000000000000107e+01 3.459475625674759858e+00
1.530000000000000071e+01 7.050413873798089259e-01
1.540000000000000036e+01 6.177001046783664462e-01
1.550000000000000000e+01 2.140990683502971004e-01
1.560000000000000142e+01 5.550190643275147995e-01
1.570000000000000107e+01 1.439272637071514482e-01
1.580000000000000071e+01 4.805172850889340890e-04
1.590000000000000036e+01 7.915990302039415533e-03
1.600000000000000000e+01 3.512122726788042409e-02
1.610000000000000142e+01 2.706339028704354832e-02
1.619999999999999929e+01 1.021193898474546773e-02
1.630000000000000071e+01 8.388048265675199233e-03
1.640000000000000213e+01 5.594929647162491526e-02
1.650000000000000000e+01 1.309476615127620584e-02
1.660000000000000142e+01 5.159841150991686248e-02
1.669999999999999929e+01 1.088305065751358353e-02
1.680000000000000071e+01 5.136508742123646089e-03
1.690000000000000213e+01 3.724115235254128048e-02
1.700000000000000000e+01 1.624709063876916132e-02
1.710000000000000142e+01 1.275561708940433497e-02
1.719999999999999929e+01 3.728051960090214001e-01
1.730000000000000071e+01 1.084466635347530739e-02
1.740000000000000213e+01 1.054457415090526567e-01
1.750000000000000000e+01 1.568970746969930996e-01
1.760000000000000142e+01 2.973386312923673169e-01
1.769999999999999929e+01 7.516690799645826815e-02
1.780000000000000071e+01 6.853263788694285985e-02
1.790000000000000213e+01 1.350655598283599136e-02
1.800000000000000000e+01 3.310751653069214373e-01
1.810000000000000142e+01 1.926522988518050983e-01
1.819999999999999929e+01 5.012454681615304830e-01
1.830000000000000071e+01 3.573208587851531282e-01
1.840000000000000213e+01 6.909844243486987780e-01
1.850000000000000000e+01 3.019014421244631818e-01
1.860000000000000142e+01 6.253371276502664999e-01
1.869999999999999929e+01 1.833439679560021074e-01
1.880000000000000071e+01 2.108330580036829605e-01
1.890000000000000213e+01 6.105806643670402822e-02
1.900000000000000000e+01 4.283656247706535969e-01
1.910000000000000142e+01 3.955091836577739883e-01
1.920000000000000284e+01 6.049949926494706531e-01
1.930000000000000071e+01 2.481952069729794208e-01
1.940000000000000213e+01 3.559427294380241302e-01
1.950000000000000000e+01 2.194879040666688486e+00
1.960000000000000142e+01 2.119750304623719273e-01
1.970000000000000284e+01 3.246907199198828531e-01
1.980000000000000071e+01 1.958440560617828730e-01
1.990000000000000213e+01 1.065704211227868486e-01
2.000000000000000000e+01 2.000694853230810533e-01
2.010000000000000142e+01 1.835278163756476691e-02
2.020000000000000284e+01 3.444167742846253322e-02
2.030000000000000071e+01 3.299086035551324764e-02
2.040000000000000213e+01 1.082146402896211196e-01
2.050000000000000000e+01 6.740474175056804240e-02
2.060000000000000142e+01 6.219389772946012224e-02
2.070000000000000284e+01 4.118618515438892541e-02
2.080000000000000071e+01 1.481522189334204265e-01
2.090000000000000213e+01 3.079882992102579362e-02
2.100000000000000000e+01 3.062865169982921867e-02
2.110000000000000142e+01 7.795922730632370845e-02
2.120000000000000284e+01 1.147019891993951851e-01
2.130000000000000071e+01 3.651111595892008177e-01
2.140000000000000213e+01 5.908276848645212243e-02
2.150000000000000000e+01 4.233573452786221734e-03
2.160000000000000142e+01 1.624289560092493506e-02
2.170000000000000284e+01 6.769237147351778346e-03
2.180000000000000071e+01 1.357394999113495024e-02
2.190000000000000213e+01 6.893387523936302108e-02
2.200000000000000000e+01 7.356179188983320849e-02
2.210000000000000142e+01 4.841112572760043475e-01
2.220000000000000284e+01 1.222869064215152068e+00
2.230000000000000071e+01 1.091274749368949665e-01
2.240000000000000213e+01 8.026915623212324546e-03
2.250000000000000000e+01 8.975938030902401443e-02
2.260000000000000142e+01 5.108698283417879502e-03
2.270000000000000284e+01 6.789684714024735862e-03
2.280000000000000071e+01 2.831926752640548384e-02
2.290000000000000213e+01 3.708702503079418754e-03
2.300000000000000000e+01 3.312007031608250884e-02
2.310000000000000142e+01 5.608156100796486167e-03
2.320000000000000284e+01 6.741978059580044924e-03
2.330000000000000071e+01 1.159886959611741708e-01
2.340000000000000213e+01 1.481110296956354433e-01
2.350000000000000000e+01 6.865490973854856960e-02
2.360000000000000142e+01 2.234578826120884598e-01
2.370000000000000284e+01 2.870420548817408379e-01
2.380000000000000071e+01 3.504749883028668300e-01
2.390000000000000213e+01 9.257537292291964648e-02
2.400000000000000000e+01 3.607392746077235646e-02
2.410000000000000142e+01 1.872658065199770405e-01
2.420000000000000284e+01 4.621933115998791419e-01
2.430000000000000071e+01 2.162329628039491691e+00
2.440000000000000213e+01 3.443092720093935410e-01
2.450000000000000000e+01 1.346479428591410787e+00
2.460000000000000142e+01 3.101966802872577200e-01
2.470000000000000284e+01 6.614748178169440607e-01
2.480000000000000071e+01 3.749466966421649561e-01
2.490000000000000213e+01 7.568721203444238321e-02
2.500000000000000000e+01 1.155087958154564776e+00
2.510000000000000142e+01 3.061197992178984695e+00
2.520000000000000284e+01 2.841292685075110791e-01
2.530000000000000071e+01 9.728256018245211578e-01
2.540000000000000213e+01 2.562823328237668341e-01
2.550000000000000000e+01 9.613041405881353474e-02
2.560000000000000142e+01 1.289814784360945321e-01
2.570000000000000284e+01 1.884461298595474510e+00
2.580000000000000071e+01 2.255275107669206136e+00
2.590000000000000213e+01 4.986795295967518665e-02
2.600000000000000000e+01 3.420303509135318859e-02
2.610000000000000142e+01 3.620398089180368317e-01
2.620000000000000284e+01 2.196618843016938882e+00
2.630000000000000071e+01 5.770293628247216589e+00
2.640000000000000213e+01 2.440678421637493267e-01
2.650000000000000000e+01 2.287142756954878564e+00
2.660000000000000142e+01 1.650971679955334781e-01
2.670000000000000284e+01 3.455913324438679157e-01
2.680000000000000071e+01 8.492820001179942624e-01
2.690000000000000213e+01 5.729661698918138146e-01
2.700000000000000000e+01 4.072411582122815177e-01
2.710000000000000142e+01 1.119418843377075617e-01
2.720000000000000284e+01 1.255580377636287270e+00
2.730000000000000071e+01 2.549899488029665554e-02
2.740000000000000213e+01 2.177782666409388002e-01
2.750000000000000000e+01 1.547794816319435496e+00
2.760000000000000142e+01 1.028306494562573503e+00
2.770000000000000284e+01 1.081321839911104865e+00
2.780000000000000071e+01 1.144162454013640390e-01
2.790000000000000213e+01 5.492753004471122580e-01
2.800000000000000000e+01 1.141485231491389696e+00
2.810000000000000142e+01 6.967511826015189147e-01
2.820000000000000284e+01 6.503394045938373225e-01
2.830000000000000071e+01 1.284070374168595485e-01
2.840000000000000213e+01 2.954231028976370133e-01
2.850000000000000000e+01 1.254873146731684930e+00
2.860000000000000142e+01 5.081503323728867594e-01
2.870000000000000284e+01 5.457149212088789891e-01
2.880000000000000071e+01 6.535764822865529844e+00
2.890000000000000213e+01 5.710679789957938901e+00
2.900000000000000000e+01 3.444276909073388793e-01
2.910000000000000142e+01 8.026196123762053825e-01
2.920000000000000284e+01 3.863591718009833920e-01
2.930000000000000071e+01 2.055755076645590651e-01
2.940000000000000213e+01 2.108469135062494448e+00
2.950000000000000000e+01 3.698974920948344458e+00
2.960000000000000142e+01 3.153438069200962701e+00
2.970000000000000284e+01 4.961937302455448418e+01
2.980000000000000071e+01 9.778413891171884309e-01
2.990000000000000213e+01 6.548613205448717833e-01
3.000000000000000000e+01 3.734307833644156527e-01
3.010000000000000142e+01 2.465820858611238897e+00
3.020000000000000284e+01 2.829307052598936778e+00
3.030000000000000071e+01 4.646635933681246833e+00
3.040000000000000213e+01 2.078680615427798273e+01
3.050000000000000000e+01 1.281648365270608636e+01
3.060000000000000142e+01 3.002889690334879180e+00
3.070000000000000284e+01 7.835670902015865469e-01
3.080000000000000071e+01 4.881315960535652643e-01
3.090000000000000213e+01 1.183637963283813654e+00
3.100000000000000000e+01 6.148092472072730352e+00
3.110000000000000142e+01 1.069208476212867609e+01
3.120000000000000284e+01 1.829342958828170218e+00
3.130000000000000071e+01 1.468754162997960799e+00
3.140000000000000213e+01 4.117426426034430875e+01
3.150000000000000000e+01 5.799197929808059371e+01
3.160000000000000142e+01 2.042669122140872062e+01
3.170000000000000284e+01 2.687544568460711769e+00
3.180000000000000071e+01 7.524771762038067635e+00
3.190000000000000213e+01 1.313793455099439988e+01
3.200000000000000000e+01 2.537831603487775567e+01
3.210000000000000142e+01 3.520113355723393056e+01
3.220000000000000284e+01 5.770972721467333422e+00
3.230000000000000426e+01 2.911173912684818532e+01
3.239999999999999858e+01 2.733309099587878421e+01
3.250000000000000000e+01 3.888735842491253436e+01
3.260000000000000142e+01 9.483064520460811053e+00
3.270000000000000284e+01 1.228636725992165335e+00
3.280000000000000426e+01 3.935682132588881643e+01
3.289999999999999858e+01 9.966351514624221863e+00
3.300000000000000000e+01 1.190160861995158248e+00
3.310000000000000142e+01 1.755330013440501435e+00
3.320000000000000284e+01 2.172468932404418407e+00
3.330000000000000426e+01 2.272921564662694571e+00
3.339999999999999858e+01 4.845107380618629556e+00
3.350000000000000000e+01 1.581820846442774098e+01
3.360000000000000142e+01 1.592770671968358087e+00
3.370000000000000284e+01 1.611707834305530440e+00
3.380000000000000426e+01 7.390311814785611721e-01
3.389999999999999858e+01 2.506894696661268629e+00
3.400000000000000000e+01 2.742306487634529333e-01
3.410000000000000142e+01 2.167445010413184686e-02
3.420000000000000284e+01 3.569542069857285504e-01
3.430000000000000426e+01 4.747493759898809285e-01
3.439999999999999858e+01 2.662506716090742853e-01
3.450000000000000000e+01 7.073357283915929772e-01
3.460000000000000142e+01 6.658782383772694491e-01
3.470000000000000284e+01 5.647370306528759265e+00
3.480000000000000426e+01 4.545234707089244708e+00
3.489999999999999858e+01 5.040298538214188717e+00
3.500000000000000000e+01 5.171293843226948184e+00
3.510000000000000142e+01 1.438299246043345114e+01
3.520000000000000284e+01 2.405523690849840435e+01
3.530000000000000426e+01 1.212359665142995446e+01
3.539999999999999858e+01 7.956808812313755475e+00
3.550000000000000000e+01 4.897067170502727329e+00
3.560000000000000142e+01 9.808215840053161827e+00
3.570000000000000284e+01 1.645873816961964664e+01
3.580000000000000426e+01 3.966081441508779726e-01
3.589999999999999858e+01 2.650646650088269163e-01
3.600000000000000000e+01 1.148035267334588383e+00
3.610000000000000142e+01 2.886619033459152828e+00
3.620000000000000284e+01 1.620822056305158687e-01
3.630000000000000426e+01 1.506361752191740067e+00
3.639999999999999858e+01 2.400440678237745651e+00
3.650000000000000000e+01 7.874690128039443238e+00
3.660000000000000142e+01 1.278942339518271076e+00
3.670000000000000284e+01 8.624106963825542982e-01
3.680000000000000426e+01 4.613099266980539959e+00
3.689999999999999858e+01 8.772497598060967627e-01
3.700000000000000000e+01 1.152413183438509181e+00
3.710000000000000142e+01 2.548925525221149346e+00
3.720000000000000284e+01 1.543461958688461699e+00
3.730000000000000426e+01 4.687755429314847122e-01
3.739999999999999858e+01 4.235043752530692762e-01
3.750000000000000000e+01 1.773177380204319142e+00
3.760000000000000142e+01 9.627152674669678389e-02
3.770000000000000284e+01 5.360320818497137790e-02
3.780000000000000426e+01 5.667675255489550146e-02
3.789999999999999858e+01 2.457194536526911138e-02
3.800000000000000000e+01 1.674223748467529305e-01
3.810000000000000142e+01 6.310923685214631096e-02
3.820000000000000284e+01 8.223505211084428113e-02
3.830000000000000426e+01 1.876240612909972627e-01
3.840000000000000568e+01 1.768816117365637763e-01
3.850000000000000000e+01 1.953283212439112404e+00
3.860000000000000142e+01 2.145718421315808921e+00
3.870000000000000284e+01 3.255436751079957558e-01
3.880000000000000426e+01 4.734015467212803752e-01
3.890000000000000568e+01 6.024147338666149820e-02
3.900000000000000000e+01 2.978334785029266851e-01
3.910000000000000142e+01 2.141699585080248269e+00
3.920000000000000284e+01 5.410173788067102585e+00
3.930000000000000426e+01 5.435483552760302928e+01
3.940000000000000568e+01 2.251181003136438008e+01
3.950000000000000000e+01 1.968143187471334699e+01
3.960000000000000142e+01 1.413724294921451730e+01
3.970000000000000284e+01 7.626013036729704098e+00
3.980000000000000426e+01 1.220993875503506798e+00
3.990000000000000568e+01 1.314626755868632424e+00
4.000000000000000000e+01 9.879041591347103093e-03
4.010000000000000142e+01 1.673907481160890054e-01
4.020000000000000284e+01 2.195046613940649927e-01
4.030000000000000426e+01 9.043576078433126497e-01
4.040000000000000568e+01 6.041258243571160369e-01
4.050000000000000000e+01 7.375415930645328189e-01
4.060000000000000142e+01 1.004105432681283938e+00
4.070000000000000284e+01 6.949866312952954761e-01
4.080000000000000426e+01 1.495242654420420592e-01
4.090000000000000568e+01 1.896097106642805757e-02
4.100000000000000000e+01 1.416060013935123985e-01
4.110000000000000142e+01 1.735913272216016656e+00
4.120000000000000284e+01 7.809138165984028657e-01
4.130000000000000426e+01 2.629148001554201741e+01
4.140000000000000568e+01 3.313123434757872854e+00
4.150000000000000000e+01 5.069072054808657413e+01
4.160000000000000142e+01 4.354443280902857794e+01
4.170000000000000284e+01 4.476805214969120783e+01
4.180000000000000426e+01 3.708019859664407836e+00
4.190000000000000568e+01 1.114115667815396282e+00
4.200000000000000000e+01 7.149653020284220395e-02
4.210000000000000142e+01 2.851913388513314662e-01
4.220000000000000284e+01 3.245475067579871031e-01
4.230000000000000426e+01 8.587316328920842068e-01
4.240000000000000568e+01 3.311456574336466119e+00
4.250000000000000000e+01 2.227615529061393596e-01
4.260000000000000142e+01 3.186194461286153135e-01
4.270000000000000284e+01 1.389929874611872673e-01
4.280000000000000426e+01 7.119198477352524368e-02
4.290000000000000568e+01 1.872506062721754905e-01
4.300000000000000000e+01 4.160899300169359355e-02
4.310000000000000142e+01 3.278069491979641176e-02
4.320000000000000284e+01 4.786877705177626507e-02
4.330000000000000426e+01 3.213203101071421264e-02
4.340000000000000568e+01 8.403005404913649334e-01
4.350000000000000000e+01 4.051134373826096868e-01
4.360000000000000142e+01 2.421396878497741045e-01
4.370000000000000284e+01 1.571803021020138802e+00
4.380000000000000426e+01 1.590041086150096428e+00
4.390000000000000568e+01 1.380500711768471778e+00
4.400000000000000000e+01 7.420166908095520153e-01
4.410000000000000142e+01 3.392684874194356492e+00
4.420000000000000284e+01 1.109481909228129615e+00
4.430000000000000426e+01 7.250472019902650667e-01
4.440000000000000568e+01 7.267996807797063141e+00
4.450000000000000000e+01 3.747821780226733068e+00
4.460000000000000142e+01 1.756510207647253630e+00
4.470000000000000284e+01 3.231496463028237232e-01
4.480000000000000426e+01 1.034843516827225196e+00
4.490000000000000568e+01 3.841152913639291011e+00
4.500000000000000000e+01 1.237740196422593003e-01
4.510000000000000142e+01 4.518190137101808501e-01
4.520000000000000284e+01 2.762935021469662633e+00
4.530000000000000426e+01 1.586102715690202203e+01
4.540000000000000568e+01 2.767787748366378420e+00
4.550000000000000000e+01 9.189667965166762542e+00
4.560000000000000142e+01 5.881213110501374963e+00
4.570000000000000284e+01 2.435215834656171197e+01
4.580000000000000426e+01 1.968084651004713592e+01
4.590000000000000568e+01 6.524952461602850029e+00
4.600000000000000000e+01 5.393790446212305412e+00
4.610000000000000142e+01 5.725914283155258744e+00
4.620000000000000284e+01 6.741210710744988788e+00
4.630000000000000426e+01 2.263915653440451425e+00
4.640000000000000568e+01 7.258414553225593924e-01
4.650000000000000000e+01 6.131037555929595984e-01
4.660000000000000142e+01 4.566842732697197760e-01
4.670000000000000284e+01 7.433919114692709718e-01
4.680000000000000426e+01 2.251106624001267958e-02
4.690000000000000568e+01 1.380173802827911744e-01
4.700000000000000000e+01 1.312117929604855737e+00
4.710000000000000142e+01 5.235044632401486542e-01
4.720000000000000284e+01 8.507278652243371875e-01
4.730000000000000426e+01 1.312263264840365595e+00
4.740000000000000568e+01 5.677052982673176373e+00
4.750000000000000000e+01 9.991154671273109855e+00
4.760000000000000142e+01 1.773646834239982484e+00
4.770000000000000284e+01 3.882032736509436255e+00
4.780000000000000426e+01 1.125741430370753360e+00
4.790000000000000568e+01 1.012468792422095865e+00
4.800000000000000000e+01 5.130037599534123416e+00
4.810000000000000142e+01 3.398233690483253611e+01
4.820000000000000284e+01 1.727151711728624583e+00
4.830000000000000426e+01 4.108956823928805235e+00
4.840000000000000568e+01 4.217218566581338024e+01
4.850000000000000000e+01 1.671808449760433035e+01
4.860000000000000142e+01 4.419115106619680233e+01
4.870000000000000284e+01 6.056238610359571339e+00
4.880000000000000426e+01 2.638747777868716327e+01
4.890000000000000568e+01 4.461123538513845688e+01
4.900000000000000000e+01 1.424531884480775012e+01
4.910000000000000142e+01 1.471347668157311439e+01
4.920000000000000284e+01 2.591341771855676601e+00
4.930000000000000426e+01 6.319762661608645971e+00
4.940000000000000568e+01 6.750590612066525864e+01
4.950000000000000000e+01 5.061060763063038337e+01
4.960000000000000142e+01 3.710961416878102437e+00
4.970000000000000284e+01 1.201893076226408397e+00
4.980000000000000426e+01 1.697642661633361882e+01
4.990000000000000568e+01 9.188501928248475892e+00
5.000000000000000000e+01 2.715029996359694664e+00
5.010000000000000142e+01 5.034063833287087952e-01
5.020000000000000284e+01 4.974898589028200480e-01
5.030000000000000426e+01 1.402244916887083193e+00
5.040000000000000568e+01 6.048107815355066030e+00
5.050000000000000000e+01 1.948885920506839398e+01
5.060000000000000142e+01 6.231793582708862189e+00
5.070000000000000284e+01 4.366792135533701824e+00
5.080000000000000426e+01 3.367067002324997116e+00
5.090000000000000568e+01 7.046641509501117007e-01
5.100000000000000000e+01 3.057856393214041790e-01
5.110000000000000142e+01 8.971766739342216246e-01
5.120000000000000284e+01 7.771076318024638496e+00
5.130000000000000426e+01 8.867463420757406567e+00
5.140000000000000568e+01 2.512233330669578990e+00
5.150000000000000000e+01 7.154189053839437484e+00
5.160000000000000142e+01 1.902855481621041345e-01
5.170000000000000284e+01 6.763743101153532056e-01
5.180000000000000426e+01 4.962766763917690338e-01
5.190000000000000568e+01 2.602115812291103669e-01
5.200000000000000000e+01 2.832753101102525761e+00
5.210000000000000142e+01 1.429761465360965289e+01
5.220000000000000284e+01 6.794253672876604533e-01
5.230000000000000426e+01 7.871844341887219709e-01
5.240000000000000568e+01 1.586056931030247918e+00
5.250000000000000000e+01 4.581641495310139756e-01
5.260000000000000142e+01 1.596560604782050197e-01
5.270000000000000284e+01 3.738016060176504451e-01
5.280000000000000426e+01 6.844454242537364452e-01
5.290000000000000568e+01 1.010528931794840712e+00
5.300000000000000000e+01 7.681333484078013418e-01
5.310000000000000142e+01 1.211692484461893149e-01
5.320000000000000284e+01 5.770312322898025759e-01
5.330000000000000426e+01 1.633093646927944453e+00
5.340000000000000568e+01 1.641270437383166803e+00
5.350000000000000000e+01 5.375157819932141479e-01
5.360000000000000142e+01 2.945928266803546705e-02
5.370000000000000284e+01 6.370412155743535587e-01
5.380000000000000426e+01 2.219923888005090051e-01
5.390000000000000568e+01 1.257464337946831434e-01
5.400000000000000000e+01 1.596823036887590419e+00
5.410000000000000142e+01 3.070962021387235175e-01
5.420000000000000284e+01 7.041659876529474671e-01
5.430000000000000426e+01 1.219091291370774932e-01
5.440000000000000568e+01 1.052187477308638597e+00
5.450000000000000000e+01 3.499801814355882335e-01
5.460000000000000142e+01 1.937412328375369031e+00
5.470000000000000284e+01 1.157229814626513154e+01
5.480000000000000426e+01 3.213029404372987341e-01
5.490000000000000568e+01 1.649613638360794277e-01
5.500000000000000000e+01 1.281898876117046684e-02
5.510000000000000142e+01 1.647953181222924224e+00
5.520000000000000284e+01 2.169511319814552142e+00
5.530000000000000426e+01 1.902033101924272274e-01
5.540000000000000568e+01 7.189358958565320035e-02
5.550000000000000000e+01 2.036448769401485726e-01
5.560000000000000142e+01 4.708125932893703625e-01
5.570000000000000284e+01 3.298076616974894293e-01
5.580000000000000426e+01 1.799985947724797253e+00
5.590000000000000568e+01 2.844091451465503795e+00
5.600000000000000000e+01 9.141580284279973712e-02
5.610000000000000142e+01 3.728735461905316462e-01
5.620000000000000284e+01 5.203799404711261234e-01
5.630000000000000426e+01 2.912482256997155350e-01
5.640000000000000568e+01 9.204549460220864399e-01
5.650000000000000000e+01 5.326666883383136541e-01
5.660000000000000142e+01 1.030795444758722201e+00
5.670000000000000284e+01 2.106788106946553718e+00
5.680000000000000426e+01 1.784240546747694889e-01
5.690000000000000568e+01 1.205179069267938996e-01
5.700000000000000000e+01 3.400182421424655793e-02
5.710000000000000142e+01 3.597808743403745901e-01
5.720000000000000284e+01 2.549699419807358036e-01
5.730000000000000426e+01 2.839949662970648880e-01
5.740000000000000568e+01 9.898588234766461658e-02
5.750000000000000000e+01 1.822600677376998990e-01
5.760000000000000142e+01 2.411924777165797285e-01
5.770000000000000284e+01 9.478855740697100449e-03
5.780000000000000426e+01 7.495342763762938634e-03
5.790000000000000568e+01 2.695535698661854010e-02
5.800000000000000000e+01 6.914748169727472603e-03
5.810000000000000142e+01 1.215448787589823790e-02
5.820000000000000284e+01 9.981189648602492581e-03
5.830000000000000426e+01 1.010258254332640658e-03
5.840000000000000568e+01 6.367609804433864429e-02
5.850000000000000000e+01 6.853515666844842494e-03
5.860000000000000142e+01 2.221994651781957625e-02
5.870000000000000284e+01 1.008638446781510600e+00
5.880000000000000426e+01 3.745148370241755398e-01
5.890000000000000568e+01 2.338337882008982571e-01
5.900000000000000000e+01 1.202061745790481417e-01
5.910000000000000142e+01 5.287642949748262711e-02
5.920000000000000284e+01 7.960563251246232513e-03
5.930000000000000426e+01 1.304369663260424375e-02
5.940000000000000568e+01 4.545873043647426573e-03
5.950000000000000000e+01 1.029464851743475476e-02
5.960000000000000142e+01 3.430710774231059967e-01
5.970000000000000284e+01 8.290612425374063732e-02
5.980000000000000426e+01 1.379377628246512277e-01
5.990000000000000568e+01 3.299221548122465569e-02
6.000000000000000000e+01 2.994168583181012339e-02
6.010000000000000142e+01 1.296294955693338968e-01
6.020000000000000284e+01 6.026548312230046306e-02
6.030000000000000426e+01 4.055015820606643756e-02
6.040000000000000568e+01 9.493007405933090448e-02
6.050000000000000000e+01 7.100127344414747244e-02
6.060000000000000142e+01 7.174810488061053593e-02
6.070000000000000284e+01 2.076846257651220745e-02
6.080000000000000426e+01 2.907380502332234870e-02
6.090000000000000568e+01 7.026501465505052835e-02
6.100000000000000000e+01 1.478782466108616578e-01
6.110000000000000142e+01 8.152190701282188701e-02
6.120000000000000284e+01 3.253295475024357009e-01
6.130000000000000426e+01 1.300936713362019215e-01
6.140000000000000568e+01 1.482104480952325609e+00
6.150000000000000000e+01 6.083939062683747512e-01
6.160000000000000142e+01 1.919281605779117605e-01
6.170000000000000284e+01 7.899485396281319405e-01
6.180000000000000426e+01 4.361900944559871651e-01
6.190000000000000568e+01 5.814303012823683892e-01
6.200000000000000000e+01 1.190266571669125056e-01
6.210000000000000142e+01 1.183362843914278900e-01
6.220000000000000284e+01 2.637773444985163640e-01
6.230000000000000426e+01 2.073767139213725519e-01
6.240000000000000568e+01 6.031578781025273006e-01
6.250000000000000000e+01 2.823421369561882610e-01
6.260000000000000142e+01 9.329015914889285943e-01
6.270000000000000284e+01 2.785041430014720820e-01
6.280000000000000426e+01 6.485435428332643193e-01
6.290000000000000568e+01 2.447115637864079873e-01
6.300000000000000000e+01 8.557641545898442281e-02
6.310000000000000142e+01 1.881110644193401474e-02
6.320000000000000284e+01 1.637183741523793035e-01
6.330000000000000426e+01 1.085874766197438834e-01
6.340000000000000568e+01 4.380262394082061750e-01
6.350000000000000000e+01 4.924516595656025508e-02
6.360000000000000142e+01 5.122033942445208127e-02
6.370000000000000284e+01 1.324347439847288199e-01
6.380000000000000426e+01 1.060192980041411298e-01
6.390000000000000568e+01 7.812672804908315019e-03
6.400000000000000000e+01 1.499007195029158634e-01
6.410000000000000853e+01 2.996617187871166571e-03
6.420000000000000284e+01 1.290009650236432527e-02
6.429999999999999716e+01 2.702342613148339331e-02
6.440000000000000568e+01 1.447193360813304325e-02
6.450000000000000000e+01 3.738713207497001284e-02
6.460000000000000853e+01 1.850765511783361225e-02
6.470000000000000284e+01 7.465387995815027204e-03
6.479999999999999716e+01 4.048299764597244887e-02
6.490000000000000568e+01 3.721139355135616444e-02
6.500000000000000000e+01 1.031244417928308711e-02
6.510000000000000853e+01 2.986091192993393960e-05
6.520000000000000284e+01 2.115428245910119451e-02
6.529999999999999716e+01 3.627177742141400318e-01
6.540000000000000568e+01 1.062474945234502255e-01
6.550000000000000000e+01 4.237355557323816413e-01
6.560000000000000853e+01 3.551718433802025232e-01
6.570000000000000284e+01 2.686121572337196284e+00
6.579999999999999716e+01 3.717910364370625054e+00
6.590000000000000568e+01 3.036962354111810702e-01
6.600000000000000000e+01 1.353238113382310814e+00
6.610000000000000853e+01 7.174149844954440525e+00
6.620000000000000284e+01 5.062300956432273402e+00
6.629999999999999716e+01 2.750340858542798195e+00
6.640000000000000568e+01 1.671418465713615797e-01
6.650000000000000000e+01 1.460674308461525073e-01
6.660000000000000853e+01 1.675632205804951647e-01
6.670000000000000284e+01 2.053081125610878299e-01
6.679999999999999716e+01 3.496643105056734147e+00
6.690000000000000568e+01 2.022420357866025586e+00
6.700000000000000000e+01 7.858155222397003037e+00
6.710000000000000853e+01 4.486978961754839013e+00
6.720000000000000284e+01 1.966738051207512994e+00
6.729999999999999716e+01 2.350573654830484249e-01
6.740000000000000568e+01 5.256753704865360088e-01
6.750000000000000000e+01 4.869657638042105274e-01
6.760000000000000853e+01 7.197837201278909358e-01
6.770000000000000284e+01 5.270358821244082170e-01
6.779999999999999716e+01 9.251306291922052616e-02
6.790000000000000568e+01 1.581492186436057323e-01
6.800000000000000000e+01 2.057896286685322595e-01
6.810000000000000853e+01 1.356889008867237234e-01
6.820000000000000284e+01 5.000407913519020614e-02
6.829999999999999716e+01 6.978824290113216922e-01
6.840000000000000568e+01 5.705690959328568734e-01
6.850000000000000000e+01 6.595713433103544965e-02
6.860000000000000853e+01 1.737047867945478385e+00
6.870000000000000284e+01 9.280731159237469441e-02
6.879999999999999716e+01 1.219139018884338593e-01
6.890000000000000568e+01 2.705886685143574777e-01
6.900000000000000000e+01 3.270752605583297085e-02
6.910000000000000853e+01 1.018632893641182730e-01
6.920000000000000284e+01 4.564828860871785604e-02
6.929999999999999716e+01 2.039978972383003561e-02
6.940000000000000568e+01 1.787816915913198468e-02
6.950000000000000000e+01 1.816896837233958617e-01
6.960000000000000853e+01 1.360802802691797320e+00
6.970000000000000284e+01 9.919737589498489605e-02
6.979999999999999716e+01 2.693138954068587457e-03
6.990000000000000568e+01 1.413786584629986558e-03
7.000000000000000000e+01 4.682757693148106685e-03
7.010000000000000853e+01 4.408858866466520282e-02
7.020000000000000284e+01 1.264584198159665052e-01
7.029999999999999716e+01 5.350986407750600582e-02
7.040000000000000568e+01 8.189090592777677202e-02
7.050000000000000000e+01 1.216585962837431374e-03
7.060000000000000853e+01 7.586156956395338075e-03
7.070000000000000284e+01 7.706697817527207589e-03
7.079999999999999716e+01 9.445309985482427950e-02
7.090000000000000568e+01 5.805840978385375800e-02
7.100000000000000000e+01 7.585378548937535270e-02
7.110000000000000853e+01 8.988233442867306355e-02
7.120000000000000284e+01 1.313814185890299635e-02
7.129999999999999716e+01 1.011494024743763986e-01
7.140000000000000568e+01 3.495557896755356886e-01
7.150000000000000000e+01 3.235944460974563563e-01
7.160000000000000853e+01 4.644803017541829226e-01
7.170000000000000284e+01 9.494711393812625744e+00
7.179999999999999716e+01 1.481146131354938777e+00
7.190000000000000568e+01 2.763202773394339840e+00
7.200000000000000000e+01 4.319293182471029557e-01
7.210000000000000853e+01 2.852284015139918250e+00
7.220000000000000284e+01 9.369343697578818464e+00
7.229999999999999716e+01 3.257818286463827651e+00
7.240000000000000568e+01 1.197793197574921642e+00
7.250000000000000000e+01 6.623029237495581256e-01
7.260000000000000853e+01 4.040602331613741827e-01
7.270000000000000284e+01 9.261289957755592939e-01
7.279999999999999716e+01 6.740035622682759353e+00
7.290000000000000568e+01 3.177225850943899754e+00
7.300000000000000000e+01 1.324937353442236621e+01
7.310000000000000853e+01 5.248186454810919166e+00
7.320000000000000284e+01 9.467053949557203696e-01
7.329999999999999716e+01 7.581336016024973645e+00
7.340000000000000568e+01 2.604924303333610247e+00
7.350000000000000000e+01 3.402380809545323959e-01
7.360000000000000853e+01 2.705832504517204029e+00
7.370000000000000284e+01 2.480362847778274371e-01
7.379999999999999716e+01 2.400022804479753358e+00
7.390000000000000568e+01 2.928637478634320002e-01
7.400000000000000000e+01 8.164642228399472401e-01
7.410000000000000853e+01 1.155292274992665291e+00
7.420000000000000284e+01 1.533755110967293112e-01
7.429999999999999716e+01 8.520364557884494427e-01
7.440000000000000568e+01 2.072620601863176315e+00
7.450000000000000000e+01 1.728882239737868431e+01
7.460000000000000853e+01 3.806889679633902457e-01
7.470000000000000284e+01 9.571172355904984663e-02
7.479999999999999716e+01 5.652306943005324102e-01
7.490000000000000568e+01 2.589298447822366983e-02
7.500000000000000000e+01 1.191530309354266182e-01
7.510000000000000853e+01 1.728185377905756770e+00
7.520000000000000284e+01 2.789563581303827755e-01
7.529999999999999716e+01 9.683310035530360294e-01
7.540000000000000568e+01 9.606709934152722619e-02
7.550000000000000000e+01 5.145741373805132746e+00
7.560000000000000853e+01 3.034872701534086392e+00
7.570000000000000284e+01 4.463871986509845846e-01
7.579999999999999716e+01 2.584863518974509500e+00
7.590000000000000568e+01 1.894267640519140539e-01
7.600000000000000000e+01 1.299892135039599217e-01
7.610000000000000853e+01 7.456310497317408803e-02
7.620000000000000284e+01 2.735959685912119910e-01
7.629999999999999716e+01 7.804395231761543927e-01
7.640000000000000568e+01 2.848381910451174281e-01
7.650000000000000000e+01 3.220359539398241766e-02
7.660000000000000853e+01 1.930883214937757497e-01
7.670000000000000284e+01 9.409476762945055694e-02
7.680000000000001137e+01 3.643596250323236085e-02
7.690000000000000568e+01 7.508656987249731629e-02
7.700000000000000000e+01 7.280667609318862421e-02
7.710000000000000853e+01 5.906950621813366470e-02
7.720000000000000284e+01 1.252050248069787319e-01
7.730000000000001137e+01 1.056884491505878515e-01
7.740000000000000568e+01 3.983210462386798656e-01
7.750000000000000000e+01 9.918897932116625960e-01
7.760000000000000853e+01 2.070388230195933943e+01
7.770000000000000284e+01 1.674307841713445599e+00
7.780000000000001137e+01 1.001175503581288595e+00
7.790000000000000568e+01 1.461363061204591807e+00
7.800000000000000000e+01 1.630572141071311987e-01
7.810000000000000853e+01 8.877016343768956430e-02
7.820000000000000284e+01 3.881803459033607018e-01
7.830000000000001137e+01 5.454922339669870945e-01
7.840000000000000568e+01 4.162873402828545011e+00
7.850000000000000000e+01 6.775544085950823359e+00
7.860000000000000853e+01 5.711956918395197036e+00
7.870000000000000284e+01 7.279298623531903267e+00
7.880000000000001137e+01 1.821845150738193198e+00
7.890000000000000568e+01 1.746164586881645331e+00
7.900000000000000000e+01 4.460113571232800389e+00
7.910000000000000853e+01 5.157630756706101494e+00
7.920000000000000284e+01 4.538897723797062689e+00
7.930000000000001137e+01 4.713479246471176332e+00
7.940000000000000568e+01 1.916556457930439494e+00
7.950000000000000000e+01 1.486021596204951933e+01
7.960000000000000853e+01 6.153766032563032340e+00
7.970000000000000284e+01 2.553194236666524475e+01
7.980000000000001137e+01 3.229007236998251429e+00
7.990000000000000568e+01 7.225797504462269671e+01
8.000000000000000000e+01 7.957813738831472961e+01
8.010000000000000853e+01 4.367394992943231813e+01
8.020000000000000284e+01 3.191219561722857279e+01
8.030000000000001137e+01 1.176671942838046370e+01
8.040000000000000568e+01 2.472991233907765096e+00
8.050000000000000000e+01 2.864222475812934832e+01
8.060000000000000853e+01 2.895289251550725140e+00
8.070000000000000284e+01 3.535442574362676993e+01
8.080000000000001137e+01 1.694798987517974709e+01
8.090000000000000568e+01 1.623858893411221516e+01
8.100000000000000000e+01 1.648267233438223789e+00
8.110000000000000853e+01 1.197347040199123747e+00
8.120000000000000284e+01 1.034850113297707708e+00
8.130000000000001137e+01 1.781066827095240868e+01
8.140000000000000568e+01 2.334589730469363023e+00
8.150000000000000000e+01 2.187832078283491022e+00
8.160000000000000853e+01 8.891291578133478923e-01
8.170000000000000284e+01 3.620668351000537188e-01
8.180000000000001137e+01 3.087164885365016875e-01
8.190000000000000568e+01 1.718105253837750812e+00
8.200000000000000000e+01 3.413714102179389975e+00
8.210000000000000853e+01 6.456524717971252603e-01
8.220000000000000284e+01 8.375927025993233244e+00
8.230000000000001137e+01 9.267407983190521392e+00
8.240000000000000568e+01 9.239182677410759936e+00
8.250000000000000000e+01 2.849312379387543559e-01
8.260000000000000853e+01 7.311692118321473366e-01
8.270000000000000284e+01 9.283927612235123306e-01
8.280000000000001137e+01 4.103640475798211895e+00
8.290000000000000568e+01 4.899352711209766786e-01
8.300000000000000000e+01 2.980705755021361814e+00
8.310000000000000853e+01 4.383595177665158715e+00
8.320000000000000284e+01 1.231884776021352934e+01
8.330000000000001137e+01 3.518332773619152309e+00
8.340000000000000568e+01 1.761684937719102706e+01
8.350000000000000000e+01 3.389383370469054313e+01
8.360000000000000853e+01 2.448954683223918849e+01
8.370000000000000284e+01 2.143692547426650918e+01
8.380000000000001137e+01 5.453540935417959368e+00
8.390000000000000568e+01 4.296249956557854688e+00
8.400000000000000000e+01 4.322633825568571453e+00
8.410000000000000853e+01 6.015652235114646373e+01
8.420000000000000284e+01 1.661108897362164782e+01
8.430000000000001137e+01 1.799462378461008427e+01
8.440000000000000568e+01 9.646526342762826722e-01
8.450000000000000000e+01 6.076980452640227348e+00
8.460000000000000853e+01 1.281002318971821019e+01
8.470000000000000284e+01 6.842744247773924648e+00
8.480000000000001137e+01 1.044992523667634643e+01
8.490000000000000568e+01 3.078758730383063025e+01
8.500000000000000000e+01 8.361944905827296282e+01
8.510000000000000853e+01 7.409729345316831584e+00
8.520000000000000284e+01 6.854200851720484433e-01
8.530000000000001137e+01 2.642920630082304001e+01
8.540000000000000568e+01 1.579749434503374772e+01
8.550000000000000000e+01 5.255694584006968029e+01
8.560000000000000853e+01 1.182598901213052045e+01
8.570000000000000284e+01 8.542710837464138507e+00
8.580000000000001137e+01 2.315543582263669364e+01
8.590000000000000568e+01 1.483575050135344675e+01
8.600000000000000000e+01 1.544074781540987651e+01
8.610000000000000853e+01 2.635220989142606385e+01
8.620000000000000284e+01 8.861393250802851895e+00
8.630000000000001137e+01 1.270707877948243159e+01
8.640000000000000568e+01 3.144183393315705644e+01
8.650000000000000000e+01 1.308423949029708311e+01
8.660000000000000853e+01 1.421784855319608631e+00
8.670000000000000284e+01 8.740511529692254200e+00
8.680000000000001137e+01 3.400834925152829591e+00
8.690000000000000568e+01 2.877740298816245712e+00
8.700000000000000000e+01 8.372724991489835844e+00
8.710000000000000853e+01 2.315340698144963483e+01
8.720000000000000284e+01 7.284174366870956874e+00
8.730000000000001137e+01 2.964111670831254930e+00
8.740000000000000568e+01 5.438622061293210663e+01
8.750000000000000000e+01 7.031889171741364741e+00
8.760000000000000853e+01 5.450435781065642971e+01
8.770000000000000284e+01 5.080685078700079060e+01
8.780000000000001137e+01 7.145046905928646197e+01
8.790000000000000568e+01 1.537505201099299157e+01
8.800000000000000000e+01 8.887734912458229442e-01
8.810000000000000853e+01 1.839789326095921496e+00
8.820000000000000284e+01 3.013715404168733158e+01
8.830000000000001137e+01 4.907553559453592129e+01
8.840000000000000568e+01 8.800618643517296391e+01
8.850000000000000000e+01 3.732356806986074815e+01
8.860000000000000853e+01 1.054222944159915301e+02
8.870000000000000284e+01 9.800311680334516495e+01
8.880000000000001137e+01 8.398943114488214690e+01
8.890000000000000568e+01 9.391868827051909818e+01
8.900000000000000000e+01 1.899807305155897552e+02
8.910000000000000853e+01 1.226925776936153909e+02
8.920000000000000284e+01 1.152499341760362199e+02
8.930000000000001137e+01 1.717294797234023633e+02
8.940000000000000568e+01 1.266631867093518338e+02
8.950000000000000000e+01 1.738391209394856958e+02
8.960000000000000853e+01 1.866282445672729580e+02
8.970000000000000284e+01 3.268988878864440721e+02
8.980000000000001137e+01 2.109086525498842377e+02
8.990000000000000568e+01 3.082001043614953346e+02
9.000000000000000000e+01 5.144136437421160508e+02
9.010000000000000853e+01 5.138906423927007836e+02
9.020000000000000284e+01 6.250438960327259110e+02
9.030000000000001137e+01 7.822896897339975339e+02
9.040000000000000568e+01 6.868017623063117753e+03
9.050000000000000000e+01 9.964992095367644652e+03
9.060000000000000853e+01 7.355273830799036432e+02
9.070000000000000284e+01 2.870799919253900953e+03
9.080000000000001137e+01 2.253651459224709583e+02
9.090000000000000568e+01 1.284511807104572881e+03
9.100000000000000000e+01 3.945711914894297934e+02
9.110000000000000853e+01 2.714888404936359052e+02
9.120000000000000284e+01 2.429205441771655103e+02
9.130000000000001137e+01 2.007240116555162501e+02
9.140000000000000568e+01 1.577342970594718281e+02
9.150000000000000000e+01 1.962002822328543346e+02
9.160000000000000853e+01 1.372835975822830790e+02
9.170000000000000284e+01 1.548720389854228472e+02
9.180000000000001137e+01 1.187103683082722938e+02
9.190000000000000568e+01 1.981698032558649061e+02
9.200000000000000000e+01 1.035166805930253986e+02
9.210000000000000853e+01 8.700594907777747267e+01
9.220000000000000284e+01 9.840864904764865173e+01
9.230000000000001137e+01 1.050600323746891718e+02
9.240000000000000568e+01 8.445614718147882627e+01
9.250000000000000000e+01 7.886473375494334448e+01
9.260000000000000853e+01 9.117248910546685181e+01
9.270000000000000284e+01 2.587456644177602172e+01
9.280000000000001137e+01 7.925951461795861519e+00
9.290000000000000568e+01 3.416770972199664747e-01
9.300000000000000000e+01 8.196582309549796719e+00
9.310000000000000853e+01 2.617077936313557629e+01
9.320000000000000284e+01 6.430387109029376802e+01
9.330000000000001137e+01 4.767599838042081473e+01
9.340000000000000568e+01 2.139800753933607425e+01
9.350000000000000000e+01 3.560426569812345576e+01
9.360000000000000853e+01 1.174866425199788367e+01
9.370000000000000284e+01 3.249949618959207864e+00
9.380000000000001137e+01 5.500306819986619189e+01
9.390000000000000568e+01 5.644872394629595114e+00
9.400000000000000000e+01 5.164235939432659350e+00
9.410000000000000853e+01 2.922157284446773140e+00
9.420000000000000284e+01 8.114057019460089393e+00
9.430000000000001137e+01 1.486948227659530719e+00
9.440000000000000568e+01 4.984674617020290910e+00
9.450000000000000000e+01 3.653874187954527741e+01
9.460000000000000853e+01 5.775091549593989626e+00
9.470000000000000284e+01 1.604689452116208415e+01
9.480000000000001137e+01 1.718750434759524737e+01
9.490000000000000568e+01 2.044242637102343707e+01
9.500000000000000000e+01 1.051483704523233520e+01
9.510000000000000853e+01 2.814996143787795546e+01
9.520000000000000284e+01 8.411761375289119158e+00
9.530000000000001137e+01 1.069161067153505940e+01
9.540000000000000568e+01 4.121774786730950524e+01
9.550000000000000000e+01 4.078551772333597114e+01
9.560000000000000853e+01 2.308856546171771029e+01
9.570000000000000284e+01 1.865467968851653335e+00
9.580000000000001137e+01 2.077372926252905039e+00
9.590000000000000568e+01 8.702135289688199293e+01
9.600000000000000000e+01 2.180376553271309348e+01
9.610000000000000853e+01 2.399142910342026269e+01
9.620000000000000284e+01 6.129861034499650252e+00
9.630000000000001137e+01 1.781374829281847028e+01
9.640000000000000568e+01 7.838762822080216353e+00
9.650000000000000000e+01 1.350430561926595274e+00
9.660000000000000853e+01 5.069834388573642769e+00
9.670000000000000284e+01 2.951865011508744274e+01
9.680000000000001137e+01 2.490204485110792731e+01
9.690000000000000568e+01 2.122255290217821155e+01
9.700000000000000000e+01 1.732900311391305515e+00
9.710000000000000853e+01 1.085366050274422101e+01
9.720000000000000284e+01 5.569755966381687351e+00
9.730000000000001137e+01 4.337170297127849494e+01
9.740000000000000568e+01 2.434012562770500310e+01
9.750000000000000000e+01 3.312715882806967471e+01
9.760000000000000853e+01 4.626395584270743377e+00
9.770000000000000284e+01 1.139002935774745140e+01
9.780000000000001137e+01 1.093421809842441839e+01
9.790000000000000568e+01 2.898909256780209720e+00
9.800000000000000000e+01 1.448941976583927982e+00
9.810000000000000853e+01 2.117895682446275352e+00
9.820000000000000284e+01 3.286987032850606116e+00
9.830000000000001137e+01 2.703436586914076400e-01
9.840000000000000568e+01 5.252364535404507873e-01
9.850000000000000000e+01 1.258211615069257716e+00
9.860000000000000853e+01 3.515420189989003319e+01
9.870000000000000284e+01 3.792264634008914559e+00
9.880000000000001137e+01 3.011939636768533379e+00
9.890000000000000568e+01 1.715851846602073572e+00
9.900000000000000000e+01 5.999322897090915596e+00
9.910000000000000853e+01 2.288659698979655377e-01
9.920000000000000284e+01 6.358875983789302744e-01
9.930000000000001137e+01 4.296813812985135761e-01
9.940000000000000568e+01 1.339357429296637259e+00
9.950000000000000000e+01 1.880456661260203610e+00
9.960000000000000853e+01 8.627114383588411428e+00
9.970000000000000284e+01 2.716195226374023441e+00
9.980000000000001137e+01 4.964370572469413156e-01
9.990000000000000568e+01 2.342307437307666440e+00
