0.000000000000000000e+00 5.316820390020357223e+00
1.000000000000000056e-01 6.747263259903223398e-01
2.000000000000000111e-01 3.057586266732279068e+00
3.000000000000000444e-01 3.883566381888647001e+00
4.000000000000000222e-01 2.329338734164291491e+00
5.000000000000000000e-01 1.514042416863543350e+00
6.000000000000000888e-01 1.180754458508328719e+00
7.000000000000000666e-01 3.746618578378477338e+00
8.000000000000000444e-01 2.950018866112389837e+00
9.000000000000000222e-01 2.986313543404061299e+00
1.000000000000000000e+00 4.776360684056911943e+00
1.100000000000000089e+00 1.400037661597833605e+00
1.200000000000000178e+00 1.018640048683854893e+01
1.300000000000000044e+00 3.324788262806521288e+00
1.400000000000000133e+00 3.031151154697683037e+00
1.500000000000000000e+00 9.118462980568221354e+00
1.600000000000000089e+00 2.272659121323906817e+01
1.700000000000000178e+00 2.267052305276225610e+01
1.800000000000000044e+00 2.040525905548405561e+01
1.900000000000000133e+00 1.892076718270029545e+01
2.000000000000000000e+00 1.726555626824934464e+01
2.100000000000000089e+00 1.160088821074387155e+00
2.200000000000000178e+00 1.030725489960586039e+01
2.300000000000000266e+00 8.931789250891208454e+00
2.400000000000000355e+00 1.665064004818779964e+01
2.500000000000000000e+00 1.289425394546082870e+01
2.600000000000000089e+00 1.747274867148585287e+01
2.700000000000000178e+00 1.047535590320355858e+01
2.800000000000000266e+00 1.150455763528171138e+00
2.900000000000000355e+00 4.889674399013658856e+00
3.000000000000000000e+00 2.580433087591845531e+00
3.100000000000000089e+00 2.982184116659319706e+00
3.200000000000000178e+00 9.499980571994300904e-01
3.300000000000000266e+00 2.216632067966058106e-02
3.400000000000000355e+00 8.129656425522482355e-01
3.500000000000000000e+00 7.588827789301201276e-01
3.600000000000000089e+00 1.943716896336265432e+00
3.700000000000000178e+00 1.883581651206936769e+00
3.800000000000000266e+00 4.944915748977320114e+00
3.900000000000000355e+00 6.356518840559375327e+00
4.000000000000000000e+00 1.090988941741755980e+01
4.100000000000000533e+00 9.098060716032563278e+00
4.200000000000000178e+00 2.528244644827343013e+00
4.299999999999999822e+00 5.512118220036945182e+00
4.400000000000000355e+00 4.999375251578023871e+00
4.500000000000000000e+00 1.991009166982165235e+00
4.600000000000000533e+00 4.200889013913957193e+00
4.700000000000000178e+00 4.583191570131912584e+00
4.800000000000000711e+00 1.844431289357844062e+00
4.900000000000000355e+00 2.947101329634874700e-01
5.000000000000000000e+00 1.156295907175111548e+00
5.100000000000000533e+00 1.584081345034993316e+00
5.200000000000000178e+00 2.845651390622994104e+00
5.300000000000000711e+00 1.937074187873541131e+00
5.400000000000000355e+00 3.541066569340454162e+00
5.500000000000000000e+00 9.346208976004087843e-01
5.600000000000000533e+00 5.552113012469945819e-01
5.700000000000000178e+00 1.795528470508989116e+00
5.800000000000000711e+00 1.072192808775734418e+00
5.900000000000000355e+00 1.233282331398897869e+00
6.000000000000000000e+00 9.127690183620157383e-01
6.100000000000000533e+00 2.730765029497484786e+00
6.200000000000000178e+00 3.334394964850269538e+00
6.300000000000000711e+00 1.036764050781990187e+00
6.400000000000000355e+00 8.167462436326096420e-02
6.500000000000000000e+00 2.740075549914771647e-01
6.600000000000000533e+00 6.089906789841205148e-01
6.700000000000000178e+00 1.616004507618299613e+00
6.800000000000000711e+00 3.951538337936277290e-01
6.900000000000000355e+00 1.751214051219329437e-01
7.000000000000000000e+00 1.609603736690359832e-01
7.100000000000000533e+00 6.172901806032844441e-01
7.200000000000000178e+00 1.338866852404601293e-01
7.300000000000000711e+00 1.748599057593787642e-01
7.400000000000000355e+00 6.742611362435784184e-01
7.500000000000000000e+00 2.321648431729134709e-01
7.600000000000000533e+00 7.650351884201839203e-01
7.700000000000000178e+00 1.233104302506069949e+00
7.800000000000000711e+00 2.391965377345834920e+00
7.900000000000000355e+00 4.897444786106817105e-01
8.000000000000000000e+00 8.350059837631521042e-02
8.099999999999999645e+00 3.123873148110596909e-01
8.200000000000001066e+00 3.561133206120242201e-01
8.300000000000000711e+00 1.090582764385843229e+00
8.400000000000000355e+00 3.499190173726423603e-01
8.500000000000000000e+00 4.387215745859122329e+00
8.599999999999999645e+00 2.031635564375697367e+00
8.700000000000001066e+00 3.572970319578864906e+00
8.800000000000000711e+00 4.906906859044488201e+00
8.900000000000000355e+00 6.763603680939935359e+00
9.000000000000000000e+00 3.271889953794904660e+00
9.099999999999999645e+00 1.674953467110374294e+00
9.200000000000001066e+00 1.318059958373597018e+00
9.300000000000000711e+00 3.124933546390558647e-01
9.400000000000000355e+00 3.765151945092764407e+00
9.500000000000000000e+00 5.939840597708824221e-01
9.600000000000001421e+00 4.337222740915749886e-01
9.700000000000001066e+00 4.791178891526220451e-01
9.800000000000000711e+00 1.189204160576224023e+00
9.900000000000000355e+00 4.235050560828955923e+00
1.000000000000000000e+01 3.667769098960943719e+00
1.010000000000000142e+01 1.181866933114160245e+00
1.020000000000000107e+01 4.134507040366586672e+00
1.030000000000000071e+01 3.780082092740651323e+00
1.040000000000000036e+01 6.029608672076943066e+00
1.050000000000000000e+01 4.047399109885486901e+00
1.060000000000000142e+01 3.894166237939475361e-01
1.070000000000000107e+01 4.058599681117474600e-01
1.080000000000000071e+01 1.286872288332020720e+00
1.090000000000000036e+01 2.513425880016226799e+00
1.100000000000000000e+01 2.448918727237900939e-01
1.110000000000000142e+01 3.659192004457398895e-01
1.120000000000000107e+01 1.599842961583639728e-02
1.130000000000000071e+01 1.740445523855888021e-01
1.140000000000000036e+01 1.565075154225665233e-01
1.150000000000000000e+01 4.706553960946637805e-01
1.160000000000000142e+01 3.624730759915837375e+00
1.170000000000000107e+01 1.882285170558614773e+00
1.180000000000000071e+01 9.086127018386187526e-01
1.190000000000000036e+01 2.932843568557577107e+00
1.200000000000000000e+01 2.839816096670313428e+00
1.210000000000000142e+01 7.536574521951910910e-01
1.220000000000000107e+01 3.461150972324070763e-01
1.230000000000000071e+01 1.019146206688648304e+00
1.240000000000000036e+01 1.107686255480166526e+00
1.250000000000000000e+01 3.856071957513799164e-01
1.260000000000000142e+01 2.896162682315698289e-01
1.270000000000000107e+01 1.290308250911633703e+00
1.280000000000000071e+01 2.414580191156501798e-01
1.290000000000000036e+01 1.279171202209768710e-01
1.300000000000000000e+01 5.493010144016465812e-01
1.310000000000000142e+01 2.533463933152551029e-01
1.320000000000000107e+01 3.890644477741785345e-01
1.330000000000000071e+01 5.463386279416112545e-01
1.340000000000000036e+01 9.665411897368629546e-02
1.350000000000000000e+01 6.481830916938702281e-01
1.360000000000000142e+01 9.900663826187094951e-01
1.370000000000000107e+01 4.324755421939903144e+00
1.380000000000000071e+01 4.678597700225449962e+00
1.390000000000000036e+01 2.141816947043266861e+00
1.400000000000000000e+01 9.357774845881889902e-01
1.410000000000000142e+01 6.104214574703148433e-01
1.420000000000000107e+01 1.909364601666861949e+00
1.430000000000000071e+01 1.382109061010448725e+00
1.440000000000000036e+01 7.951039313101710526e+00
1.450000000000000000e+01 7.778858872250764556e+00
1.460000000000000142e+01 6.110364770817100499e+00
1.470000000000000107e+01 1.098686660420348815e+01
1.480000000000000071e+01 6.553015598657772500e+00
1.490000000000000036e+01 8.456758916778022162e-01
1.500000000000000000e+01 3.841774914306719801e-01
1.510000000000000142e+01 2.082919221162943035e+00
1.520000000000000107e+01 2.689632992049393767e+00
1.530000000000000071e+01 4.532367395315668901e+00
1.540000000000000036e+01 2.170693077799103587e+00
1.550000000000000000e+01 2.723161630565789970e+00
1.560000000000000142e+01 1.654061980272525600e+00
1.570000000000000107e+01 8.852463988036067377e+00
1.580000000000000071e+01 5.303049930625604702e+00
1.590000000000000036e+01 1.793534172784013725e+00
1.600000000000000000e+01 1.252182805661122611e+00
1.610000000000000142e+01 6.712592526405515292e-01
1.619999999999999929e+01 2.692143851107022257e-01
1.630000000000000071e+01 1.041537126882517983e-01
1.640000000000000213e+01 8.944290813675695451e-02
1.650000000000000000e+01 1.782519512749839163e-01
1.660000000000000142e+01 4.329079349926938103e-01
1.669999999999999929e+01 6.390218057502220494e-01
1.680000000000000071e+01 6.942541130794857018e-01
1.690000000000000213e+01 1.947639110375405658e-01
1.700000000000000000e+01 2.965475201994333121e-01
1.710000000000000142e+01 2.999734213463794430e-01
1.719999999999999929e+01 1.197121564359052037e+00
1.730000000000000071e+01 4.610461273880666067e-01
1.740000000000000213e+01 4.867848400875090520e-01
1.750000000000000000e+01 1.729836084965226339e+00
1.760000000000000142e+01 1.414046906837137074e+00
1.769999999999999929e+01 8.540792127061400674e-01
1.780000000000000071e+01 1.417888163888574582e-01
1.790000000000000213e+01 2.920396806084484265e-01
1.800000000000000000e+01 6.300898406865430845e-02
1.810000000000000142e+01 9.257166020091642245e-02
1.819999999999999929e+01 1.001029437756508073e-01
1.830000000000000071e+01 1.912654831869290903e-02
1.840000000000000213e+01 8.573362697130061660e-02
1.850000000000000000e+01 1.506326031480647032e-01
1.860000000000000142e+01 1.866576364697257462e-02
1.869999999999999929e+01 1.929925239220015853e-01
1.880000000000000071e+01 1.058499811295061793e-01
1.890000000000000213e+01 2.175493870972530774e-02
1.900000000000000000e+01 2.696379663023397433e-02
1.910000000000000142e+01 1.325434065097848002e-01
1.920000000000000284e+01 7.412046160470484035e-02
1.930000000000000071e+01 1.061186058797363579e-01
1.940000000000000213e+01 2.921026892479905435e-01
1.950000000000000000e+01 6.389189840341876758e-01
1.960000000000000142e+01 4.640117979718090258e-01
1.970000000000000284e+01 9.902715394762719170e-02
1.980000000000000071e+01 5.026257543791011750e-01
1.990000000000000213e+01 3.337641761712071276e-01
2.000000000000000000e+01 3.628591726419953534e-01
2.010000000000000142e+01 5.165046221367541879e-01
2.020000000000000284e+01 5.582527455039132391e-02
2.030000000000000071e+01 3.480902783209303686e-01
2.040000000000000213e+01 2.449482475053300912e-01
2.050000000000000000e+01 1.809285597497218012e-01
2.060000000000000142e+01 3.133016644405970941e-01
2.070000000000000284e+01 9.730753622787932100e-01
2.080000000000000071e+01 3.387094938668368527e-01
2.090000000000000213e+01 3.389156694084597965e-01
2.100000000000000000e+01 5.859574915330957312e-01
2.110000000000000142e+01 1.650812193486709545e-01
2.120000000000000284e+01 1.348068416734727604e-01
2.130000000000000071e+01 2.465241579529701965e-01
2.140000000000000213e+01 8.004878055701900030e-02
2.150000000000000000e+01 2.236347559418396802e-01
2.160000000000000142e+01 6.263733933485060579e-01
2.170000000000000284e+01 8.104022103445267522e-01
2.180000000000000071e+01 3.212229704711028422e+00
2.190000000000000213e+01 1.776979598572439034e+00
2.200000000000000000e+01 1.961108391715718213e-01
2.210000000000000142e+01 1.944195822585964017e-01
2.220000000000000284e+01 1.074967440750095871e-01
2.230000000000000071e+01 3.646975184379284696e-01
2.240000000000000213e+01 2.528587569098005861e-01
2.250000000000000000e+01 1.078390326410377242e-01
2.260000000000000142e+01 2.833647857115610680e-02
2.270000000000000284e+01 1.955386846496847963e-01
2.280000000000000071e+01 1.179875731163961688e-01
2.290000000000000213e+01 3.051891354449833282e-01
2.300000000000000000e+01 1.238765611438248815e+00
2.310000000000000142e+01 1.359206218703062241e+00
2.320000000000000284e+01 1.833068082040365254e-01
2.330000000000000071e+01 4.212020469259989408e-01
2.340000000000000213e+01 2.632048760278822286e+00
2.350000000000000000e+01 1.331239205061991893e+00
2.360000000000000142e+01 1.353296614011246790e+00
2.370000000000000284e+01 2.082876757289193470e-01
2.380000000000000071e+01 6.470992744235268823e-01
2.390000000000000213e+01 1.837769693827304707e-01
2.400000000000000000e+01 3.204515180670989283e-01
2.410000000000000142e+01 5.572495715302807628e-01
2.420000000000000284e+01 4.229261352799612017e-01
2.430000000000000071e+01 2.055045427418451809e-01
2.440000000000000213e+01 5.555152638554205873e-03
2.450000000000000000e+01 2.137574888067035883e-01
2.460000000000000142e+01 6.358886248414712394e-01
2.470000000000000284e+01 3.430313744689475364e+00
2.480000000000000071e+01 3.564569249541983953e-01
2.490000000000000213e+01 2.965402794009092124e-01
2.500000000000000000e+01 3.951199791076079881e-01
2.510000000000000142e+01 1.101944343231996415e+00
2.520000000000000284e+01 2.591744099102096799e-01
2.530000000000000071e+01 1.121414160413083838e+00
2.540000000000000213e+01 1.642472973698230199e+00
2.550000000000000000e+01 2.009503057563045925e+00
2.560000000000000142e+01 7.354983864830941798e-01
2.570000000000000284e+01 1.994547469649534888e+00
2.580000000000000071e+01 5.863850993929939470e+00
2.590000000000000213e+01 3.594963422089171967e+00
2.600000000000000000e+01 8.339190141393472144e-01
2.610000000000000142e+01 3.446244447778361142e+00
2.620000000000000284e+01 6.061820574501249226e+00
2.630000000000000071e+01 2.688475153664671602e+00
2.640000000000000213e+01 9.707672606243836100e+00
2.650000000000000000e+01 5.043270876095182764e+00
2.660000000000000142e+01 1.316466944560508390e+00
2.670000000000000284e+01 1.211239299524561996e+00
2.680000000000000071e+01 1.191541943305743256e+00
2.690000000000000213e+01 9.463496134867437348e-01
2.700000000000000000e+01 3.366389182322679363e-01
2.710000000000000142e+01 9.175642707152561472e-01
2.720000000000000284e+01 1.101518204906552612e+00
2.730000000000000071e+01 5.213168356036634865e-01
2.740000000000000213e+01 6.181862881330787429e-01
2.750000000000000000e+01 4.651300767766846644e-01
2.760000000000000142e+01 2.433728853364450995e+00
2.770000000000000284e+01 1.298091350278586686e+00
2.780000000000000071e+01 1.007634550168243992e+00
2.790000000000000213e+01 3.658849096141413293e-01
2.800000000000000000e+01 4.684069194404939296e+00
2.810000000000000142e+01 6.192132949851234525e-01
2.820000000000000284e+01 2.447178013755132442e-01
2.830000000000000071e+01 2.014751395871463291e-01
2.840000000000000213e+01 6.405649028250944843e-01
2.850000000000000000e+01 5.949089644708109859e-01
2.860000000000000142e+01 3.345976198600541629e+00
2.870000000000000284e+01 5.237666295274824968e+00
2.880000000000000071e+01 6.007927593602679917e-01
2.890000000000000213e+01 1.908803472819236680e+00
2.900000000000000000e+01 2.854459319525189720e+00
2.910000000000000142e+01 2.581439098797871701e+00
2.920000000000000284e+01 5.271690316227791939e+00
2.930000000000000071e+01 6.072310892078541800e-01
2.940000000000000213e+01 6.992673807233783512e-01
2.950000000000000000e+01 8.082556219879299064e+00
2.960000000000000142e+01 3.126496792826529258e+00
2.970000000000000284e+01 1.493832718704718676e+00
2.980000000000000071e+01 1.188592853199235577e+00
2.990000000000000213e+01 7.526180130998086915e-01
3.000000000000000000e+01 9.248558317035743270e-01
3.010000000000000142e+01 5.863136533846666776e-01
3.020000000000000284e+01 4.743672798396870727e-01
3.030000000000000071e+01 3.967770833264910313e-01
3.040000000000000213e+01 4.046566308433723891e-01
3.050000000000000000e+01 6.513125192138375930e+00
3.060000000000000142e+01 3.604088375705403191e+00
3.070000000000000284e+01 8.956912330620770968e-01
3.080000000000000071e+01 7.501179008793790182e+00
3.090000000000000213e+01 1.050437704101493708e+01
3.100000000000000000e+01 1.140519533818022735e+00
3.110000000000000142e+01 7.719145585274594268e+00
3.120000000000000284e+01 2.735803149577582971e+00
3.130000000000000071e+01 5.400524013941784274e-01
3.140000000000000213e+01 9.399481762880216307e-01
3.150000000000000000e+01 8.310314804735687844e-01
3.160000000000000142e+01 1.150599908224543277e+00
3.170000000000000284e+01 1.408644073738777314e+00
3.180000000000000071e+01 7.925761646260388871e-02
3.190000000000000213e+01 4.504913843030412535e-01
3.200000000000000000e+01 5.639479656907400162e-01
3.210000000000000142e+01 1.567922330818511678e-01
3.220000000000000284e+01 9.302815546109957090e-01
3.230000000000000426e+01 6.596130251154407320e-01
3.239999999999999858e+01 4.336782424412467307e+00
3.250000000000000000e+01 4.076865572654556069e-01
3.260000000000000142e+01 2.004536819392516822e+00
3.270000000000000284e+01 1.722593707646826644e+01
3.280000000000000426e+01 1.801055451671350838e+01
3.289999999999999858e+01 1.259863242607582379e+01
3.300000000000000000e+01 6.586840358531468098e+01
3.310000000000000142e+01 2.253124339575468316e+00
3.320000000000000284e+01 9.552126670167797595e-01
3.330000000000000426e+01 5.748823638730305996e-01
3.339999999999999858e+01 8.134722642535741066e-01
3.350000000000000000e+01 8.149228160936194953e-01
3.360000000000000142e+01 3.889823082121161679e+00
3.370000000000000284e+01 5.324771267253749496e-01
3.380000000000000426e+01 4.668440079162487599e+00
3.389999999999999858e+01 1.669267003583671860e+00
3.400000000000000000e+01 3.906204129867365094e+00
3.410000000000000142e+01 9.479560935962108026e-01
3.420000000000000284e+01 2.540383925310809587e-01
3.430000000000000426e+01 1.946111930670155310e+00
3.439999999999999858e+01 1.204489586423024727e+00
3.450000000000000000e+01 5.111994074146261724e+00
3.460000000000000142e+01 6.278754855467989060e+00
3.470000000000000284e+01 7.698030032713531590e+00
3.480000000000000426e+01 1.036620601880889581e+01
3.489999999999999858e+01 6.440078304324140746e+00
3.500000000000000000e+01 6.847157318269931459e+00
3.510000000000000142e+01 6.109977282060683024e+00
3.520000000000000284e+01 1.315760472640269407e+00
3.530000000000000426e+01 5.471620469820311916e-01
3.539999999999999858e+01 2.341716062876554094e+00
3.550000000000000000e+01 2.529688109839874244e+00
3.560000000000000142e+01 7.559175183379521767e-01
3.570000000000000284e+01 1.227827981238574173e+00
3.580000000000000426e+01 2.699156786032014810e-01
3.589999999999999858e+01 3.960507644326091814e+00
3.600000000000000000e+01 5.261547186237675033e-01
3.610000000000000142e+01 1.860150317430399491e+00
3.620000000000000284e+01 7.712510571401585135e-01
3.630000000000000426e+01 3.129216273735964116e+00
3.639999999999999858e+01 6.120243702228174154e-01
3.650000000000000000e+01 2.355278720854116492e-01
3.660000000000000142e+01 8.099692145074103289e-01
3.670000000000000284e+01 6.325027629917772565e+00
3.680000000000000426e+01 1.428182323673939713e+01
3.689999999999999858e+01 4.459404386654210839e+01
3.700000000000000000e+01 1.155693487958550492e+01
3.710000000000000142e+01 6.741976223010317959e+00
3.720000000000000284e+01 2.810473056341517673e+00
3.730000000000000426e+01 6.495129144019021750e-01
3.739999999999999858e+01 2.925395457000572463e-01
3.750000000000000000e+01 2.664081306425712947e-01
3.760000000000000142e+01 1.513487115114510451e-01
3.770000000000000284e+01 1.076302613110780015e+00
3.780000000000000426e+01 1.356086681231768454e+00
3.789999999999999858e+01 1.489258437068229801e+00
3.800000000000000000e+01 1.781032106697255368e-01
3.810000000000000142e+01 1.138983138700346981e-01
3.820000000000000284e+01 1.081988376427504894e+00
3.830000000000000426e+01 1.064849635348699586e+00
3.840000000000000568e+01 1.376754218074709213e+00
3.850000000000000000e+01 2.000357792940838930e+00
3.860000000000000142e+01 2.168566481412984803e+00
3.870000000000000284e+01 4.728185231316045511e-01
3.880000000000000426e+01 2.649791960154381343e+00
3.890000000000000568e+01 1.672907627998212687e+00
3.900000000000000000e+01 6.674099993762126815e+00
3.910000000000000142e+01 3.542961292452925903e+00
3.920000000000000284e+01 9.897333046886790386e-01
3.930000000000000426e+01 7.494467692301123307e-01
3.940000000000000568e+01 2.065400607599905403e-01
3.950000000000000000e+01 3.148415088337037648e-01
3.960000000000000142e+01 2.038115879585946921e-01
3.970000000000000284e+01 1.239378976290843815e+00
3.980000000000000426e+01 5.831855627078831317e-01
3.990000000000000568e+01 8.085652827185653424e-02
4.000000000000000000e+01 2.043360383718473727e+00
4.010000000000000142e+01 1.577096239894560092e+01
4.020000000000000284e+01 1.171005552515044457e+00
4.030000000000000426e+01 2.570528459594772497e-01
4.040000000000000568e+01 2.544107664222586274e-01
4.050000000000000000e+01 1.200163139412041002e-01
4.060000000000000142e+01 1.753564846199909821e-01
4.070000000000000284e+01 1.105163690118140307e+00
4.080000000000000426e+01 1.427350485108118683e+00
4.090000000000000568e+01 1.959620707662570238e+00
4.100000000000000000e+01 1.673215088041291931e+00
4.110000000000000142e+01 1.426997026641329436e+00
4.120000000000000284e+01 4.284424726400030359e+00
4.130000000000000426e+01 7.530370825608851959e-01
4.140000000000000568e+01 6.335806593959105726e-01
4.150000000000000000e+01 5.666611542246205779e+00
4.160000000000000142e+01 1.990020387102786892e-01
4.170000000000000284e+01 3.717483302869292738e-01
4.180000000000000426e+01 2.415425395611236203e-01
4.190000000000000568e+01 1.295094436353642964e+00
4.200000000000000000e+01 9.196063424566166544e-01
4.210000000000000142e+01 3.596320297807427679e-01
4.220000000000000284e+01 1.872705196202230304e+00
4.230000000000000426e+01 6.632229908135667262e-01
4.240000000000000568e+01 2.325649367172354098e-01
4.250000000000000000e+01 1.025928845223298136e-01
4.260000000000000142e+01 2.626108420564565171e-01
4.270000000000000284e+01 1.469494982515519299e-01
4.280000000000000426e+01 4.179989770051046466e-02
4.290000000000000568e+01 1.213323206555673855e-01
4.300000000000000000e+01 6.325469855138416975e-01
4.310000000000000142e+01 3.087494390767410168e-01
4.320000000000000284e+01 4.171209241312838767e-01
4.330000000000000426e+01 2.973720411324476953e-01
4.340000000000000568e+01 1.547858330936921822e+00
4.350000000000000000e+01 1.923213090557507554e+00
4.360000000000000142e+01 3.758625313982633109e-01
4.370000000000000284e+01 1.601387766214752983e-01
4.380000000000000426e+01 4.527348955884161752e-01
4.390000000000000568e+01 7.376718816730104544e-01
4.400000000000000000e+01 5.333970772869100152e+00
4.410000000000000142e+01 2.562311940159656132e+00
4.420000000000000284e+01 1.446467461399314924e+00
4.430000000000000426e+01 3.816006735834994945e+00
4.440000000000000568e+01 2.067640510663451447e+00
4.450000000000000000e+01 4.649449525128765082e+00
4.460000000000000142e+01 2.078386558979519183e+00
4.470000000000000284e+01 1.352097620310391157e+00
4.480000000000000426e+01 1.773201925120809319e+00
4.490000000000000568e+01 4.037819538162072952e-01
4.500000000000000000e+01 1.998566105099054413e-01
4.510000000000000142e+01 2.708839175031418356e-01
4.520000000000000284e+01 1.183212205907347991e+00
4.530000000000000426e+01 8.664804902725444791e-01
4.540000000000000568e+01 2.960369877864853505e-01
4.550000000000000000e+01 7.370766961466239664e-01
4.560000000000000142e+01 7.501176892958536513e-01
4.570000000000000284e+01 2.800544114428396014e-01
4.580000000000000426e+01 1.966368703100908610e-01
4.590000000000000568e+01 2.166421544221457385e+00
4.600000000000000000e+01 1.525165839737421480e+00
4.610000000000000142e+01 1.310874866011009443e+00
4.620000000000000284e+01 1.277413470592254852e+00
4.630000000000000426e+01 4.822755957107414115e-01
4.640000000000000568e+01 5.642058349095248060e-01
4.650000000000000000e+01 1.556053963292802766e+00
4.660000000000000142e+01 4.736347223070698220e-01
4.670000000000000284e+01 5.710803480864070636e-01
4.680000000000000426e+01 1.187457686962258840e+00
4.690000000000000568e+01 2.985266857165871368e-01
4.700000000000000000e+01 1.773640283578246379e-01
4.710000000000000142e+01 5.842232265056508389e-01
4.720000000000000284e+01 5.903136737628587039e-01
4.730000000000000426e+01 6.914440926651638231e-01
4.740000000000000568e+01 5.104158535838156929e-01
4.750000000000000000e+01 4.967479480047124696e+00
4.760000000000000142e+01 9.175208875950321641e+00
4.770000000000000284e+01 7.227810249093428396e+00
4.780000000000000426e+01 4.698498057465966937e+00
4.790000000000000568e+01 2.366773655452936165e+00
4.800000000000000000e+01 6.952205036503731339e-01
4.810000000000000142e+01 2.023664851815819343e+00
4.820000000000000284e+01 1.215581880075860610e+01
4.830000000000000426e+01 1.005359442605308828e+01
4.840000000000000568e+01 2.698916253887870820e+00
4.850000000000000000e+01 4.070676574792240765e-01
4.860000000000000142e+01 1.772527294281821542e+00
4.870000000000000284e+01 3.269791534253115639e+00
4.880000000000000426e+01 8.700796586769981023e-01
4.890000000000000568e+01 2.681891620449920133e+00
4.900000000000000000e+01 2.029264251706375255e+00
4.910000000000000142e+01 3.091191583335578530e-01
4.920000000000000284e+01 1.814775657373597084e-01
4.930000000000000426e+01 2.376972748327723650e-01
4.940000000000000568e+01 7.880360610998833615e-02
4.950000000000000000e+01 8.747001606705768761e-01
4.960000000000000142e+01 1.144664004218595821e+00
4.970000000000000284e+01 9.355186181836121495e-01
4.980000000000000426e+01 8.556241805027813285e+00
4.990000000000000568e+01 9.895020169424858736e+00
5.000000000000000000e+01 9.782425560764892225e+00
5.010000000000000142e+01 7.872423098748993375e+00
5.020000000000000284e+01 5.832759616292410243e+00
5.030000000000000426e+01 7.742553318130888762e+00
5.040000000000000568e+01 5.222232479698288188e+00
5.050000000000000000e+01 1.370467759285006082e+00
5.060000000000000142e+01 1.421009266889830425e+00
5.070000000000000284e+01 4.875163521245294285e-01
5.080000000000000426e+01 2.390458224729762604e-01
5.090000000000000568e+01 8.963298787899758313e-01
5.100000000000000000e+01 3.841962266006554438e-01
5.110000000000000142e+01 1.406247421741630532e+00
5.120000000000000284e+01 1.421514523974073629e+00
5.130000000000000426e+01 8.796738117638772114e-02
5.140000000000000568e+01 2.165404905625837040e-01
5.150000000000000000e+01 1.087101107816563994e+00
5.160000000000000142e+01 4.287712086199790384e+00
5.170000000000000284e+01 3.474708770946039471e-01
5.180000000000000426e+01 7.669274510178312187e-01
5.190000000000000568e+01 1.048291496224470043e+00
5.200000000000000000e+01 6.379673147405671152e-01
5.210000000000000142e+01 5.764474559299929135e-01
5.220000000000000284e+01 1.951387690370534056e+00
5.230000000000000426e+01 9.957460311540788922e-01
5.240000000000000568e+01 4.648541174609090998e-01
5.250000000000000000e+01 8.228244580565186039e-01
5.260000000000000142e+01 1.089997452893422258e-01
5.270000000000000284e+01 2.972477249036925007e-01
5.280000000000000426e+01 2.262896807386145515e-01
5.290000000000000568e+01 2.691943711728836952e-01
5.300000000000000000e+01 2.118219947693935179e+00
5.310000000000000142e+01 5.114266884099465393e-01
5.320000000000000284e+01 1.866117587058702565e+00
5.330000000000000426e+01 2.571431382558189593e+00
5.340000000000000568e+01 3.726686841910149539e-01
5.350000000000000000e+01 1.794026394508721367e+00
5.360000000000000142e+01 8.975348363065861479e-01
5.370000000000000284e+01 1.802386034163556694e-01
5.380000000000000426e+01 2.380720694420425665e-01
5.390000000000000568e+01 1.847523917411549865e-01
5.400000000000000000e+01 3.436023795889893706e-01
5.410000000000000142e+01 3.250111348427044078e+00
5.420000000000000284e+01 9.965360845387161159e-01
5.430000000000000426e+01 2.239597121401890323e-01
5.440000000000000568e+01 3.847249849416318757e-01
5.450000000000000000e+01 3.231416538235446501e-01
5.460000000000000142e+01 1.835261694461616799e-01
5.470000000000000284e+01 2.275244101822607723e-01
5.480000000000000426e+01 3.279469471203075859e-01
5.490000000000000568e+01 4.496508559179855369e-01
5.500000000000000000e+01 3.719967138377702764e-02
5.510000000000000142e+01 1.673722801228028079e-01
5.520000000000000284e+01 4.278314219492366233e-01
5.530000000000000426e+01 4.003137244768619762e-01
5.540000000000000568e+01 1.011374887941850265e+00
5.550000000000000000e+01 7.620241024375904448e-01
5.560000000000000142e+01 1.012060037394766132e+00
5.570000000000000284e+01 3.518931820614510930e-01
5.580000000000000426e+01 3.938872626157957635e-01
5.590000000000000568e+01 3.383681956776450894e-01
5.600000000000000000e+01 2.013708128290249810e+00
5.610000000000000142e+01 6.222872711844917859e-01
5.620000000000000284e+01 1.420194106633406173e-01
5.630000000000000426e+01 7.763056224052299337e-01
5.640000000000000568e+01 5.672094923616097795e-01
5.650000000000000000e+01 3.186805936700700115e-01
5.660000000000000142e+01 1.997546192839485313e+00
5.670000000000000284e+01 7.814945485603990161e-01
5.680000000000000426e+01 4.391656133278735163e-01
5.690000000000000568e+01 1.871168392963156735e-01
5.700000000000000000e+01 7.252386089406754888e-01
5.710000000000000142e+01 4.026621210181566823e+00
5.720000000000000284e+01 1.292943389622602135e+00
5.730000000000000426e+01 2.870422254439893850e-01
5.740000000000000568e+01 9.922764631868323804e-01
5.750000000000000000e+01 8.350484084959293174e-01
5.760000000000000142e+01 1.018758520622945918e+00
5.770000000000000284e+01 2.182128021594767209e-01
5.780000000000000426e+01 6.587788939583599790e-01
5.790000000000000568e+01 1.458399645914281839e+00
5.800000000000000000e+01 4.668343115767943918e-01
5.810000000000000142e+01 3.333353355616147651e-01
5.820000000000000284e+01 1.118594063574085834e-01
5.830000000000000426e+01 1.335468614742858495e-01
5.840000000000000568e+01 1.407735653149261475e-02
5.850000000000000000e+01 1.395876606086095782e-02
5.860000000000000142e+01 2.090312131640450766e-01
5.870000000000000284e+01 3.380763208216454596e-01
5.880000000000000426e+01 3.491216354595772509e-01
5.890000000000000568e+01 6.945924303845558700e-01
5.900000000000000000e+01 2.033715634976234643e+00
5.910000000000000142e+01 8.672221591014513953e-01
5.920000000000000284e+01 4.941510551524636585e-01
5.930000000000000426e+01 1.985608440757887339e+00
5.940000000000000568e+01 1.433114787622441488e+00
5.950000000000000000e+01 8.300862161582269749e-01
5.960000000000000142e+01 2.405112415271635662e+00
5.970000000000000284e+01 3.458785279938775936e+00
5.980000000000000426e+01 2.185702198968559884e+00
5.990000000000000568e+01 3.322142773452418929e+00
6.000000000000000000e+01 4.982034484387308226e-01
6.010000000000000142e+01 9.251711788133619718e-01
6.020000000000000284e+01 6.950343746771518727e-02
6.030000000000000426e+01 9.279638914976779951e-01
6.040000000000000568e+01 1.792874690274474991e+00
6.050000000000000000e+01 7.349713961811622509e-01
6.060000000000000142e+01 3.144147963784376526e-02
6.070000000000000284e+01 1.278348261441646372e-01
6.080000000000000426e+01 2.395098809344355650e-01
6.090000000000000568e+01 1.717376697495085258e+00
6.100000000000000000e+01 1.317869824594385619e+00
6.110000000000000142e+01 2.405187127575206585e+00
6.120000000000000284e+01 4.771645335009251920e-01
6.130000000000000426e+01 4.043491948231027477e-02
6.140000000000000568e+01 5.498991734872775705e-01
6.150000000000000000e+01 2.321374250955011043e+00
6.160000000000000142e+01 1.737067730201309779e+00
6.170000000000000284e+01 9.094224726613426846e-01
6.180000000000000426e+01 1.248592500513704406e+00
6.190000000000000568e+01 1.791943332897728336e+00
6.200000000000000000e+01 2.971702258311536227e+00
6.210000000000000142e+01 5.555406583476273141e+00
6.220000000000000284e+01 6.120327475902223036e+00
6.230000000000000426e+01 1.160954912642065073e+00
6.240000000000000568e+01 1.551947523675165286e+01
6.250000000000000000e+01 1.685513844618929014e+01
6.260000000000000142e+01 5.053568082283466545e+00
6.270000000000000284e+01 4.352819029243386595e+00
6.280000000000000426e+01 3.165010493511124068e+00
6.290000000000000568e+01 1.561808329040194510e+00
6.300000000000000000e+01 1.242899101656805838e+00
6.310000000000000142e+01 6.754919707066576962e+00
6.320000000000000284e+01 8.463681142827227388e-01
6.330000000000000426e+01 1.794130916733106096e+00
6.340000000000000568e+01 7.371298100616202609e-02
6.350000000000000000e+01 6.007574868984907335e-01
6.360000000000000142e+01 1.427476947904076310e+00
6.370000000000000284e+01 1.074919425517658844e+00
6.380000000000000426e+01 3.742128887945420646e-01
6.390000000000000568e+01 2.626229405685454488e+00
6.400000000000000000e+01 7.657549931189978620e-01
6.410000000000000853e+01 2.080721111472761675e-01
6.420000000000000284e+01 6.330132661080404288e-01
6.429999999999999716e+01 4.219612393546723905e-01
6.440000000000000568e+01 5.688689365955917898e-01
6.450000000000000000e+01 7.225032457692269483e-02
6.460000000000000853e+01 1.273159282280589832e-01
6.470000000000000284e+01 4.320694321841657137e-01
6.479999999999999716e+01 2.677175102848399768e-01
6.490000000000000568e+01 4.530032350867768121e-01
6.500000000000000000e+01 1.505772264431452401e+00
6.510000000000000853e+01 1.048268113130480073e+00
6.520000000000000284e+01 1.818827155726306710e+00
6.529999999999999716e+01 2.003294520450113136e+00
6.540000000000000568e+01 2.561660410391863874e+00
6.550000000000000000e+01 5.071983925429298878e+00
6.560000000000000853e+01 1.893323436738832410e-01
6.570000000000000284e+01 3.114849767950892204e-02
6.579999999999999716e+01 1.468691430959756239e-01
6.590000000000000568e+01 3.080629387149814047e+00
6.600000000000000000e+01 1.226597064115012348e+00
6.610000000000000853e+01 6.945650688547578833e-01
6.620000000000000284e+01 6.995475613160899719e-01
6.629999999999999716e+01 5.088078202925501170e-01
6.640000000000000568e+01 1.074382244381801632e+00
6.650000000000000000e+01 2.034091465162719103e+00
6.660000000000000853e+01 2.850423632921506578e-01
6.670000000000000284e+01 3.202373084988863194e-01
6.679999999999999716e+01 7.253046254271333204e+00
6.690000000000000568e+01 7.619324051871248393e+00
6.700000000000000000e+01 4.108358084834674351e+00
6.710000000000000853e+01 1.175779935243306262e+00
6.720000000000000284e+01 1.087197329669503443e+00
6.729999999999999716e+01 3.840440443968471396e+00
6.740000000000000568e+01 2.591271395157655366e+00
6.750000000000000000e+01 1.225580424111556876e+00
6.760000000000000853e+01 7.051443580274060485e-01
6.770000000000000284e+01 4.418479334620287524e+00
6.779999999999999716e+01 2.386050708046380253e-01
6.790000000000000568e+01 2.924434708387747772e+00
6.800000000000000000e+01 9.605151103758559072e-01
6.810000000000000853e+01 1.742324824518446669e-01
6.820000000000000284e+01 1.882380993810080505e-01
6.829999999999999716e+01 5.308803950356024703e-01
6.840000000000000568e+01 8.518289054116154890e-01
6.850000000000000000e+01 1.154941670070644966e+00
6.860000000000000853e+01 1.242912701853057023e+00
6.870000000000000284e+01 5.836285200659856898e+00
6.879999999999999716e+01 1.614712566762206869e+00
6.890000000000000568e+01 4.703342827271499993e-01
6.900000000000000000e+01 5.141287378542666042e-01
6.910000000000000853e+01 1.832331447242924627e+00
6.920000000000000284e+01 2.577367395955384666e+00
6.929999999999999716e+01 4.063232437344196590e+00
6.940000000000000568e+01 6.580129273192959261e+00
6.950000000000000000e+01 3.864366810691281184e+00
6.960000000000000853e+01 2.822928658396585355e+00
6.970000000000000284e+01 7.844555501597485048e+00
6.979999999999999716e+01 8.730268016135358522e-01
6.990000000000000568e+01 1.284261370171621897e+00
7.000000000000000000e+01 1.126462576176968655e+00
7.010000000000000853e+01 5.019931062026433466e+00
7.020000000000000284e+01 1.507823436776968284e+00
7.029999999999999716e+01 1.183373203486399738e+00
7.040000000000000568e+01 2.275301086086315983e-01
7.050000000000000000e+01 7.436966619176585414e-02
7.060000000000000853e+01 6.773143054090945137e-02
7.070000000000000284e+01 1.475695348929536799e+00
7.079999999999999716e+01 1.227009357008874257e+00
7.090000000000000568e+01 3.375698317831232309e+00
7.100000000000000000e+01 6.830419043347999430e-01
7.110000000000000853e+01 6.497944947228013746e-01
7.120000000000000284e+01 7.462801054056088512e-01
7.129999999999999716e+01 6.724724712212684086e-01
7.140000000000000568e+01 5.211334379954056795e-01
7.150000000000000000e+01 1.027169530883772275e+00
7.160000000000000853e+01 6.124717830940289431e-01
7.170000000000000284e+01 3.333966967473903087e-01
7.179999999999999716e+01 4.231758990565414713e+00
7.190000000000000568e+01 5.423495181071997795e-01
7.200000000000000000e+01 1.608162702240922393e+00
7.210000000000000853e+01 1.815823319930001123e+00
7.220000000000000284e+01 3.475696993648567545e+00
7.229999999999999716e+01 5.689402721990822087e+00
7.240000000000000568e+01 1.341366000305424144e+01
7.250000000000000000e+01 7.771918344297312764e+00
7.260000000000000853e+01 4.078595462649520442e+00
7.270000000000000284e+01 1.946728160232822358e-01
7.279999999999999716e+01 1.501072759382202637e+00
7.290000000000000568e+01 1.987654211796156201e+00
7.300000000000000000e+01 3.566478648864488399e-01
7.310000000000000853e+01 4.743161134703052784e-01
7.320000000000000284e+01 2.976144331407710175e-01
7.329999999999999716e+01 3.757573990670657893e-01
7.340000000000000568e+01 4.749905391347299388e-01
7.350000000000000000e+01 2.327494433182033251e-01
7.360000000000000853e+01 3.004589989544673712e-01
7.370000000000000284e+01 4.232874634710261375e-01
7.379999999999999716e+01 1.083306036835461617e-01
7.390000000000000568e+01 2.644049868626298649e-01
7.400000000000000000e+01 3.539458026790593403e-01
7.410000000000000853e+01 8.735722270839024750e-01
7.420000000000000284e+01 4.750617714166903149e-01
7.429999999999999716e+01 4.734883379961276617e-01
7.440000000000000568e+01 2.281377822573706360e-01
7.450000000000000000e+01 1.014275986842218868e+00
7.460000000000000853e+01 6.592209573706750980e-01
7.470000000000000284e+01 1.078406880875222296e+00
7.479999999999999716e+01 1.176407556309119640e+00
7.490000000000000568e+01 2.811631234081111638e-02
7.500000000000000000e+01 1.528378778513861669e-01
7.510000000000000853e+01 7.907179033818543257e-01
7.520000000000000284e+01 8.167407363130902986e-01
7.529999999999999716e+01 1.048884238608743580e+00
7.540000000000000568e+01 4.957447983057282070e-01
7.550000000000000000e+01 5.895887315037294518e-02
7.560000000000000853e+01 3.528408351045410618e-01
7.570000000000000284e+01 1.220705275903495757e+00
7.579999999999999716e+01 1.758098626980490797e+00
7.590000000000000568e+01 5.688478675772874471e-01
7.600000000000000000e+01 3.097394526105216039e-01
7.610000000000000853e+01 5.542372443663947518e-02
7.620000000000000284e+01 5.389416861859804009e-02
7.629999999999999716e+01 1.760406635018173516e-01
7.640000000000000568e+01 2.726891102228657382e-01
7.650000000000000000e+01 2.680426083247479732e-02
7.660000000000000853e+01 5.712724718809340796e-02
7.670000000000000284e+01 5.239160029212878156e-01
7.680000000000001137e+01 2.846888147228183730e-01
7.690000000000000568e+01 8.555631580575699946e-01
7.700000000000000000e+01 5.529225962470674105e-01
7.710000000000000853e+01 7.808676493757778225e-02
7.720000000000000284e+01 9.930375550230866044e-02
7.730000000000001137e+01 2.063092139646401646e-01
7.740000000000000568e+01 6.791309490657236603e-02
7.750000000000000000e+01 7.157374413839444616e-01
7.760000000000000853e+01 4.093784857547395073e-01
7.770000000000000284e+01 2.083617773155757025e-01
7.780000000000001137e+01 2.397910705384655172e-01
7.790000000000000568e+01 1.959463131228050270e-01
7.800000000000000000e+01 9.475102162380652504e-02
7.810000000000000853e+01 7.707289642056015973e-03
7.820000000000000284e+01 1.709760355932904985e-01
7.830000000000001137e+01 3.154075578473219399e-01
7.840000000000000568e+01 7.547661935813278211e-02
7.850000000000000000e+01 2.392817755197493290e-02
7.860000000000000853e+01 4.917309628994162574e-02
7.870000000000000284e+01 1.040494807603519478e-01
7.880000000000001137e+01 3.172138469876873978e-01
7.890000000000000568e+01 4.096043513982204898e-01
7.900000000000000000e+01 4.632647600685941419e-02
7.910000000000000853e+01 2.839275174069584851e-01
7.920000000000000284e+01 4.779997150159813746e-01
7.930000000000001137e+01 9.720852207654206989e-02
7.940000000000000568e+01 1.957041355215574652e-01
7.950000000000000000e+01 7.581330807247717296e-02
7.960000000000000853e+01 1.452744859121118948e-01
7.970000000000000284e+01 3.766096779884237633e-01
7.980000000000001137e+01 2.070645917087483578e-01
7.990000000000000568e+01 2.101341891631635095e-01
8.000000000000000000e+01 4.312086234388277095e-01
8.010000000000000853e+01 4.974192618273364647e-02
8.020000000000000284e+01 1.291072340104101601e-01
8.030000000000001137e+01 3.924023490510715750e-01
8.040000000000000568e+01 1.133203688281790994e-01
8.050000000000000000e+01 3.746814219547950908e-01
8.060000000000000853e+01 1.031056664372124620e+00
8.070000000000000284e+01 1.381117950711530540e+00
8.080000000000001137e+01 1.488961021542213325e+00
8.090000000000000568e+01 4.368785918525315837e-01
8.100000000000000000e+01 3.626995158612670855e-01
8.110000000000000853e+01 1.701936091399493811e-01
8.120000000000000284e+01 2.212166594848157808e-01
8.130000000000001137e+01 9.598153514783424045e-01
8.140000000000000568e+01 2.226135724004229655e+00
8.150000000000000000e+01 5.310138322624499807e+00
8.160000000000000853e+01 4.808036495952978662e+00
8.170000000000000284e+01 3.015154972997832417e+00
8.180000000000001137e+01 8.661639915427969960e-01
8.190000000000000568e+01 8.149069269000770444e-01
8.200000000000000000e+01 3.620377209965289222e-01
8.210000000000000853e+01 8.168451999430597077e-01
8.220000000000000284e+01 2.666100573807624663e+00
8.230000000000001137e+01 9.746956843442385887e-01
8.240000000000000568e+01 2.507110440303073062e-01
8.250000000000000000e+01 1.984849934793706083e+00
8.260000000000000853e+01 2.133780969571848485e-01
8.270000000000000284e+01 1.025024630153163585e+00
8.280000000000001137e+01 4.718106228526750989e+00
8.290000000000000568e+01 2.233438598460109503e+00
8.300000000000000000e+01 2.042660316409201204e+00
8.310000000000000853e+01 3.416607565570484173e+00
8.320000000000000284e+01 1.531089547319076427e+00
8.330000000000001137e+01 3.108541007501156361e+00
8.340000000000000568e+01 2.239431260114980393e+00
8.350000000000000000e+01 6.008232322033769002e+00
8.360000000000000853e+01 4.484433557173194806e+00
8.370000000000000284e+01 1.890016597049794633e+00
8.380000000000001137e+01 2.099636924082223910e+00
8.390000000000000568e+01 1.030501872012830722e+00
8.400000000000000000e+01 1.029363372784000363e+00
8.410000000000000853e+01 2.164223740639383387e+00
8.420000000000000284e+01 2.431971171475311722e-01
8.430000000000001137e+01 3.100666861115710105e-01
8.440000000000000568e+01 8.161233595833098375e-01
8.450000000000000000e+01 4.862205697465045162e-01
8.460000000000000853e+01 4.732276548466219923e-01
8.470000000000000284e+01 1.396461372990864813e+00
8.480000000000001137e+01 3.449806452073770346e-01
8.490000000000000568e+01 3.173253397772651252e-01
8.500000000000000000e+01 3.034247395056162699e-01
8.510000000000000853e+01 8.469192556065204824e-01
8.520000000000000284e+01 8.553232823966659959e-01
8.530000000000001137e+01 7.307287975562968274e-01
8.540000000000000568e+01 1.227082785368614898e-01
8.550000000000000000e+01 5.797321378837095862e-01
8.560000000000000853e+01 1.078139001598918290e+00
8.570000000000000284e+01 3.774569944415913092e-01
8.580000000000001137e+01 2.489302282351974205e-01
8.590000000000000568e+01 7.110668504843541404e-01
8.600000000000000000e+01 4.978987333059377463e+00
8.610000000000000853e+01 2.254511745449662818e+00
8.620000000000000284e+01 3.009205096790425138e+00
8.630000000000001137e+01 3.822335885820401291e+00
8.640000000000000568e+01 2.719195296311869736e+00
8.650000000000000000e+01 3.838289881883450771e+00
8.660000000000000853e+01 4.463277740717627395e+00
8.670000000000000284e+01 7.330508947921423157e+00
8.680000000000001137e+01 9.801314089348663217e+00
8.690000000000000568e+01 4.191265953391570598e+00
8.700000000000000000e+01 2.620628058032706820e-01
8.710000000000000853e+01 1.708141725120290388e+00
8.720000000000000284e+01 4.779553425721726256e+00
8.730000000000001137e+01 2.737834711192161374e-01
8.740000000000000568e+01 1.125689494999202678e+00
8.750000000000000000e+01 3.351079056314665294e-01
8.760000000000000853e+01 2.590338823797351697e+00
8.770000000000000284e+01 2.781360785668614000e+00
8.780000000000001137e+01 1.965123221986310176e+00
8.790000000000000568e+01 1.169007776072633620e+00
8.800000000000000000e+01 3.488412730653704941e-01
8.810000000000000853e+01 1.747611954983284921e+00
8.820000000000000284e+01 1.312710389604984318e+00
8.830000000000001137e+01 1.920758142368515609e+00
8.840000000000000568e+01 2.656516526488389207e+00
8.850000000000000000e+01 1.066151322769695486e+00
8.860000000000000853e+01 6.413789235497715513e-01
8.870000000000000284e+01 5.121048745292645643e-01
8.880000000000001137e+01 1.583467869106499615e+00
8.890000000000000568e+01 3.229534821966304925e+00
8.900000000000000000e+01 1.765577970422176568e+00
8.910000000000000853e+01 8.914278996600598637e-01
8.920000000000000284e+01 2.858133929631826442e-01
8.930000000000001137e+01 7.507047665162416283e-01
8.940000000000000568e+01 6.513171382085278238e-02
8.950000000000000000e+01 1.856927701173432393e-02
8.960000000000000853e+01 5.238055192168666191e-02
8.970000000000000284e+01 1.332098278474259656e+00
8.980000000000001137e+01 1.237839257285363592e+00
8.990000000000000568e+01 5.712683627970862599e-01
9.000000000000000000e+01 4.661092780493320542e-01
9.010000000000000853e+01 4.721471069393021192e-01
9.020000000000000284e+01 1.471417136447678686e+00
9.030000000000001137e+01 3.606057738549744429e-01
9.040000000000000568e+01 1.705318933878011256e+00
9.050000000000000000e+01 1.464903438034542149e-01
9.060000000000000853e+01 1.819420124454201593e-01
9.070000000000000284e+01 2.370717414891593822e-01
9.080000000000001137e+01 4.304082568540891218e-01
9.090000000000000568e+01 5.266549948745093968e-01
9.100000000000000000e+01 1.381210523055793171e+00
9.110000000000000853e+01 1.794897002753305548e+00
9.120000000000000284e+01 1.215613129727827646e+00
9.130000000000001137e+01 3.001377750967627600e-01
9.140000000000000568e+01 4.888015596726532075e-01
9.150000000000000000e+01 2.265635975537159119e+00
9.160000000000000853e+01 8.323721750095539607e-01
9.170000000000000284e+01 1.243425138565922072e+00
9.180000000000001137e+01 4.356318340591852079e-01
9.190000000000000568e+01 1.027260373540501481e+00
9.200000000000000000e+01 3.330521400091077222e+00
9.210000000000000853e+01 9.105683562472531634e+00
9.220000000000000284e+01 2.770867531734003020e+00
9.230000000000001137e+01 3.620943426583620450e+00
9.240000000000000568e+01 1.473964650410258814e+00
9.250000000000000000e+01 6.974048264728584245e-02
9.260000000000000853e+01 2.521489778862223030e+00
9.270000000000000284e+01 1.379953146381948104e+00
9.280000000000001137e+01 5.441634242295730894e-01
9.290000000000000568e+01 9.366434775295102710e-01
9.300000000000000000e+01 5.662727612129948573e-01
9.310000000000000853e+01 2.988400658424500200e+00
9.320000000000000284e+01 3.899292302001256871e+00
9.330000000000001137e+01 3.597275704491680326e+00
9.340000000000000568e+01 2.629233398868670690e+00
9.350000000000000000e+01 1.985368731031355027e+00
9.360000000000000853e+01 4.521131092259856321e-01
9.370000000000000284e+01 3.443035165635173200e-01
9.380000000000001137e+01 6.329688718337180831e-01
9.390000000000000568e+01 1.253778387482151535e+00
9.400000000000000000e+01 4.021273972682451792e+00
9.410000000000000853e+01 1.356806133880442466e+00
9.420000000000000284e+01 4.483479682213808104e+00
9.430000000000001137e+01 1.070349258341764254e-01
9.440000000000000568e+01 4.947404753437209535e-01
9.450000000000000000e+01 8.414663151945660502e+00
9.460000000000000853e+01 8.678032012857812560e+00
9.470000000000000284e+01 3.107948673783063054e+00
9.480000000000001137e+01 1.760662588055625122e+01
9.490000000000000568e+01 9.864763042269515836e+00
9.500000000000000000e+01 1.763125893355702134e+00
9.510000000000000853e+01 6.921635093584379561e+00
9.520000000000000284e+01 2.823302503761717208e+00
9.530000000000001137e+01 3.223717125143064521e+00
9.540000000000000568e+01 7.348739361493631383e-01
9.550000000000000000e+01 1.278191249770467275e+00
9.560000000000000853e+01 2.289687974573716200e+00
9.570000000000000284e+01 8.248372111475101853e-01
9.580000000000001137e+01 2.123347095113409244e-01
9.590000000000000568e+01 5.408347317129479359e-01
9.600000000000000000e+01 1.966977741869163410e+00
9.610000000000000853e+01 1.169408700994844708e+01
9.620000000000000284e+01 1.939629938049002433e+01
9.630000000000001137e+01 5.610262368596507621e+00
9.640000000000000568e+01 8.448941407429174433e+00
9.650000000000000000e+01 1.108126699830060069e+01
9.660000000000000853e+01 1.355383057425856741e+01
9.670000000000000284e+01 1.057544078262572285e+01
9.680000000000001137e+01 1.588701439467680920e+01
9.690000000000000568e+01 1.348795702026058052e+01
9.700000000000000000e+01 1.226289625670823824e+01
9.710000000000000853e+01 1.442669695958998588e+01
9.720000000000000284e+01 3.088279978218847699e+00
9.730000000000001137e+01 8.668336798333172055e+00
9.740000000000000568e+01 1.795126850827465503e+01
9.750000000000000000e+01 1.810741592887405105e+01
9.760000000000000853e+01 1.450693375837526133e+01
9.770000000000000284e+01 1.211689171923678643e+01
9.780000000000001137e+01 1.907055595353480015e+01
9.790000000000000568e+01 9.274203586640092922e+00
9.800000000000000000e+01 1.647890567127156558e+01
9.810000000000000853e+01 2.665412937537090343e+01
9.820000000000000284e+01 6.878745341912403433e+01
9.830000000000001137e+01 3.183193111688697030e+01
9.840000000000000568e+01 3.233361085354486164e+01
9.850000000000000000e+01 2.878639917743710797e+01
9.860000000000000853e+01 2.618240367357641318e+01
9.870000000000000284e+01 2.157801075856625772e+01
9.880000000000001137e+01 3.116171961473415308e+01
9.890000000000000568e+01 5.046139617990910864e+01
9.900000000000000000e+01 2.487020189540506010e+01
9.910000000000000853e+01 2.220962191853027434e+01
9.920000000000000284e+01 2.881646238179344977e+01
9.930000000000001137e+01 5.593684532935570530e+01
9.940000000000000568e+01 7.320952323166241626e+01
9.950000000000000000e+01 3.244147182768860915e+01
9.960000000000000853e+01 2.607449945543980263e+01
9.970000000000000284e+01 2.420802188922606746e+01
9.980000000000001137e+01 1.980380291565654005e+01
9.990000000000000568e+01 1.694889244032399844e+01
